8495586454 4676707987 8771751353 9808839832 0732770178



0462499327 8618880767 1330925433 8928428954 7339980467
8267914598 1967469019 8306839892 2634392903 5718573309
5966285388 4503112265 8632570149 5178443681 3918535839
2042964337 5838949238 4812217565 5021035540 6710582772
6887575137 8435979790 4449145269 1790592703 5088146718
7781681401 4900991554 6216901425 6978035035 9587247391
4976161903 3480456499 1698043894 8284871605 7330970807
2050466548 0348755712 3331222248 6247330163 9986713795
1278867986 4381025542 5604253579 2751624131 6245495529
7310236459 1993011349 6142952218 5316982957 1040685148
0382213988 8376963907 5814255195 7119935917 1118755087
7596254773 7751359233 8703229940 1391763658 0370678440
0859562468 7639951401 4714572246 8543401280 7858564304
3939470699 7121975940 6459214429 0107129319 1405742653
3471341641 2866451075 8564588123 9511401177 9550807321
6367810160 3734337601 5731556349 2556593937 3671656193
5500458810 7322335593 0244825696 9965558388 3053413186
6761689980 8566682827 7132356870 6812262548 4629821031
3176077180 1239058725 5347242047 4152001617 6660218058
8246194966 4874606456 3878996315 0712442915 3884042324



5075603214 0477624258 0365260920 5191482910 1027157745
9241426287 1044559729 2699956501 1286066885 4627487571
8766506696 9779602823 0413811084 6930878716 8483579092
5462780349 4426425458 6120459971 9960800316 6303479589
9289456325 5312542534 4317399853 6945980583 6028674518
5081053313 0476475285 3762874570 9777767541 3077142430
0232534740 4093030694 2182911681 6439039165 5747003216
5881100062 4207185247 5797469805 2765170972 7451530250
9461865993 7285040116 8149577814 2596361240 1478096837
8688851125 1471276223 1791533148 7044871205 7937765503
0401664297 0150767388 5504773832 8881787312 1246007452
7612354176 6657688170 1011494289 9257349101 2356466763
9625806511 2713396498 4228245027 3056693708 9237358164
6095356116 4343750565 0299631516 7974534093 8235328999
7025627180 2165624362 5511798697 2162498323 0956587196
8296025466 8065000046 7162224023 9665382418 5505730658
1446063590 5595549641 9820113969 6528443930 1573931052
0628308914 9218063428 7155353700 5900350470 8646096354
1097884106 0965660343 6535444906 1700707899 5831805614
5339065047 7052743156 6417609721 5179194892 8336481286



6046083530 7188194805 3442177304 2360408411 9157616446
1309136759 3152863992 3396387054 0720547988 4795798861
6996218064 4201535353 1790044765 2558227276 7064593635
0572878042 7573485589 8768296689 2335724288 0868062463
2489791895 8416944579 0029592863 2288829382 8009160324
6063532023 8223124737 7367874061 7940901041 3815330576
1028300884 8864941592 2557543809 4606302586 2676989173
1846156393 6799577053 8251493415 3048349312 2434806333
3168840269 9767024473 2749061897 3633454332 7828082077
4402667097 7817820783 1208572634 4560947085 5485214265
8489101849 5735031866 4217482298 5673406328 5256420887
4664253405 3395045023 1027544934 2901916000 8441503984
9520215325 6001639276 6936647780 9584126560 4290645256
8061709558 5204187128 1481347434 4515393746 4754963442
2053892610 9954944289 1463675389 5787605584 2484190258
3118172885 0215885837 8806898930 5945215392 8137465408
8777536100 4235101493 1084607654 3290946086 7969100188
4038416225 0090888837 4112448306 4612377523 3176545420
1486843335 3152580752 6673468582 1776462554 7987715800
3780737152 4124840869 2569070492 8900666781 1402797916



3653743339 5145161411 1072264561 7628225991 2478849099
2848729888 7052980830 6524599355 1737408241 1336775797
2723356826 8033781163 5754998347 6669908238 3781455439
1621551285 6385576818 8044803432 1321029394 2162408135
4802623088 2224191231 1925661205 2550161349 8997753721
1303331839 8096362166 2471863300 4541360033 8330530579
3860790211 2932032887 1749951452 7204506239 5800542689
3173481835 4080848734 7093887388 6190102136 2175650259
5911351442 1270210116 4809309303 7494167291 5936245687
8600346602 2400339535 2251424491 5160604299 7647942423
4983779611 3498665910 2717829299 3124652842 5630398244
0607897986 9734206039 5170075318 7578630616 1264714500
1003208115 9416960435 7882471847 6564441351 3385091862
0897857462 1805394727 0574914758 8858463426 6518241468
3879858080 4824882080 5502019288 7763490205 3551585624
0018934643 3242686366 3411740303 1223423717 2519433745
1401469092 8714729058 9015061523 8956228461 5203146170
2617566758 5862095154 7768283562 5450643162 6437458076
0714178578 0027587608 0483325967 5887885318 0959596581
4816008065 2129817919 5843985925 2951844584 6927246647



7076091516 8517463856 4718762214 9193215623 0101271310
5284450748 1070026502 4464178587 2435677992 2130399652
1838279141 8482652816 2510461472 1163047907 8224202348
4217623506 4391415298 2300554362 5701476369 9588784501
4405130574 8180118673 0872375965 2465204643 5093431303
9666558562 9392515681 0381694666 6203136394 3991734489
6713982981 5627411988 2627235109 5251221821 7047506862
5339926753 7797846680 9995420421 4991134354 0701022056
9268199940 4251665893 3928498565 6673473325 7949343731
1852048961 4803989074 9110350313 9468334077 7866936873
5475491107 7611269470 2987821125 6476568149 1566691909
5529367320 5595772792 9512982090 7151577300 9178847796
3374300214 5803603144 7789062007 7155490476 4805424270
5131677668 9353266943 7359097224 0083159402 3758388314
7635421404 4086042129 9577016536 7296599020 4836305777
9854577067 0281905871 8648306138 2527527860 0758790702
4358743812 1184097439 2908362239 8912538931 6731842659
5596595484 9588145573 5273119107 4691798283 4574376785
8841443980 9369945323 2606572599 6975882421 9293587914
5436934910 4390422637 8176755732 2498731475 6957013416



0414988729 7960683857 4148390973 8944823408 1301095658
3016594628 0719178447 9826332845 5536359745 1218726033
2535781792 4068700106 8616506202 7823681063 4292874145
0813730609 5489089247 4450662277 3308385268 1090209081
3243131511 8495335969 6898903910 3170864371 4328426824
9064812666 2406926704 2133671604 7057426553 1382424342
2085609793 5006501412 6838867933 3024186546 2230747202
5320717893 8050317199 1787349112 2677621899 7084782360
8111600798 0195606821 3562664092 4595140594 1919888659
6052780459 6189879889 7812460445 0752043911 9510874257
6253503374 2853443599 6680254877 2112938561 9101220742
9651120888 4295468554 4392519090 4093459699 7623225136
6844939593 9143105822 0054977616 5119323633 5578447738
7007275167 0887701833 6089731053 3306167400 9407487608
4857287050 2540396522 0624984387 8079142123 2920380618
8310481723 2109300172 0191485125 5372112309 1515719016
1271374065 3683546403 4590901751 6919077376 3122126257
2265866454 9644959123 7496183719 3955151966 5045731490
3486981404 5381745736 9758982275 1137745630 7867235621
6976682523 9245298159 0467562185 2858455891 4530148222



6584053595 2639098539 3717661971 0158783873 2782383755
8472442882 5363726210 8186657407 4402013077 2139829403
4324598455 0348898469 1608935046 0604602972 0752430522
2505088484 0981344559 9990758681 3154752220 4656145766
2331404526 3269653527 9292379792 9373929190 3748696719
6463071806 0724784747 3965505170 9747509660 6260234290
3764684445 0582247222 0213238638 8557145132 3474982034
9966040662 1177777297 8606443414 6736621110 6480533161
4307054651 6482946603 3764356209 2912703240 9021043510
2759540397 0654729979 2721089618 3967315084 7030362204
9840208056 6869922524 6595358373 7496013314 1790035370
0524645605 8694776746 8897309441 3691010744 2020272238
5751420522 5470819089 6349914219 4431740411 2374851728
8954308018 4574091031 9994611280 5564334422 6228957934
0517365029 5313360283 1432970249 3656220118 8073837965
9686693856 3040365542 4493757197 4210249374 0570193694
5138482569 8600195321 5162568971 4018351165 2549600636
0110312028 1995349670 4616097462 0829177365 7299785645
7130696516 5001622777 8852738340 7259835596 7397082404
6315259176 7380422974 3178528315 6494449545 0369564011



0936985581 7985115027 2119159176 3800482965 8130789859
4703973120 6537802032 2760344162 9732969801 2059066824
6901430294 9399525015 8989047710 5080253835 1571584280
5178152642 6400657458 4027917036 5562834115 5199917788
4995168857 8980881405 0968676482 5608157587 1689213785
2614348240 1986700859 5949183437 9968727493 8039243990
0124089292 6764545234 2219220757 8413785334 2487883353
5474932468 5978019743 0738916781 4296105044 4496628579
7198684931 7044974915 5067552127 9111615838 0570696819
6572594815 2986672133 3525808676 7899959649 5159606109
8889306228 8696613263 1217557575 8648326279 6857114153
3502647214 0795023598 5958527648 2031363986 5562813744
7612938148 4774020225 0445085912 1825095624 7790738896
5494526502 0370785100 5311569656 2202984993 7475086136
1904397629 9599031311 9008043197 5245809400 0091455821
7454526625 8052740399 8131693257 0018276842 1722318051
4068200502 3092966177 2701854460 0370433014 3234525164
6866456105 2172069290 6036720273 3353961577 0828488823
7288135889 4045344902 2699453876 8784657248 5781928755
8201702633 4879541782 5355455575 4906825006 9979739505



9504613420 5343092698 1905725531 2303387133 0291285031
9228135696 3960128385 3455211594 3569140977 4601581987
7741238198 8958667271 1142729583 1082708986 3920462180
3453794556 2433971856 2497127140 9579259619 2307818840
4535552979 7774221068 8936733885 5485881072 2367687848
5938225154 0354409948 2252905928 3484780136 0135009151
5811453292 1442353962 9875548306 8015588531 6596656339
4478186222 3936580697 3126128512 0024220474 1143375961
7769910633 3914637580 5203581547 0306229527 7217035148
2123853049 3265705844 6113196562 2545238528 6064449330
9181674712 7236972720 2950026266 9493867606 7390723574
4132686071 4781306327 9625225213 5834514617 5319707352
8090113543 1467773945 3471024006 0895178155 5830757211
8215079950 0558837744 5473192612 9253830499 8174304023
0702238909 8160761531 1099288865 2872560217 9498866339
6420618209 2131604317 6801177815 4296636735 0787241918
3405805978 0194136413 8016285792 9818320868 4244469747
6095946754 6593513927 1920270860 6667009644 6912642578
9697600503 7528190966 1537566185 5458062643 5229492165
7908349843 7925743197 1587706468 6820018182 3204868998



2564563340 5013849665 5764029708 3448061878 6696893121
6351339668 7831362351 1774979419 9305482289 8661904006
4715435959 5792275442 7777943966 7263372974 6627797753
5731960843 4724918119 0210119294 3925903802 6026484174
8444782005 1685684303 4661441250 0612254411 8553603669
6829948065 7213953513 3407886924 5327059129 1498280174
1121071884 1342687878 8829800210 7119318415 4769063232
1330356647 0428019983 4162572610 5167041311 6849386770
0277509498 8441085136 9316956444 8607593170 8354676736
9017773894 2973154551 1459227701 1103608430 5577182412
1223403292 8229874439 8644640191 9560923000 1439499345
3060442579 9693849177 2397816149 4511312042 0486863791
6752530634 9006652395 8044028984 3539255578 4845807220
0332029250 3465974481 3261401733 7334841522 0872649858
3672364880 5643312830 4693053048 7353905968 4897769410
6624899681 6465510182 5562769089 2330654374 7477325157
4823464207 6182693720 2001112884 9083740841 5666378790
4917715791 6261744725 3356921102 7963136363 9619333830
3169096058 5634786515 8364104095 2185421892 5393845365
1900094568 2188235121 9678534912 9074727334 5761908795



2770071453 4296428857 7789197970 0517737331 8942564746
7787059514 1670950151 2543632545 8585059092 7777223574
4136906107 0592541796 5794073644 8940133684 6212597403
7769436292 6710786480 6916569414 4947649627 5547975269
9750611239 2906590555 6029980618 2775792321 1986904515
9059424907 6760144944 3302144753 8110788616 8394173626
8247379536 2048578667 3661943401 8375399507 8873570769
5697363348 9060966234 1520330327 3664416840 9155972675
0606818691 9542897295 5496780074 2088808731 9998422933
1801642263 9183011407 9597049126 7195672661 9387623534
2306778374 5037399215 5604973161 9654537918 4136237601
3666098734 3740561564 6163459852 3847828523 3197307913
7019825090 5853269294 2864012889 6615562366 5336680867
9676269021 9338587009 4706204085 0270178945 0516817868
2770319342 7843070164 5193131391 1485790961 6968441606
6209283732 0833387867 6414883913 5298925848 1845308669
9758841288 9658670242 8755687731 2359003496 1649957608
2923775226 8936555707 6354134082 6557724889 0243575485
3975257909 1134201798 3026115347 4517489394 2282388277
1044974234 4359228203 6621472973 9913674036 7101215970



9430824875 3447698010 6697699031 4194078502 0801000638
4516220354 2748953285 6955258016 6987140127 9094554658
4468531729 7663885922 3272280239 2295725516 2170439537
7986809188 7085119555 0148345006 5354205895 8817281907
1594632777 0613634760 9047316518 4177320017 7627496686
1929830048 4784222251 6625268124 1060317143 6519456728
3488928109 5890446951 0765410361 8988534832 6694340218
4793134763 8061335551 5202360217 6365618271 1315453253
1524831850 1600255035 3002350998 1187456840 1397841324
5041292489 9510635618 8398860593 9985186066 2669837430
6821560893 5364080372 2105692217 0621065402 9033468957
1523900667 9969843981 9719944948 8473637992 6562713791
4408554512 6277376803 3692487909 6474511063 0943048104
7440825975 2902764930 1909961828 6720668008 3812477082
8042534854 5154944826 7335177099 1586513972 0744453559
6290620297 8965148227 9964382284 6241004949 2538096631
7158494746 4968773242 9417148601 1775792546 4809222939
2563484734 4849734476 8767897255 1867684457 8041930104
3588384787 4498471915 7546612527 7421065198 3403688768
2177098564 7989749664 1796375853 2760889483 3993789803



8693590500 3885915004 1822476926 2139163222 1151170732
9740757299 9505921614 1953417954 5395648258 0695755819
1410105474 0858366976 3889748544 3567038088 7776225342
3725236685 8625286860 7011120737 6644417703 4759239022
0540292118 3363592076 8287468191 6357344362 1225846855
1849117378 2814989331 7329432868 7866734127 7094195061
4067843095 5963466118 3009377235 5931550084 0818820429
9011125362 5495158658 7987779332 0160602302 5399639582
0888578524 6406838930 6031488155 1188185106 3392801380
6882947755 3386857687 0062873818 7175509620 2301678908
2957729937 0394812355 3225117730 6514137747 9705343893
7964519477 6233680444 5661037728 2423774640 6531747191
2285508752 5701248555 3034958425 4775511192 3104174126
0896041764 5304738448 6184959876 8824455494 9742237079
6274252261 3785956150 8152707173 5522514060 9247146628
7707657592 3280000636 2366178185 1820146612 9968973204
5067019387 9122339028 0196792848 5764215175 3605032428
0495374126 0170275740 3030534227 1641863949 5786000064
5995239276 6917288951 0347832507 3178136744 2373727643
8574252177 5361860499 6157784516 4056212512 0075711268



6925439127 0548041741 3062908526 5480196487 9811114373
4157554754 9991708223 6619650715 2797220508 9698520513
6490535547 2784482972 0710781457 4514568460 8611157295
6596317579 3886474842 4633163765 6494481161 6192160462
8737029040 4097536728 8613066251 3809093509 8491430915
2013685940 3499036297 9313644033 1259011869 6488012087
8666141208 9289781050 7017559263 1593289475 9333535558
5396153573 7486473277 8846929005 1483756269 6456927138
3010871929 8422825611 4413262879 6930855435 1482195929
4806708059 2226824590 6695987049 8056520226 3218860004
5813384821 3383801071 4011937050 3199986558 9124946066
1314089799 4650450291 6697723288 3060195184 9785565324
3552234794 7617679257 6544582052 6605167994 4760722705
5026040253 8069305498 8610650921 7465565888 8730178883
8412895999 5965915932 2793045738 0841437898 2357797812
2166391540 0107412133 6095716896 3667005748 4589520547
9261619617 3666179668 9247300318 1633077684 2912398177
4002938069 0464820050 5930567210 9704707235 8576276559
7152866857 4058099115 3560586905 7244722420 8349859427
0765145780 4339879341 6795768137 9636208339 0395083293



4495580595 3637604854 6223113625 1679236438 1354247748
4194804358 9332145988 1942136057 9294167412 2615999836
1085501672 4402649352 9026929476 2413425825 6387230319
7435078616 0646176951 0121854106 3220308171 6611241488
6764403388 7297576584 4395220221 9610073743 4541485089
1687133744 2678359527 0561315212 5262073869 3321830593
5658930621 0304929209 5355381454 9511601214 6419843979
3903718964 3986934878 4158909220 9093907042 7578219059
3570943076 7237024389 0053453120 9670035089 6192224298
8160876864 3298293971 4882496041 2446513280 8211248922
4188331444 7492688036 3423918296 6671662822 4156781839
6752437966 5967458116 9914928136 9014502279 7801359769
3138653945 5472068457 7771745913 8536178479 2669537103
6950896377 2279061281 2365479157 0888690766 7689081937
4934061036 8410673860 0541100262 7870087470 5947106586
4514391969 8055970695 0556505015 1233936665 8905717331
3364476421 3070656757 3199190393 8811893825 3075210882
8595161475 0680946883 9245740011 1354702747 8698216862
1274321497 6651883003 1960333456 2235534421 4173681170
0595766349 3676223290 6918488032 3734519243 4912465665



3297182384 1739691986 5871333134 1207105170 7368341724
1234472371 8672494151 0842704961 5549503795 5015287382
2486053846 0676720392 8758686262 6169843822 8056015875
7866830925 1223040159 9897538489 2283600959 8075215949
0258074717 1577353748 0669005001 5349853590 3697672297
1043715921 0984693912 0490542624 6339608550 8249182328
6584393402 6293826856 3715259623 8947447178 3369996618
0201154788 2499133236 5221595665 3404857011 2325827708
1886215013 0715779346 0027439516 8927524355 1823962408
3915012347 3924668651 0022276735 1541533981 7443806293
6818843187 0219539467 4578806838 7330450266 9934820474
0930850952 9400887069 5181863254 8354824966 2607066502
4995646819 4106470407 1227311004 2154418554 9123163407
3401961809 0749872367 0338997499 3439243991 6588065128
3667905641 6957365216 0502822448 8521757361 1331742947
3563577483 0847833098 4929574305 7306045041 2840297114
8973655233 3702529333 2859341544 8831374005 8107262424
6477515535 6118977342 7429425968 4019406813 3338141610
7490916404 4307805277 7297700938 2768736682 6928083628
3467725910 0328412812 8935787611 8865330379 9439157109



9173130876 8414829814 7316743892 4150708123 3304663866
6526885171 5228773495 8086507090 2110271308 0114880705
2510861641 8161525567 4817104786 2194001056 1280013464
7100048960 0816181363 3986131437 5953783573 4463470097
3802239706 6733317884 7121742166 2379783395 0508494584
0564804300 5911201841 7300502241 9629811376 4325550862
5993667297 9212123968 3362625433 0792019745 7555379857
7860333993 6113973147 9735858804 6748266319 0555031714
7510740826 5754553845 2600524391 1716394798 5454385464
0477445274 4423208201 1580589401 1041094538 3309204755
9831301278 0340587673 3811345178 4704239620 8849358293
3994762948 9274926307 6151959475 8086352305 0039063526
9755089737 1963214320 2797580886 9585297731 6219835944
2566894666 3498655664 1828527840 5307103946 0383705531
9530705781 4332061654 8372087637 3054215104 9819639823
1622394615 5540162448 1922748898 8991548181 6161014129
1114223327 4248071051 2027849723 8490440264 2968076980
3440316010 1365988085 6422960754 0695695571 3350800535
6595188841 4562653198 3654599814 9354703533 3965788049
4761273209 0048553113 5908697471 4535368901 5718969841



5775481177 7941076041 9019145652 7288840405 1882795084
9008264536 0132429152 2888893797 5199955998 5968288936
0891127109 1030997306 7570621865 9729673463 9843061928
4295504292 1054669160 9154182803 5178323684 1552181865
5679634071 1124306438 5515415624 8975176397 7188126209
8408736098 2992383637 3030275059 4187706262 6357378481
3688683682 9333969889 2774446869 6966294996 8966027691
6003698605 9689047184 1716000197 1841236265 1997930127
8741913927 2279869802 2724595229 4015243220 8404817539
8124008257 6371360670 3033447765 4114042743 6996205412
5145048270 0210515174 1189088254 9260977472 1462055366
7790075520 0879989232 3465359252 6127377276 9545671215
4449995014 8452685432 5974087574 4450235595 0317588809
4678670624 2795049681 2231738195 3193469955 6151004209
2153608326 0321530691 8572722599 2986003953 9254734318
0646477064 4415440963 0859833209 8942811738 9795068274
9552487066 2827328053 6479247410 7235461194 5944265379
7874986979 5964322144 9501435206 1663273608 3387789574
6269008896 0941621373 4426382002 6765753391 0341892476
1056359888 1700835396 4495585219 2240769813 0525217319



5013237419 6453428976 1658135407 3313026303 0285478022
4851925520 7832323745 4832679632 8907125627 4752461229
2929641409 4248502905 9474155759 9275124250 8506996634
7353764294 0738391820 7419091625 4160972844 5916256144
7272170590 8293857676 7130454384 3359908261 6086284671
9632875160 2860804035 3472085362 1937494941 3665519915
0853689237 3512748507 4294814451 9654169382 2917931530
9180378204 7287223894 5587726485 8456583583 6888354176
1056472125 5643864015 1856876957 7988275174 2224347111
1552623436 9721170763 3450466532 7247663342 3782119587
9117615783 3972287470 8451279886 5992451832 7916414459
8280214437 2701894626 6803579233 3375174806 4104993185
2188455068 2118360856 8975632511 8138750460 9424195574
4326397198 4310789277 5247235667 2288395527 3552360662
2598788598 5396328772 8445468369 4923676064 8441227353
6829219132 4554704074 4216668206 7461265670 7964301200
5535159904 7417085461 6373362027 0386595227 3806423126
2187406268 9090399816 7108615021 9582650064 4977817357
3185052157 7151608476 3131429710 0682482491 3916249289
2556126384 7673862182 3334522830 2857013815 5437476505



7846569058 8394825313 4199813962 9573625019 1985710580
8466792364 9110592908 8055068338 2177183709 4406269993
8269197068 2447053200 5794540835 1861003661 1615609450
8242398650 4199873162 3838357466 6454521887 3590261219
3453160485 8339212666 3772506208 5190546236 2373373281
1425816643 8424988979 8596679541 7592003691 3004537037
1962753606 8718301376 4812127410 5614824487 9598635108
5005487349 0298447752 9757534939 6655307150 5515441039
0938653741 6665215918 3354997382 5668932645 2686208235
9621402396 3409712242 6826870025 3395582693 2243805998
3242690845 3047814199 1498931107 1015716947 4955576352
1945874576 8629630183 8990582420 1278786755 7969347231
8503074461 0603483914 5987949779 4871139135 4629025486
2822249743 8944743868 2661643606 8318124885 9872326879
1076616230 5380086029 2158338144 3284532240 7462355418
7998881747 2381285359 6838289500 6202252464 6357316108
2663603643 1485635531 6050499154 1441308872 1541443317
4525373210 6513961197 3306948781 3913096873 3186136669
6193940257 2004993080 9999534821 9427655878 1132352187
7812457183 4239764680 6973069793 4060813830 1890778537



9227621548 4664088231 2642981642 1239417456 9713566615
3982555543 5294981722 3901452223 5919257419 4314642182
6647768886 6772502171 2329415228 9784461629 1056628542
0071453883 4167814891 3456674450 6929129063 1913561846
9153315855 8135076487 5413218594 5574577015 6486652616
7466208580 1070023556 8168758105 9596769989 0198547270
6417531288 4874941390 7086642080 8062769445 0131967019
7033551810 0417192425 1364427448 5219781537 0357770961
7978036554 7150100641 8180502754 0735836312 1007584869
0420360453 0637430343 8876152382 8983557372 8526027901
0965811358 3990082025 1064150068 4886037785 1451703993
6269383226 1888230189 9591271000 8790754166 2874832239
4452285023 9184867913 8156920568 6354321704 1633586370
3532435303 8603138245 1788944252 0080485301 4804232640
0652099629 6009664177 6937613082 0806870201 3088347209
9991664558 0574702972 6506424859 0310071846 9895310690
1743228378 4757153675 0984970434 8348205993 1223224751
9854853545 5451980842 2814507464 1693251741 7116603293
2667762278 1908348972 2751003080 8975252050 3024664935
1264612784 8908741183 0385877998 5696639063 4505200221



2393452668 6579920442 3861484757 2428901051 1432888381
4583700148 6782283330 1640727611 4036941362 1157371699
8560584173 5445608033 6888906925 2435338105 3971593150
4525920940 1288682676 1957851131 3238397636 1566212857
6482640972 3566892206 5045948831 7985864101 0564381869
8894289927 6314816131 1411978394 8514389640 2016161447
0282221756 4827342006 4615301617 0156730451 8618437705
2127062573 4225871506 2895985488 6176205229 6168865652
1583778424 7149479866 4877070673 2481799084 2497441413
0307727812 2172757039 3898531076 6265694827 6197633287
4465960455 9350180212 3231361682 9469105165 3679961314
9656188142 3079790028 1970207530 7204137744 9667453062
5110784565 7924638003 8273856860 2245895406 1439361499
4048484286 9698064832 6210846438 0743336558 3986880899
8847151429 5701014512 0549668428 9667486610 1866876512
9731396283 2144102683 4165860359 9114389318 0762564434
4609274750 2825373247 2243963582 3144186618 9835337323
6916808695 0292204814 3623720481 2347239217 4822684291
0666117849 4353167259 2385041053 7793110490 8157295800
8218904109 9653740522 9404620198 4820594719 5654684300



7682203732 8399061467 9207880313 0621080742 8878267456
5222795103 9753018549 2450108066 7143565220 3409852097
1712751588 3904861311 2946667339 6409924349 2647162312
2346056816 0044054572 1462865662 5616892869 9746838216
3390433176 2863708095 8285081909 6974176212 0740550851
1001815330 2081718136 7176854348 7272089172 6067431810
3868754990 9642874280 4106528574 4478313994 8749789244
3435373201 8837509779 5346044005 2811978526 9275442489
6325741629 8794288255 0607639516 5108387117 6646737663
8752697508 8379398903 2883574021 1229563543 2087437414
1624949105 1576822711 7417711932 2329453919 7409213659
0860000476 2024328188 8116116364 4928715559 9082998145
4358403717 0956530527 5679006103 8582200502 5774224292
5697737322 9660938546 7336929449 6815432605 6858234085
0739091504 5923150813 2267678106 3632505958 6274551489
2282856540 6945222105 6355802862 2416764055 7695260322
1833562396 3739880801 4246118755 0546095550 9412272002
0016673290 7897800070 9638482831 2446295596 5450221207
4332643657 1869713451 4468968889 2295108020 0162568079
9512184131 6098330970 2178276860 2448714433 6131445923



2060147349 7481486913 2077424597 3643394920 0730885748
2067224118 4792682405 3304598692 7545897072 1315458415
4047723222 2083920803 6324127217 6311628918 8164339403
6869317135 5826800063 5173209745 0524378305 2633429820
5158572929 3729065144 0822520931 4003833442 8600943717
7696508292 9411189712 0873707840 9355275475 9466760770
0739582996 3258388610 6737450792 6180433067 2514053521
1613376789 6036538579 8503221845 0837234572 5893974482
4492032873 3860279920 4201279950 6284586176 9293493474
8645046491 9686353383 9144956932 9353499139 9224536641
8810063103 0710950568 7734454230 9645895436 1418630876
2414944474 1986669834 7713405300 9577978720 7929146238
9626390884 6392996906 3931016383 3638321319 5393793042
8049848759 6279495977 9336483584 8003784161 0186331741
4981336434 2738798030 2577970218 3088650364 1810622157
1029282021 5871814456 2664355191 2892390746 4494910427
3596927665 2311469566 5844581811 4476377375 2350128593
1265925760 7505565019 8433567754 3209175069 0113587867
1619549365 5202913909 4377173320 1558080722 7333191001
7793165196 8154228088 3705765075 9883759702 1754117738



0871379853 3896289683 0262981628 0553011075 5775897853
4823854812 9828105014 9628858871 8232218048 8826018274
6164487902 9172841840 0029367469 7066526008 6282843883
0881335633 5802435105 7763528593 3515444380 1010244994
2174781896 5531884708 7378155223 6440714542 8295483213
1189537540 8182160748 6597977762 2791023082 3364843617
2336602917 1933992616 7882868980 0578911911 5696128611
3730404222 9962444456 4522881179 7471536635 7914615049
4381217969 9911719553 3929154679 8588856908 2819110314
7183811299 6786565145 3059679813 1908004221 8270900569
3044807483 0083456425 1502360936 3752556383 1935174270
3436292684 0234776413 8990390433 6235185135 0263930095
9664448987 7604174378 6038172342 0607907143 7119444753
9522843551 6778885709 0934059098 4262800755 5002487258
3065055751 1259353896 3151718260 6584600128 9326829742
1617913081 1687821272 1039217579 6983370070 5560047926
5997432364 9525447559 8623484474 0409617147 5662882753
2509173759 1546032508 0960114432 7041198731 5969680079
6893604075 9775018037 4094171469 9818850466 2898263050
3406281730 2823197991 2553091836 2807799251 1330655577



7258958054 9721937547 6854503466 0721841155 7053096747
4247232869 9207294954 1768648905 1896687507 7362184297
9151157585 1590669815 4334699735 6951876553 2300615728
1995740879 8433268786 5483877037 0483886796 9634471044
8810366625 5295862834 3438480462 6781221476 4251660197
6422702036 2945087987 9092306899 7762622023 3634117711
8201539905 0173071493 9961155484 0371522826 8577998385
1093840045 2826367576 1260563984 3913529408 7394557427
7648499241 4146858242 9138579177 5623295402 0168247866
7600210215 1382666411 0130042178 0062344321 7919523686
1776961388 0500659250 9070252900 1557499487 5260137231
9426962837 6917390123 2800260299 2780683106 3027349010
1100314067 0779004579 2769827931 3684945163 0895091829
0483029650 0190892833 6498837214 3961807932 0874232876
8068649099 2044495073 5986052895 7211699519 0404083389
8408356330 6643854128 8900714754 3866567070 8501846953
7900325716 4362715713 5734722510 5929586511 0984068456
8971565825 4557256333 5559457657 7747618020 1568378523
6403149785 3809831566 2531858094 2578510581 3904615465
2480727198 3290957729 5805530088 3576439354 6571457913



5927674664 3254483845 4558273091 3986167177 7995943499
4550317477 1436597966 8345645423 4578234953 0220337939
2308962273 4428667174 6679865568 2537325145 3774300922
3721202753 1693856659 7761078235 9801886307 5075604083
6771274187 1458966983 4570275384 8703603042 5842802127
7883107135 1132772777 4992046483 0373404864 2790225836
7600773900 8365615912 2196628426 9036366602 9854323536
3179945147 0339639496 1386871671 7763056546 0918856551
8443445168 9033462458 4682912414 3175358657 4989124759
5560896040 2921553939 7744642887 7279516223 0612464779
3088265423 5748010717 8091527740 1654871046 8265535703
0989813108 3104309486 6753941511 6316766582 8140370086
6865547643 8339770427 5712504474 9221422969 0806227876
0854440485 8813995712 7475613019 0263751507 3878311885
1441005371 0314183163 4743367511 7492320531 7682583915
0342354505 8602263058 6870277924 3229691617 5459534404
5744739971 1712119207 7899158121 8062470944 1550694727
3514012345 5020462906 7783378176 2141918901 4690880707
9818100673 4859396797 2669348769 6523832201 9108208731
3696579981 3776062143 3456083913 0799199491 6188426151



7662011516 3301336524 0268650603 9217254034 3455286751
8082580104 6290582083 6468110735 1833729751 9614561225
2537135677 1188784251 9940235439 6224247751 7373345353
3891507262 8823213219 6100844063 1515479985 9952158888
4711599783 7510010625 9724395444 2905647837 2428271127
6886130872 9717667450 3877844706 0504981792 6326301121
7932857796 3021341729 0584506938 4231278574 4709828199
0368933332 3225245658 7848649909 7175032022 1672852149
9882775465 8306559015 9584351618 5552054897 8267361357
9627957493 3052201119 1610842080 2369961389 0043993283
5066345181 6407683899 8792241323 0641588672 5004798621
9148727609 1383655534 5671757845 4745567604 1291332244
6095514831 2535361128 7145210743 0436355478 9821369772
0092793013 7261704890 8280393909 9983557408 2898005613
0326328048 7840702588 0190853877 3031881871 2730746136
6420509108 7496124190 1769134499 7077457528 3633978323
1561103564 8212470903 5953681610 3938413756 8833771578
2793829413 5462391627 0576056022 7177983532 1108182513
4419902677 2861049687 0350607337 2089355308 6400814265
9916508722 3597269462 4860483666 5891130395 8507510474



4947269939 2645264605 5226651892 4976453080 7213109352
0962315760 8488311382 6036479166 8246800841 4223588777
4104611556 9322707887 9326874361 2837957576 8538184074
6778209846 7762736724 4691118916 5465543048 4797104215
2397792892 0676389663 5896383566 4180589442 1474539622
6231753265 5797252681 4663117697 8012993711 0982453405
2292709330 0399629513 7144383195 1350573178 8056663961
0421225778 7252801325 2838483308 2997288182 5074988518
3147176842 0564258524 8475129554 5343386763 1293546440
7773405000 7219968380 1405226959 4709199118 9551884053
7007723165 8195210530 4731149144 9137585879 1465623887
1946479845 2652848026 8964713172 7151501040 1260230712
1222879224 6888113632 8743346672 3782055811 1794202721
6479225653 7042244877 6329697012 9276913150 0425202259
8108009997 9885590235 6890432902 3147853873 8724020947
4483853941 7783679432 3325613093 8177205017 3430979624
5324951033 9055541937 3115567810 9600573604 6904087935
0621298748 8240528497 4393964694 6584677743 6237028014
1430030440 1661790116 5797602697 9051136930 9091941300
4043992505 6649562424 6838020340 5089480290 0026376220



0578640552 1562274015 5388028003 4689559175 4312762186
1314760525 5689989509 4989323834 7287908253 9984234639
7579120047 0117076564 7978008566 2647461192 1493201815
2685676334 8584378214 7331176775 3820642489 4580965820
0413472695 7162370383 7207793565 9762005227 8022518225
2963200325 3692765319 8445965838 1037550792 8342527858
2591745643 5006260843 4416311297 0195537547 4851856666
6109082130 1768897917 6081186745 2945298815 7107661286
0214031901 9653862395 6291513139 1540587849 6630720194
2185802070 5480546447 7547695567 8720896015 9717907361
7241406114 1977276502 5290138599 2813531379 7092560361
2068498388 8215192251 8132179980 9333597821 3175107048
3806021942 2357710899 4591747051 8247086038 1957578800
2816155616 1166585331 6284726372 8589024423 3722087246
2933270283 5317492841 0044347263 0417990086 9416928737
2227838080 2882663780 1392053292 8677292804 2365659125
6451489454 9289320084 0060968418 3178390593 4902376205
0002243391 2426191828 3291801084 7706957415 5867364119
2801283496 4582068331 1575462623 3916641813 9061988522
4573436830 6773983610 1046423164 6413313553 2352273752



6644533820 3004095510 3219288976 1040287882 5716543401
8178388741 0155412948 9492109750 7774609559 7715247869
1288112448 2928425719 7468820488 5654909561 5768512861
0593526780 2656143938 3358592178 8673566005 9653009853
6546206425 4346379106 2988857389 8318354369 6792192647
7578037976 0991519977 6315697301 9113881696 7770383136
1743164453 7854570073 1936052197 0015173541 0076686960
1305437275 8816070499 8778936501 7422246617 4381932691
9286242930 1061984254 1634604853 3061312244 4410053811
9042170529 5021020394 9284993280 2291875208 8000318240
8337953638 6422378318 2669354546 7637857036 0640399221
3306997783 8159195259 5555888781 9155273311 5500131708
7949016677 2728426303 4494974713 5658767281 4394265492
0526300619 0800059109 4495621854 5217579084 8418298466
9384194955 8812074700 1060376835 6344103320 5450016151
6572407201 2529860495 8894707972 1834259701 6438475984
8658280980 8690549036 7726146202 1539863629 4163771793
0476272183 1365968096 8500291803 1141079704 3113811864
1849141586 9758498660 2245464927 6513102872 7586293867
0400213000 5951781635 8644077874 8117806522 5685065307



1350734245 8944602683 4620834580 3133921453 5422338754
4486303860 7087278502 7777775086 7762992022 2402710743
2459134004 0289287209 0265865447 3562108425 2719222866
3131418011 2202868765 8119592727 1283513242 1508816450
1912089966 9021973736 7720181554 6709893992 7354219911
6273165262 4506949920 0284852366 3471619210 1353179446
0181932739 6072124887 3981575039 3461817020 8223027956
3933543167 6555278850 2935163273 4594726579 5104011499
7344823774 2065875730 3463602505 1615613927 2689820660
4832108554 2322084072 0240030913 7515825417 4604210574
5596153391 9845890027 3971574375 3802242641 5567778759
3079348042 4536014455 0080463441 2405440897 2659399663
3007997972 5921292231 0941947078 3842041830 7596625539
4324456096 3589541422 5661367379 6928542371 3764749526
3375569771 6260219922 6734913942 7236091784 6761965872
0575970336 7639965915 7563639934 2505878894 3766830142
8916417573 8503388810 0786002186 2503880088 1754282047
6784272595 6719604840 6057121007 9656164926 9169969392
0855774499 4249775621 1414133332 4323795150 9364096641
3408084475 2861415797 1242508505 9258050810 6462051245



7221688482 0197934411 5322991552 4820485989 7513010075
5988479695 8676495248 8027942323 1241980738 8735906666
4964915113 9629244887 1057045643 4199781743 7109316921
6647620690 9405665634 7912220876 6735316201 4395794445
7621663868 4660165500 5339479315 8087747107 6476445478
3961099927 2348900285 1457979744 3446604405 1117604558
6177008433 8760531480 0885367357 0211565036 1045487992
8403753217 5914820188 2993997086 5269064553 8159173954
1840830826 2969421422 9603619265 6880385459 9914531553
1953051939 1834550185 8845493495 5788237465 0985608212
9842400795 1804176372 6731295371 1599532987 1379480968
1866455468 8514436258 3503666244 0852558593 0624414700
2018821220 4642192591 7234593398 9619257901 6317752923
8655519765 6249237162 8465685389 3447270690 8824411028
1325841910 7757550548 1596675431 1956994397 8415163324
0688940704 3926608112 1561861902 5303220713 9064676977
3268368150 6611237692 8002489683 5575713723 1128842582
7689287823 1095678118 9966969774 0948934872 4146614973
9727949412 6610763694 0295823628 3034824223 7176331997
1843239990 3981284939 3985868272 4464605407 1699259408



4518183571 8891094351 2641768469 1477909225 2837837532
3956019474 5349090551 0164233807 8115996634 4826207141
5872381354 2032404931 7575753370 7935096946 1348285274
6513771468 3420562623 6321971729 6199917086 6638304381
5049988726 0671726765 7248389966 7394934781 8640599731
1990052966 0035329941 3932648526 3280930082 2108367705
0197128707 6699002478 1300851305 2729668440 6061016437
8230719136 3070494220 4938341960 0953509993 9871351587
9252197394 2806151356 5643134081 6156888490 1747824857
8366068004 0392675996 2908630937 9031115067 2767194187
6882462830 7518879506 8973905489 7988939998 8362663176
2238054216 5500973438 4360758921 4242046806 8102248730
7387780947 8772352739 0164557430 6789841755 8609780598
0115965586 6608180878 3531930027 1259737913 3589578973
3400876344 3118861486 9768378811 2151087712 6677572310
1833251113 9198516665 0796809644 8532556638 4175831166
9493885921 6141667456 7555538237 8604424455 7126333966
7721462244 6741586901 2956205456 5276810473 6368260978
9864963005 6827907376 9198631560 1291614256 9306478100
6989197020 2265386741 6260304963 3997127366 7679574289



5556631401 4881184615 4458200759 3167883566 8267089919
4556985802 4090677654 2744450798 5684535490 5475878108
2742772021 9796600382 0209978659 5196994492 9335431694
9164917055 4412944820 9296760925 1479903225 8890049539
5499572299 3018062179 2621124071 1016220957 8552704888
6053819284 2360852957 0140657674 2213483133 2602634217
7054373095 3570108907 8073022135 4982636285 2887826558
6915685634 6625947313 2585195659 1384689244 6244583440
2277049670 6653499387 2354752090 9770648817 0900011063
9125571874 0682470471 3672257092 1712228672 1119172532
2046914596 9221561229 7524374555 0688205617 3695494066
6273325260 4137044629 0865446151 0442560076 3291794861
4510692258 8794437481 5778912508 8591113417 2233031567
4973819208 6397220651 3520158280 0869824687 6537375323
3446669783 7732810111 4526195995 8866650108 2168815975
9495666029 0352758332 1493728643 5874599676 4765258208
6055524473 3912117129 7976729814 0379890972 8650697649
2032209927 9240402066 2929795608 3333483709 7343711038
3136407411 6484760050 6985201567 4472277835 8999608425
5788427247 3530611705 1602021864 5681801484 2377128587



6616591199 0118688140 9516094024 5806826199 0511296112
1275457411 9275346382 2939947534 9910748595 6141079594
0104716129 6588915916 5679925544 4422507796 9298705769
7058479143 0401182545 4535611172 4273371399 9994326721
2771932319 3391300068 9026267852 3004204477 5981367284
7437901286 7170965176 4782559460 0907601267 7038666595
5450974046 8485891271 3323990972 9337983586 5350809726
7094853161 6454530790 8715735299 5507516924 2502752012
5482063398 8339034478 2848948625 3263843703 9404450543
4363120240 4956819485 0386290285 6933719155 4779296289
8845325057 6597682076 4344629468 9814524433 4205580449
9465858237 5053659570 5362244038 1842993593 5441506813
5070920577 4449799905 1667690538 0209621766 3656068357
8158732037 9231026760 5286259507 7654529057 9527210420
4138524615 6860576562 8218747553 8902520578 5080074069
3372942987 7374630579 2569937750 4026856615 8661680407
6154221619 3889794638 5363383112 5958244187 9709719549
5224074795 9539519422 9768582513 9007695483 6547899338
6356880618 2905679340 7651975802 4674217910 2503322169
6437760044 1282077990 4903233081 2317611237 9972572146



9283312184 7175212958 0119166422 7393514437 6698375199
8453064578 7366407773 8069965291 8703123194 5950041645
1412022582 6972469814 6148818462 8904987272 8361923812
7204197791 6155713134 4799687575 7033935401 9325461289
3602565440 3122892178 2203409543 4438836935 4604089544
5802479018 0847629703 4197962302 1602945161 1247691650
1860059811 6417274382 6673072895 2978409244 0165695776
5725555729 5761302425 3354790950 6761981919 7014241516
6593574460 3959673618 5325510610 0792443466 5329441818
0701214764 6030124862 9639975333 4724745983 4339008685
1604672402 2521613626 3343752004 0663234254 9930842141
8588260982 0943615743 2408456471 0825443101 8830907726
2585702511 2104655164 4620072039 1537464739 3215292063
3797970985 1707477303 8060536283 8981511969 5460644201
7113929566 8853118832 8062643343 1701717020 5170264852
8131841251 6343924730 7171335549 5060515867 1361101058
0504697835 8806115072 2926127576 9395214080 3029828397
0431417265 7091329508 2911253431 7694308075 4686551329
2224276499 0417404748 1341076368 1949573977 4643796865
1830444656 6839831848 4194824417 6059863821 3837823531



3730452285 9498310101 7622494394 0539018649 4271323242
7248943202 2720850526 6704016110 6549298027 2688629950
3201407835 5006817832 6612442947 3379347087 0403693394
7444883640 1463014307 6654888691 9995190654 0631166476
7819404973 0100375198 5705416725 2764702308 5919922739
9842341493 3499839097 8640343907 6922427293 3766892660
4934944169 4715697155 4705990421 7421925882 5753425929
9956598642 6768451410 6123846878 8065445791 7717504027
7628236063 3007943758 4074366948 1319018301 5709126766
6207989331 7001720205 3954906864 0945149774 0977410943
7345210942 8596847172 7023406450 6710071428 7458635586
8678236996 3390799448 8074376088 3533682031 2113732445
1571040418 6429258794 4963777514 5772351175 8660881749
3878267538 7764130377 9519060504 0647630268 0647426906
8794144744 8269351953 9380970178 4967319464 5289143892
2238632801 0121834314 1180980750 4797024389 9193572725
7052706054 7047281474 6474462082 2245407471 4169406520
6969516760 0105591770 1364897132 2784201700 3356643205
5511462217 9331323222 1711932737 3477715778 8658376969
9079117113 1728353740 1935719863 1824447047 6154481845



7702523441 2484550968 1281166649 7090604322 7471833668
0981167836 5157004680 1876817095 6889324184 4073623106
0256627475 7479697637 4720906354 8402949173 4727487308
1201950527 0963758360 7462545479 3529542341 7127268198
1339902641 9025763373 6116569738 5508744130 2411046998
3643222100 1267728682 1809498907 6236868926 3384417518
8562628321 2965994121 3751796989 0520924751 9987894668
4512057837 3584504314 8908445688 1613840158 8039698729
2009854086 2969471322 5986323131 7127321942 8914135494
3233591229 3724230966 0154616499 6985579627 6327555457
7984454403 2230409049 3465934666 3308857369 5960232857
5018026850 2120007127 1420765556 5772640798 3020729194
8065129360 2177611360 9391135939 3530812177 3628431894
4173962135 5453605002 4613878796 0676040805 3169300250
9344182571 3421613614 4401191522 8953065300 7779053972
0033966289 4179465964 1777983559 2534222877 7465640003
4393526477 3517835159 3305571994 7159812125 0380175595
4757774595 1520713908 4336100115 3790490150 7890705670
8818445741 1450883051 2299700209 9696113097 1218937285
3308359428 8099049270 0746796012 8096971829 2839412819



8960521323 3610705214 4317601499 5019958953 5897183369
0782831386 3423685795 6796563419 2930497698 1520997452
8878312145 9736846075 6747663606 0039687917 4354213850
3489532629 5820544748 7692413303 6611832868 9112778317
5460291279 1295567600 7418733225 5429082447 5967304300
8045896634 5337819875 3699486335 0537722445 1590105416
5665887069 8989013753 8880243275 8515141185 8454353652
9874915727 1886535640 8268327225 1101470090 9898627167
7224152877 6898622677 0369839699 5978281655 7940888253
7183764537 4022181884 1187448133 8287947196 4454937570
0207234696 2533601592 2182028081 7972604912 8292420726
7129800242 3760022464 8500879889 8857231588 4221469461
4749102789 1554652123 0594248610 2726047126 9813241493
8149901767 3574896094 1182680504 7717301316 4589468234
5409075051 8616610154 1070179554 1759759828 0422938627
1555107777 9967459122 4661638474 7714601117 8964858677
2191861044 1753073190 6039973098 1271821910 6724424419
4814711527 8343039206 5368122142 4655022693 0206567588
1276475434 3855734742 6328154927 7056266006 6546711848
7652072673 3565473166 9662177069 8336458358 2683020776



6337778647 4895873125 5219478599 0526293246 9843638246
8573872328 4277789839 9257375979 0403828529 7787397684
6638096241 7547759148 3096429915 5281451658 0372824423
1957520927 7265826932 3059752461 2450564355 7559140534
0142976750 8244334746 6243985834 3761487938 9964144402
5141130024 6886937195 2157830448 6934438407 3455908669
0946448138 2353532042 1925347916 8899801439 1786232376
0175521459 4654274459 1797476063 6166524018 6206188847
5586487380 5830893796 0029471475 5490167949 5904281561
8428725158 5293982983 6320669197 9956738947 8800199587
9803482831 2599253297 5991050207 3507362660 2542431051
3286294034 9554176399 1094763294 4854290444 8102689152
5958952145 7320122663 9910332168 0006863504 8620073570
3485896106 1790277660 7181677068 1793663180 4538237919
1259561984 3885760951 8028943215 7965212056 5761109398
9915496884 0313775493 9354085695 3449908009 0127038401
7262618018 2046673795 9946829543 6971942325 7922064747
0975895251 0700203774 1719426389 3464967571 5427250404
6938718835 7277563444 8769445950 8498638877 6168355058
8497002868 5726928054 2129179585 8131914228 3803871372



8275528683 0645433314 8688092151 6972378760 1375527981
1045966988 2917779624 1097070913 7037883930 4506450124
5988678589 5788637091 0482165298 1152058332 2780817799
1560826384 3346554197 6031504888 4191986084 8406264900
3995878169 3294270619 6229745312 7136532694 4415146362
5697342752 4160873440 2697978790 0214636269 6262012037
7533883677 5496915720 8241546392 4241350575 7494323179
5379554632 3852419930 8940605113 4109851878 0558840927
3559116716 1670187118 1553505823 6609856919 3922700064
6822883589 9448657522 6714800463 1656752194 2019661830
7034521639 2823182511 2778342832 8954142472 1726008101
4787580302 1229475153 4403712723 3216708657 2434181080
4779578414 4265189977 8860114020 2712329482 3762338268
9209641111 6301103221 7548508094 3353504340 7762834159
3003000533 9134180446 4235262400 3807395109 5137011158
5095347324 8223743803 5089352893 5216587780 9760032571
2128354195 3122550820 4126987603 5418900771 3651108604
7181941080 8843111074 2536391713 8988135975 3193233465
1579864775 0468457586 9893919631 1882411441 5430357040
0082640126 7779538411 0666509640 7904987522 1717226415



6490434959 6267065632 8990457837 6011368513 2624683460
2134845575 6462607773 5218836021 6622168327 3267524660
0907786809 3484338791 9815646612 0824848678 0506442969
5846021029 3045372463 3487602599 6224270099 3707358710
7459968463 3237610502 9378740807 9067362688 3143222400
2634254183 4946497494 3378764251 0786294049 4355970889
