339189882099609027760485578233704206405267666553151556048590034630027789811801
084961037879435310986744989773756845416534419848579509462012397453719902482898
667988335772299702079154586481531272517512804569506363763332622419103246128730
754922682057866605917659975134782624743084670513587140299392043024270113699386
684983963469867356929354351849251260320718867737412394535663844075954710433365
643108084489795016876976261745878971820544444199334700686108741715457711155473
888874571375027508600217265527218770309174385343431349900644111609059100343438
781550616257187287376853296409984555101212947129463586357126838893763108786947
597842522149090965614583177747283168877278427680164223503072715969249792389105
162899395451933662101640850986923499511919010975410954868798368582667549253147
851348169995419070058957779117261251952710049627119945939129386558697753320222
151857570352784278170710175849391820615488270138975967315621265107281358413187
409968459151947079860981001303194580050432659309258215060937667719332241290966
805168884256778123615204582002036554099923409294760131989351089905779908483547
026007023478422926986403196348342266145693171682064910419743732522969574012513
447495284103639599588320743063906226251254420802716660605314744015095205937468
983941389319012378492339112788100142055605529269946481918444102350827475430629
965829602035625579129320463467356624629140196738195327987639032541195038417567
961511471875127663721858326847468126316185706452290545350660127679279843630948
746839501150316481977957041362679199202384686780827148391067415543828106485548
402136372425486453405617916027979102217386103713707005135669798706309583636126
314264320290427031808383983834144163982212635887619791476052636406456166766974
528093532184367900190123747016394828155487177277901605793947139702120258081465
794823465918152043812275908001201583727784403394182263435614315665365870246432
820762277134036953988127644941492054911207533907993417971712284253827276419579
175151036385100209675590447883245251277138501915775681263153838738226789524409
560422560909667849333228783598900185223988999125320143980805985480990882109626
293765495505884266238072350836947336993847802642951297473264202016678686535309
790534755330616461840466135531395827843485333121346588988532156215680648660934
512325453471160643765513995831187585294420210724558237267352924477144111163700
977884323118398534963513682890176851395635550600564432464866502796151557694806
335359796937617024099881774390015028470404877386102755210735314431547644277332
964972430256780997890012309727391193761510866746185679003127302950915638430959
110320153857946475137493538231774407689057786168758525170228411199951158653945
623490260869405034008879696523440821353052473877636373729033578004933132041509
285171247521447147197774328078753574668111652818114683737787801973915597785428
840316169769030709018582557923410063270768255668042815137133825023394920394595
088488486459023202744676069881638949848019738978819547339219764866350967242265
422253686406264822327737400551066923352156460876761564975675238973715101122155
693088098139478624005825184672700284844006047327289583485229299085959636142246
699083735572936349836165192691619325589778766373817795713598494526541793373481
987198762781477185634776454887800871525185141745517605875099364886805409005673
598335475381063946219627494353946340832303868518627835535977179906058233886947
562485776564277062533554547530912671779173956033933265383966849252337012238738
476745599164175141161194569102857574720407900031870841337341007469777616268491
007220592220562199497359235033921954886656119673160636216905084866461457564174
430564070943233917474191342935560479582458695520463514452606710660483029109602
575626175654940163401100491253137003846179356714531015705936686959720008911596
398161533991236068906942354212161122784688662425108567985832488413499018472178
461712729901808824582499474149736813790387710951681715390747030960536371356840
541820267070988360092511112023121449101844282269106747981614269705789602319465
707029898079824928551681240231408104176961337818177774337430898981593401752478
486139411402668032695467233938913379174620118307473210598748414429343067382212
860172857692564128536952453897085584069069804531342363630592133281915873162602
133794805210495454681218082711794934349987876510179430043013487940721167889484
259436115916228690474026471227979676826863295402311695417302315276888802068191
027078805172127195848364036861467820206144469634175961293633378636194187090762
654480311813435689089778583791268243501968479066839995281765822956359950302388
435178348368697722477457420436246341300820537870311921816924263001754142347748
022581498331208207992867679648447415639954846736573155893947601357846696581985
309650389863987746490258217587640673357347234345990413988307263011922980844892
405555366218708232984472350470158497049040225660148290624966859315343920240393
516590244827424721329522732098724024451461090036210511799074526293781688539035
283487867321446661264608199845625958510965393451696808044432823733971096032049
021858046717578450519378595783006984117027205355381500923632679549603917996995
908921901367900503610795072993128777982101531701917391173729220420884809009139
884206645136018364525707067482049345921706559168910893651859994146963490635361
697598956071631975390455279482940413171462566634834758159192674100409306573868
352452862810057446236890548208776214747485577150100306138153453532544969896078
008556252111842584328292937778485999173928072531391779638425822067270729500784
558032272827500608123775252207037245881441918346052427474547818808653019689769
972124557745730295394009215526120851303636858507097613938316984526134466444155
963157182702902487909345700159862284303632821401010658735437229526570802935414
351920880286688538357475334415012153865976350489479130673246337373182654924090
473143503079315939334164687687666852342450455030831480532679409421937214186582
738356120971096299265760752706050324303444985509751955506787681797691350708647
795095083646518494904720837143164223730259555447926632964323479354913007517317
244032688243501935428182998438117313337558582014748901050925815199795079311089
120696166137935155508789293801776516607200473235141471959455718675158988173603
016659712586886743376058894271334190772439548373454867229796009736163276484256
809805948072436048719568229774138152400749225531095830655922416919714870584610
893036829628486569462465242591179316079305547702035244153813334792237847643400
673902528541358677648561454810800861626513462798973190377606720837762266282414
846559678222560785095837593266813840153908558332931741148122082587950310541000
244263694975984694699403818009281005226145945628171891004947309068423022705710
380697960492533862558187806065372884307484548998767685340987370322664068196954
185022547477233609465772140220413080874425470588859353891754909712822167495800
615670413055147529299842876996272408032919886948772682130465622646550574253578
565570138515650356866008634855047004967790826217103502262653764840228435265595
984291330827881708070041599255493038759569478683140935569637377363929704657446
158662119739398716529368785056902621809122650525525916650252220839916645875092
468666412306642787760648708699913097440234198266345955849454589458382079751011
123401851605947407525361447695894616498895938708893294135065542373052059817409
556949304791006945775874682147311628427297719862385544652063524290974916323910
025142185474451351635071620735853019362049055976914198141088277821629301378485
975837640742919525027454413866491937397386656440111742975169385833465925124566
467466005691833645819791656992884989243260707932595081727348213063868260124165
198732809050997894818561050234284689541919204487696613796870717082568873734715
206674706298997314438923623292321506996108481932475754429060971657024490383197
131267727267528091665567950321696869747499691371769696399377914693005975798449
788616678698167483403859712779070655689435312031698456131010945431011578082021
458615330368915578532448392669168359850933821716077199559458028889148938066085
251025007539948711463563532430356374610405191076453299204293148408468524035849
747315067670328786408672542770464305647744848137759606867618511203117282023053
181522842544177668545141752262446368996770861350523260965603355923005762302132
519657112702643651913616046534261255940407974836964486185141659853878351489465
241007403666556979911169428265571575957508462646052940729011605277885776578185
858892963194118125702487700263703081641407452860732499515188240940137449291352
812064603328719512782017673626989653529991655367890067195719093581783527286770
515546296007760001992806005720384093400084395088476342858620161669020518837587
554849532862001389516010905506997651948748079535447685710787559965582914597141
034957126230739868470747306009480533995306592420831303401020875875048472841217
154556263058254198083492013465462981752907870487899618860078213988740396933194
327196795104413041581020425491451342187707246910218176738771513382024182577711
569837363215839039449346409043596079118790167085887056330197253619250044783038
037004615724440874931854205234101512778184880493912549080751133888415291219896
917939069560706344093634885127910443446509828894094184679971477900890187611330
870587867572599501732811715391592500125216293312467121979785141627968563913860
490126740796636348566917060632019130159637886552389996076100423580377030897029
177557831660351941681819583055488046510523209332883506640682311248801364775270
027666639348806841440757740530302940946003187310970830718121816214489370266348
037353095976176700776103197310384247402569715883554215100205616663674485882986
540532649259652610805199088523263896861914258486972965227253955521614508672613
638631007301162990499641910619613653618659117976987875992986384073018718003740
619133392574046031930333157609287558706902597093333080389585505406309643415445
493679693900039827829459507271806559805201005250065428970397808173079247909087
893452037025244749345150557012429232918194770338713670130518604646857448129885
669727966873847609106066348774375858510822527355315380637484867178221488214908
905440960533962679434426717505156718293095399233087616501432226414067114650349
837967205157813975595203076811840108624843917731560417841134511764290872904121
028096763792818200267599681558657934055488035706531113881586344482019835761841
201414802804863322512706986455085357325397047984540437615258028310392245645915
325412245066094637255818684995845900483487083526648925747516421065906223689548
227730252131592540859247405561068891823161725755274427342518227256332590144667
707998138763564896245104817893475545263064031385283018174864288057722233282354
449980482157118238706711908033602675990852844790101562199288536575873744171574
130757542523590765029821262189847552845966798711624586024742111300890111512479
081270445804962294230284794825963122205753204958264688815202100873217125770425
374434411504468051042092160874282404085347051721217263150638482755885061044371
667068027716174516932943269720012425066786811498182489370616837572792569720968
799120945384540260187295407846132260580097138581197466369882695925693119028987
477975484032492384588845761342094186544401550931500065173945205396861940977322
548597559746977434651238385821738182641236537006259421700279405376571434475561
151366940920286196537769392234143846390916976717741690811038098229579767530044
157420480794924143895174642621999830258121791442974479389893490627623606710660
439151684835675039956046493842766798406410822040686618917919573248055235374957
864575765671449776367141783315623288035732925406186842410559140758709678755361
924490810870287471006863621131302220442077534500401376210569746027200277181325
085631509026782677901242566899228818488343585948257245620133401774324063528276
701707223896677498736020749437246495246900816455654563624165803981631815330535
278832386662232752492499805974942998395986805025705886882801093022894016032240
219212581038792842211866601375342431083219135368426022524338349825892502751617
217400198276349675956125327267379383813935886627588534373072038784497448663313
268452724529823168582018997024759777749801054628754786497037905139725780192907
483623169853132624668234614235658918749477025609829347478028279191756758916092
189210797879674791636897310971196631102951800254165769819833679216086298898252
363232686749597960789392639310067284766425410634887895498768379267786539755116
111261186773229141772914336546484440213456881584600091120781269950892441442739
523829460942667282751351128646292038212473673980099347874404594809152493521117
282919484765916159759050254742813714566184992709258811686126621184243512837728
030940157023777136859475684726745235832916730195608445680942775451480881206945
878185967245645975366994459365500495806943368851901441221487301826453761304830
440801631040058743483387124927678155762078808668876846149185837915031494178318
074037025949242491680643969567340399361060070626262362274499973826558517526159
852895675890064709483254115602731297359327248630937520337465376887321284206938
453837437483913846230901691028282455938038701037295982391547582840644699290373
296071315243948359896337463928892882247962810175539261212353140863293898872702
289559244714779518057443232823127004367521370025199977990666471602198942834257
336082046377450473440398872938894101223023015403512867554263946348011040745722
788374573688552581166666395896098156315321093034348214775251306206843658442546
385669317655611839259230573479995841607943574926734024141784334394064845118806
660295461083997871623361134704216741632812512477707220687900181600855602308561
101025649678166442263928091197938084971608167829992997860517841437486091917578
118092989710991829477387886747115119093680531227103138699739101777984592743727
879980661438010034594734084713531357974729325976686951605503796306262114713220
205284043304039097463667463213582286128609128877734594033987952379706550912562
137304909927675866916103998647456169375455976380319697672098577546303502232558
053723781720876872857461012023393779690621635535712476740832959058214453888637
152851851423539231812240785388374900707089110567016007109471956642500911653008
133479421325592038560703807589452728743345423596958390524089769734521233366387
591844076398352181671948747032117948229602746812027438331116550161611398396958
286338145409630899699647856642083999597211799282344478821156839132787881467897
357538126478262651834120171573326344801329928568824399555419310908815756445049
902467824105151412506335757978275659773497605882572135766926953427652497863703
939566960897465893437778551171346352676616756437637704394779283015710288498510
067044958348068760957930829812171949313782842923511959476587698746984456691204
612930354062817005277222348238067696538786640596170549827567444854900606263789
668894367754001951891764871812384662973139242781230198789377573404291419045277
020578952767251087762292293892846899785784444392793798762615068331204574649314
750679097811433324511047112390626603190455364583133167316446775091338750003855
816040309131014568727413228284001608311995409498539423361890936431320767536679
925450380374190467356407937781535545330333866228411689893856214689254713313562
191605897138794352942519635490880234184941057655611523903710476824899277549754
875888791507687954593563960099990225183364178667778447685704067034065819416757
751344346969620382189276715768939687285676605188447557707673699798140940595364
337252928378830588506674111793567680699617205283995136522255441545624405634421
016543697783022745829940577626307574674649952486676334595164594436903989019165
123791363486882624191795310361003964114998082328985199277850743091597029414858
063815947400778410425049716920671787013524497006356892518808560394834378473875
275129953881926808236775587585767746216403109802921100132668419285590761356623
375324509553300096960189295937068222354653810579265529417722539504935229221821
718230130837505823821354928552842172222065923123010005464654206285550575661996
060301076953533504925367190075587817847267610739233997488747356685594312840922
929282109914333805335523295789364651641134215386304314577709497634565502824606
230671299621190891130880459052575424609346941807577876657575562010716683894502
424653133749832374632214296273673273703635855302226608473125916378578404576702
951390329478166888201583029515421464323301565757074125511438832356644450312350
105555518167847810117063451824845131323988160532120998525990840096710162741031
071196828952675474282154221237509304793571506867954694450346769101879527824537
041541296933109229395245399809950377089902747184710505037473159734763783842981
010582639009746808563614803683625904644790566380391918975729199942875603778919
489786115323514465827500125577151769295275688981877252645441528755178937351629
129916819104169405164005273046328942676096607218922810252845439262725636797968
940369324414777343556227316349134504869909135508322335910371200215240766965119
717039764030288380855661433803546057354243570509441223057229486446404920194234
129576069143681233373502170201512420785934783756943762590482213666334747753645
055245962135017551929465652489362160019964444376636633653924145688048989855695
610404053165899062627114914542398661061784076029937842549048023443879524422294
835438386468332140511813279648637962328391913111842567726225743144113626920538
865899614900163869802012139229952597242592829075555744495754628258584506867189
484440455782367614634343970033846094327746059831347971782678538324805310332419
494152471404650006842334923414683426553115862587005693037184737431426240936171
892100970970643095825889946981572439308506393264646369393919917433079704987654
674846369272273576590192812961152425391113959761730577869421185072000083557280
588091376419446235304304547668270396373803125396859906352828950581211321766082
012501872323386129259108283126259561968950816019913515444159527356874058963522
060488854210147108169566855779891786016929780527107649950244651165916254540388
381536677521493746458697949696133771286992286120173959121431962001393849198530
322388139288376413135521418457381012322306280522353366567138779696867031562339
301694077016826677251384380221346609775423166374333094725244780168149007114325
755636924332602286918313694012489958317956652805216348064463975440067708577055
595598924528407470707430752876502512655256126174676101324055461270967275224396
214595209678400401355548015356619245469984338015584662661043164213485667147982
548529198454076074283961002157754734675004438681178020981687383746664994130555
703604326627254293118876347313854839686775134581842592225266436747769520868379
977692818705922069687152774744419183478484426725360717472306114751877252121219
258280106462422773268599647656939032131899739573428352441330144904716447310419
609847496779731973748610627148523790922056136748879867144330606976739416948900
256186864034439329733652077127103549381493526490582603559137948772072085577230
996547909995255288544429513632326208504574499704285695102197182443981138259255
911917021569364340258057679114630111571242170031689207622658880550347662836988
804374105919117361729831281595097873528671096880124565604095766769487684085181
375904030731393410428123902983916402076628804791134609946227325800298223175170
492558343327823108838696037671386223312636957752730092065713965283450091175034
823691763873041127064952158702980421950156572737371704216440830185988350391316
965772229170475132950242101527216877552688933113214905170389835707373496067486
093232475988187405843632138852861146772801983773114170454970991911797839788786
356746066720431563393024660739903961511812465903582452624876363122316650308499
762195081812035360987054647027940433545658216973724785432351615356458573785737
415902770221181410842989411979003973470200019819456321756838576685703564756073
341468007760704212907928591990740848740263248736993451591138943207400279876029
336549160391159745832908861469595633192667371300756857717816698146707226354595
975577813384201709230761836758611588661458976995528983638983929017436770085799
975055297299977976639570095477994918403059585276753298314134714335650031224004
223788700136958608143913336322710631356423533442715216431165444176311283247736
526544905143315139092815331758049535583088141973721266102082757290858453779912
556322616938588568157441975765099419830239818791727771091849889908442602001664
949251591101412944425524383312833031175790403772760112262912841933801415517386
789805206015196474926924893613013450139373736927474675129665557346794790729918
471974894391288519686712674649568729930060480014898146191797727085399406814298
601506294376145598039821278565923532912022229127647614335308255152760259603530
828283085978085391797363154594819844740013270872873257980444310679885939202282
674913584464443784231954169552265187947615715348986565391818651438249585758396
798295976961640924444028393740968793626716880290651372096300672859245083601805
538068231198610826029302205350736800340656884657830358929821315701794731817408
889236056924173391724344877632845960099883982413927541547984803112952861850642
255427290744706281012190480942647179531802787905918197633576079631498106075862
432835575313156120978230563828806364587094097145602876903098681202852172866006
200622949445333625397595877850540046351437730928967458331873968079968174973495
785552248671461957330161340362991590211402888144218674155229388027465292590890
712612767521125972505938499458807907436147181752338614221193604528784851045905
817399681885092235210719548882540840556167713914035856851864835930313828028931
505508545605914561433371839131864467925528267657239233129005947733529681968153
846667603838389175124697409997802140718879665604480869723985014005568234917123
877880709997496721214317569669080478030212573245229484958810208407375748359986
052326775313062331186956013925735709936020322709900472242713922781738266124822
287842066505951320414456616273676521020540075767481075620234376900942448406169
142950980205045169751499668799837793299225493250631772180908126339873871897087
202161596540601591399130680288436781173178019763305915290139496148135060463593
452562222695266138034050133631179333617624361111205445277318644340271560679012
618251309376607095727140052197351215353358111851433885052863409077744284786460
870756883218786560304430932966423615392508240893342182088271538032569974540160
307517824091280819326920607262458682380760063000659823597939731254527802316534
128525854476824929721975813636566441516767324435075167836766617647393889651941
571856495844622412912557243615175384258022987602890622214275412773910258335717
250871923425195977879805957105144519398395802240953850761979135150929540583429
089200672407334007002060141498432722686190543343396765325061332678632915885481
340173474325021922063677965937563015462564133362233692851174099123621114142365
271330069427111604007711949263150675799523955210540761337871569245370188244696
907743377618124211621028116901297603403568091858914334970460222797277254231433
421704837476972093796033891541998933023974779313055939026068625816784502115639
687896213164098103632692811617567986924943928301928083948548894009690975325150
545379479955636896266563561399135592488178185606292154976348068650485006539740
053950100130353006892983682311647597474207040432373997235480317509723268797006
552672347389347397484119792874961170062025580692044360913681261171240653509934
151114117563111402783161245836175212069228383558660170582837373409337937055568
098856161304113303376608880518626762347731670844767508465200799464397884210677
457937584790196755238740413688426447943341930835146852618316250011147891710124
700765699302726342425956573955392868578555311986201690656159926516952586680035
439796282232095601398335042129857579700312276765567559573078660556175685893933
835644803869030027720696625480398951909183505483778001117169404820878108044222
270984000659981825886449763222004380227232560437796609329423370448539139058495
045175002095660137167598751720414659239665776839805988654464246325992431368108
165239040061587970711483070598506562465420473032147526844218506516225354502465
100254485298888305500240444959656966317234942391124444513669446994693555926921
457651246212175753413882343748341823213244485162812231244053832000658178611961
027991963795012581471230202575350095314907034403609479465772822900276913864695
000049871538479335486182393897042050313845498363427502777822844928560066627279
280597689035157390209086669309924436087396333924196567597939315334433924369476
708547795533316432244288498797961834751699723946458743109371906156439191692364
055355058592924628187966285051885776776811939375279412766911932754357137207036
412585138829094754031453512044108859505794999696579993912893119911208280084590
319176913938458330062759381362877751478203564406195010747443127021800427735546
093810582376921483803234203028644804553535086891530132057290813473957436809905
233831989744866648336546175483173906857374000298685403915398564501533363474984
203752573187618901917956090715134145098853454494342648460545826170909937214298
406584079248499907383829852038970818860751253578489786240073956859462151106400
124275293059554365723456096516449175073886292398184734912296340602291115104591
968352221886182507233442679765869223174046472671358090330730826135966688518582
089946072049447472153818340624948705535269067178652649757515900539747458879894
605406483742714809229023474081666519361112351284232267097710981391269194388713
879660945334318818221411842566450431854657240657592986216022668582630347571793
411499670050792303555123176139689265992853462552976315157012733828353519387843
008300482713072657518281597450451969053384353204153742723671736853702657469783
446400783855299951971646344462409736515978028902034257247846232019778233698156
124290152333805537453657976575947618775406503093100029516315868049193970272284
626890962891869588039742219357008156209510102719576238040859887020014489573069
935415142060321296065075699935077567313569250489357990004839512334956726419566
242878409733653556791868176182508726390845015186000348966615657565376625450431
244882626026613947332494363637543685455224388163531516981845823041556328255578
090414878396898972828515939503885195031581904051012505166250628830534378633376
877439769559102279676565583952362255313405406031097808995397535578670981215437
492726496268440767041590667317295708530701570429904802853225244516100181309599
197038647663166164121282615412918454189696107998789593855129276697107135290574
547069103290915226247187999870578874174340131079494186940453685841969047138706
090732987899739929268363784577252405879270429217813221962575385081514334293479
484591622172190459389425942264363809411068369330543749694085269047059067565146
373340757714507344934416992236608147619696076290455243053091324433754572219385
102657518129170558387686584013087580909613310120386135626438903217350059519134
614356889076208434584051579358941710851374036179598270076898979423529872735061
040019653646663571298156481664262877122174662704372326196311005266487664046077
374457429327171715756159722463942517926938701816156835391549919579043533053386
932266654228919794098400445701715309583791885108257942875681393310528061285970
816186248328436723249648516403195029162856030668659373941263626470660411549033
306322947353122023411630717928494332016300107161749446553524460904769197188267
371522188811952589340093962140843976222803261190848456579769928457126220142119
956080921871214751598622729070230096008602767313362497764655609809017732120415
185402626290004458374449959224520771666922057121911228367929794671325257212235
892338047865170231079607547908724242714992256365930639646042711146722499096993
198972372610988199110608665356399614523228390719536977517702544984203580562397
296250720317284846028245205843204898500729321949544031885443034470916762329228
861642785368818226282047347353651650959932208055118493935163807189118426430783
242261186368768039609856188096486731996775335008395832920651557521339484258152
797587936346012667023912656745930040147973842300392491649365612374932404172474
625278104505571445602193865124484392368588083895897768413722716743821572978518
228111377235917015383608375452019706314835907893319271711082737411530920230194
673708041995553611234950981692898430929260360156386157651045008195023496983500
190504407521324683248967648472436360853222609112447712029401938494327337945164
141804965331059136585271318224180938199813864132178932848221718299293812297018
834122736895301520767747339656835042149440453392864108934670552781395258764533
847611082696412209510119039609697592568750643616298491584788129903328613897587
582058906140226636287103671277061597077362123055836587519134362828196679935764
016038276763734779809704242549673539527839783998790965196773714305394861558897
560742976234449397766119747622004178512724415641947297832565357313619344949129
595917194824173643938193234215103614901322099925906957042009158064499517044016
078152759476146765708231366591791143296772419675643171312868519696380679138186
468187039558207634839427453941415355095434627900914520203556534742415499758749
339131621465795945411726963045669409750002545945798082714309682480528780427402
