657679884151868498896059042888018093883300113734790715594179142663372453585995
532231337505576382933095412601399501108039749286150784979183636356176005348072
877839490430567810434968981555429529126135999368080416922328759661536404275415
418661026795256100210524480508486699117389615230038528196969200323441385509179
548829906826581720504009064252504225279818435442039483778883654255229803967248
469545766751057782517504902227734087679467155131793730515618361871922255956871
520371000875219721268450811737373044133533522076676462185107213726642399022452
172825048096656943012720625233815624388457707013182542005697086636260782716288
690363533302603864554019358217679849318341339095221195767893340672603677157715
066194898157626304539140822020832361133310959657582434153524574012828622791674
921704745405661071793111315624162841882434170814714962483957855236955935774326
321928798762781896613413825121328131466045494884448816888778459352878603763990
016756943529765903757295170337001523463239317096913397863180605818331346735942
782529186024157022440994170756286577694336854607829880274672077917920732619342
803903925293495869234800853868898087489889526598463930223939895749505677462015
013490868800733552964203155668358811854800146742376442980242693201835476075145
457363620208747445299874366232240078146343222706339947911957683228051685380842
579754589940992592719362208468527298282404482579584199992920945156221115941627
053342710217079279200114927862768962752379864757316007574740313417483157768315
498543348204310060277919415249554739531628354193640570700294515760435475099403
937844594010465546964327414850763920950192230248005732842510006824750261455012
066449207857779803818488254356676804313423772288379794120967822815750163832832
121076256553352035981732837606207755966401588514429644343547630947731332021552
229010569604147346734561795294896015923981051757216579010056910086594932257426
810327741322940616235969651092443364731510203672296269426326327667293146372722
918239283411124272632554555555423259415055073135013668571881672360573212488531
777799034607038302551809457288982484399425297538120162967061379524133998519180
429331743988949995171510104220817285768021028650853376453778479510822974998240
431887685040579974815512380196205430059485290980993439128854263495503166964139
843891874192875544946371677605186877181569360128324240709955104034207779148841
220967527304279086480492169440681373672713513597606903208720374633204154724505
864628904428205840397163506245359046582987769605088357180620217707456560027387
117282267783472360243412503280505733099504028307420580867844307462167840950906
233767812980257229475729488702550684688519259549440177155529552263093988455829
089943091652928225507442770166562677136160208258748974550209059579034003150336
816772667775210617093923359106843243089879429476188292703550962847907398460697
894325542718194281039785579411323405567212246838042330569316242422967131689162
291139572460117850644426246333504184430731537197647561681799892018596006481894
477817196448788079261661493519153690336724619187323969298273575523237162158431
531560804800201528993635356649148776862642526501640353697624390821539777226611
837403529899281824201150494704054058341523043825943824927859338418885336119387
357650268381375323539055176592379528289688332556791253842263280241470296409025
489746043759259698859368042388702115330819058570278566398401706161229466250893
993414681387055781262394754918552204661600001494362272547594649424354626664905
279058418627718340388114911067997944582106164693673360018770506101298579131798
025583890158856708026352529913968744687738716137784298361917740372921036723350
012594272747189491307691787719210039935393610812507159132615482336050470920508
899762665338794198897769476513381790291714594987561237127736950791820952376562
767105615184871937901129506387774475870819126315799006331689763890418559714502
579541602767730154862328572147954104425583795790555189082531513468542316927512
067035911339688825159489738202339170707559773249836945253373517656741626893694
985865868217017113522952948503369219735230819301059633071281684329526878071250
059580838533377577593691540067188921390417640731047396884014959429173430141748
962452431994268505231637516863813871386060131136887948856393125432173475529272
797010530022309295761344339169289088911044189152822443641267403343497745035622
982159704550727063962682970969464663354721229894267569149857096295346473373599
113491192428702984200771061805580373871404306884627469795757384896798021880910
852775315473010266754091108992077451243735989182162979557466054249392217159926
845682619187071933409697196129847598678197872980220073157496166681377176401034
654548309030395040757128694346975090462413374047373274706726830148057624237649
023426610843311523161471009150357623720763445473235184590831547069847709644003
343353122054332215773017308438154312362649142519599153488677280791064198787658
339655081321818811413159962538985435029386708684880627429555241283999921154147
700549699968604642326470187721366397025501796766323089989937741504751763518365
752803455354485097101578034685730675408313342515198199585240258867369535981791
347176787717084042119486868897414925921938388368424741934375880075819079974572
298274773016978150155274507804478953973734415321747806021922372142442846083671
961519712700206001206807230103256370540987832390503781886257055852832281804385
657129238851392530809077129753916469635564678056476765410149293433902187779693
614853126118275528635250623739212410291041720063485065888832109807491442502893
264863576888386023611893149940766483624277522819781034862140773356540254992084
441585887634345343639492346994911199234206977387432313852165124402849501229638
771844185925097727373018482122419719093429029080255138141002720535246007896692
025753318218322216764219189578607341474669873704867781388529349922495026905604
487287659238685481114510174659237047060465500569782596058417104194704363793617
543977488065075293535646639204484811203013279928085253488047279739031246632856
924058456018902514887499260364074951890981529462057733576081191877076294554822
948657500556991150957103982168994721357208568942984509871195777545026710032615
096222692752608267541293821832610818725800649996811870525060177727501996850280
747667297346283396666163846253516022263710951865453620252498899129761297372999
264418713635185583846266961505138702805285530418435972858184032694254353361016
213064552762624372887113166180109331758963207542428525355773720189465452605644
092079854110703896344362705296554677806977224229514317728936212043821172275384
181098650518534365868765642983068527006649290581729736421375869507392888542084
709196341852568182032080700168229139783327367937062279224397851855748565796123
094477161650965327457187339244718064399388777949003442527202735257884991243826
358990020696073146068904791948046076958527945096725592941870944158283704527906
318100076122075708179611021170874091678966873419286879984028251214014421803069
981642806032393246377253889582609881391158726281598784402342117206950261923321
284274478671415578444318187537502402080982479827886491730618357308727076581568
369595599444683753150623743958997714404979648048469895207903889073333812085969
474310455117327377155249295284707927858894563156375202634892617319803809375178
651948863145917920849473182345918170398967699300885884558078491486832331198761
061182090244503496082218681565362216238751333253917085267524520111066185390908
494131275619963382862270789501708913932177237409539345984512060159290813006890
673888467550600987190361442855641193480844381515011352925562495188793740096304
947452971121384631929013840635902679580747781342286184918224640728568884934538
308069674163685148782914728287550081866797275964483276363392039169356675869902
469129211875437011234192720971649392917460458334372492414377992718049591304984
162778137143981513456355726003776229053329257299168745423606366243605776702630
902157313836353024141990778593363652319413759424043373691423059126471974655204
324941653704885922967421149789544812765776317504455718717040219036840793224237
146244844790030392988976487645935364825033930369705533989339883636880384211308
919964218363980366625669112473726348937761216627302830867400750516440842371943
098224097964067213997865039329579224891421947211725100236196129521191032787905
728871719257739902010925315343345946578690481967307064790855993210378182589251
439016595175463092686598244184633553944831781041781463503604944931321674882363
866821271802822941512428931853670206579058851305619953918328893862164868335973
209313087925551973239413805297368024783360765207685110923114116144245561136338
247544344599275847011318735254285589787855766167248146045470600603990636855598
362644008170112005989775692848956156991305288368725152884573446084648861394562
609146539383420315796852573320790339211789152155973053317073833392359775844672
715950903772507311796847576802775194679034665804001469590374033853294308547512
922634804425211820660921066900891340927493870894942893154399474713295140928442
186286661746165998599303556216326095705058600512499593426677660040815245908159
899902384407856246950552238411918171271413768006457750794245407161331699312232
823660632083463751594681823597484010627449778322960410991590774089315935199539
474428600094567635555731292576042563991644452338026581128559925917635259911301
856687626569306923168272655018092295171345402427984738918230056358076668545532
269278439199115688357317934174744099814509042416870444651287817698041053986513
723758892770107962826144654170787435070357757826010612247204819720200260199396
404556686281273693314154815124626726000323555353912130424516914632683935266565
175869324655800675415416466072183201276758172976341411878669381781375481706649
329032575759231564986585870172879098248453271090950014724476528869511159881520
595347930136621539202398297590120251532316528325129340967608745075803027945820
057513524821017955065971298944945415058769009109769596096823338506066726303595
406310723981502145711551448127346549925724873287700836696379482546571815570449
028683745966732068967941957399797202866071804889968998353937582768529899543637
279614572485749353639109854076332558343642031294413421247658786907818927850677
539696731929815433634116482221171960077321974946381902536969567915886008858590
385387131397958503114320987214555559265078295869044176501337680279575967802814
526614985508228225186719279737582065811701533518245237073276648395162933014422
701503982655103457772331857117234384308170959882099995853366430046829651425918
176159922045256271458852442289875010969560563757045987976105198752094833116935
352213688111019100810720893322997492010447623974660807594093081097848883666025
656024829984132018663107223950513417606173849717327089294827295000953467277763
183804139830995475911122572039930823981309420160716682456304360657853952762925
834365848877651080496714944811662845595161834156988971049244060321562826358147
512573945139769415081398826146172235931520664397743274384876793183949394564387
769125923984802338603123219182115388801740415205627347245503332166558598980148
801650950032334640169635742101486631143529296975432550936699220074116539568861
188237714684386617520529291679812341547291886420733301952872145071221507810503
340694622071533672860571066295454804040670662399497764638290560204117771647245
532031844490073577283802204878968784811512708775524558801083425363622918035255
507478813864795079149413533357629280837697184058354466332497854944636594954144
053574952300144859886778720366617411508675212261646061490916170279577521552841
343470372616911271604354164892513506246682211317130937202408232695587080849068
018912435459899087340017367254153974464932868167360912975910695102375272129802
019979218544515586981012710002826230826712960233477434508253734911999439868520
324419943267846916451588210344864095524444888306283473355988342497257184479139
132778326548878195119895824356259083803309892849039542397814879645741010743576
456968082241666009162021235506097055779530364441025589539611256586868985176805
107615747817207296932179082984238330809686243956109368064734084163757663169998
380733574236302339928031296145425617940797474514488030090414157424712458859587
252362051773114578812444767693568875030493404746926063946855148224811467347096
812356070735120598206089568406566341720995861964342686970338837719845646634128
499117253668679854633308908600463251866199329480024735539408748884866684345423
714121985821490273832468562017671805362412740728430383969540277121310533805504
120173169152763347201314797322965770939424642204362836289341165743516098768480
185406193115576001436561838218666147326479755535222715265297561891963441974367
646066703514792058914286834992596115517583558504070795869442054573575904277163
945707133614302954892023992121916155151342634212465966677079660329364853163026
571933240111966382664663779069625812761163116697725575936930966384224616266071
682238900212080252281428032685303177235016591296354178770919284802733789413579
437248272178915991872807056355463431153667105374788031425451563621992884001373
727199732329366524572782157538889405857611178739144614858725092872645506962868
831524649586708879500845227407737170650320718097741077462077900290619697815222
814430080739623021954292110198739578210027116608051105900942014234228648539803
105227352388010846994921878663916664409429700424661642663156651985863470016140
289708250257777324707105734925193850741983789933594552326339757080182640341737
743391372970919134308782921517603180209078198404019838213204382697893431116657
148420749513003058788342710013981884616858052998967280678864830864218202938929
032354497636506460793056457539686144112117872221665517406939320606679675176143
550871403473302206378888731927379695611984192779628780860046707648854175711571
398383898308967193235298076577166458837129747492764083854580444886498298572019
155202212400436203078064895145203114131824670945078269374719289137016652166186
644368124385980266052540256826996010918841804461026459939526778385297618532104
635519961539472340985186159236048349440596743590575102596906851561594252342960
004857683601896785627234035597472128189955054994752629680885215137843023223151
034091654745292863145974256821384973639819564339535667472606476689190071918495
733592756627539860518850535604126658606354487519364684955597433223645519802442
048483704069988889855677516992782368385144890532094435425641092602226217309287
651388606973747331124169208495176251303677714985932089174139334397012624074633
878136721492967174386599988241522708748448681408937641874276377131397324859949
891576635502164518530313858375276718775303712636812374930247106086898591764272
742887700072824529711872683100215873717964813714961056073597661149576388118652
174276407094333213050351686125168898508116844861709619346039207938933261661204
874050422502414823868133886642086747336901252999128715134373937047889124591574
737105276434972435294589987928622394856090729665059295535642815278314895390123
496402282820633506876455064994554960439881915334018529553713064958132771668786
672882250638942099308558133874907265397631337933966742323047028762689547468078
018402498843074026786822037200999892782516019849356009003592013953442349209207
480685234324021664865167377970362471836464678480910744251449730521655922908936
335807219247787836825160105597769199565789234384064511963133672547776139920447
463546144652735571363709069880073903511376510385364853754118425442983674412716
988329859782379625748949440764536310750800437595946574979625980777571614115929
757342073364603089869148608751673508992479659323096820589848384860231084992901
636114526352244047311512781108464404818196120196827392323867110973359441737151
599365405520291106621705911623836420176631381174501430169091790341182636516756
243528542137482722469605083395192946688417618935109739139590676971846606334637
162596495209620045505221012594195766193743544972361823993275834915184168548351
512987408247791366282140174894009607401456511149228881405062537480761577250305
255712197574329579253348249010826986845940832368334701235409258661786932551818
321641663633691479757264891064648074864157865308108057987480673129708313107671
693430235125647903077266516825890179612476356676557782324284257824955041356037
080374497780833110324482449776316401113702232860325683481843579420400435296600
115099207806793017262684724133968218325021168646494707794208811490925857229231
540138713237414471474849064666938212539230912181389722983883073589438160819017
805015727609264410261057778682184491110391571040288020102611554635142769509266
406402476505175105739256170675903643963299155916602973160490508656215293832329
111085109962652350469173299216044980746429024484500335590766911918704085478904
077924127651247990301604809222680286615111296522123218956476776904087628045270
946882393585772067219909421663857908735472254939045819406336622705689121741257
249318010553109286780225438849801015301408390281909776408118334877237956852140
644520102553398987020855130609797399232746333209400434833095226859801526977373
951267399720227622991379916253454356663294628367469806008461791272145290998821
436058429348315218207581867567756805718794441286206654783387516239317994701373
899938470460708667442739874111671509487440646899520327155460438269708741631635
107146009803547266440610014022838644068676325940108612067488049894907205492047
688712810399652695390243816585031594579571811150789537108593951285816902445875
320125871057904386150733289252229132557786049619997243379223704512499072896408
076996244741934929603427079865613875535237656798636627002610646537668124288888
232504957251459694705094938778178348970462221523992391306415365777464121848320
838631374980527590890783184497128821280721140142845951851048836010799184392922
342252980879263807896746662876805815494120268341839637032778372274044887516815
124499591236292322591190448474763050230231873430544871234903676708703916236751
509524642568900487602899012055889645292515699940124898030250432118392721946324
684823278576428012105039415377463626290676176837696108873809076934194891258734
844619790677387801203307175753814879586562292635488114072212734447531688007213
723201663420667541369451058718542541453590179101621982313428290491364922066388
279692947844144259106573761780860588714104974697322267155456639145479587884233
904096549015365319467137576397317980636313268187970631015782139791357006204858
645489234958752565289917554110294636953835562881707733153205321917799798934996
077338914173883802198805890097250178179812140629991799502180421763218746133217
201473803050045582644310118123317809466612841263553793742548560946345147656652
939412501192902888308069002659656040997986943840600765240269720935752184364755
034516745219020276575338713427038901522639285738804482521926614662559459983404
848989715329135816513379413197738136670864544703791216246968737977257994486977
882971947588450426734423413659116634397483358114145311589707552554007905584908
381785674276325691284168764295301129668167946373728522320890690324009299417627
236704771224864911970601133742127098480182749494934290037911700730567915072763
533340389202063331450512222216084271388815952269169602416966031964379347271639
760671490646545088256419870881890349539661040710664507077865011478736946327661
905173183123945173353261230349565840464142905623471209422298043609102774711489
869720177082620990801465053691793546332885726146431428491291555868197290045249
910009986539482443765022861902719424083737668827837351483065343439368188421716
310213165258492877680076766655099211613745837713759913261080500392067663240347
288384439411256080250636510461048421932742961580597456852683432378613751461581
251000873831884840632639837794840147488001199318413629302090768838499145693874
048737813222111705546415395442660907241824151290328097590157909774939583175684
265207821421869436403980603135263904163957239238578350106981140622237780268726
946219660820266764554519042975975319036953586306798842880642567447334732228862
878431664586229766045694492854028628315316129000600169099853769511490727028187
910239480059175741727103628005462835632098931717198295573226709359720603362412
476919635589005816232342829429679804552478270516662053414771601879128830402364
962124098849753831065412517977167571782602705686418551125140998840380016802887
076451520729414038926511075075001902697752520383736861224796222302886918567162
016211180897383549923793206714870933500134474573938845194780222528816321023308
283098384218595189703283325832378551102675292328758984673543344115187123692073
728032947250616940415568016177207323692495799883671094980669437304839364736775
024754184699115440194610823937371165585760884433254896399111535325608600060313
519562639813005367996116192973720185395193377536200508259557869825649226144100
454998280329646247150924924156148512317245785698781312409656049232032999477024
967345168168331165903790403913054619972808247334734302430307172006514082282136
027149905778933587281316049784385440009353906866643658674563885179485833798497
198394937444702595587676501662917423837195802867634983718051162452365604551569
334316422626938736294997812843446298925246742571165119237489041475155355402080
702703627161224934173406170911543123470219853970847967654664150273240777794159
857807478571924514607844902847564266430019758698875959968653115776879090465732
745829887114136305123608924763857958199739443776090259521348829493583799801356
890819216934546437716305652528864623395406780820700379737852990151377229380174
278947879704735376059756389466955303138259105630917868808856937902438858602982
591773548885575363838619034008808934479840520904187015148547157076617351511988
832780811224375404237445701095042113098602670767632143222957902872555350645454
320436668385945448498107256962491185387603876907770777538077924175313082483908
758021179831384322932045954572225871973267873299480781635154256086833739039408
133753983295302970321973564314773720790261220246562494252594037322627326105713
855468143862932028513282039734381063765143549320303640159644766867752946674996
830043398068416532114845897912793387882788062022712495929055930797361488450647
626203154423130109382584520119935635608315446773747074130179730430420763818101
025886337182015694979100681713572843070148207754919591525116159661047944918408
403860641723627867158490023472527700989206629678512800848460857150607387371553
676898724606718489860795247633954991727751911649010628269432134503853839515962
470409980524194935695667693220434804052667990936666231475056730990658591120557
128727304290209291349032682929291658353586271034370843560634128918996074544558
349653745133187477269329775518417615332199205411597522741356645182415279352656
815990716195390328085991089712281066454795067528700421266392925445689252962890
601168031014916936162151374552245074392604169535111879629013363514557068454769
931641565654324953990164111051172693144015876709941604565560439498404829387560
728255100519868929088180966689969078244782959839634813749432568600261652600626
393125945196141807104426633448901110109735139380564071894267792123670867259771
241755719200467740068884467940142590211078196614724059454034957788187243833762
917060861565260924526748720099668684851714956613432631936137917827647657522108
768836736960694525671143512400540594715760149034452639224714920080260195722025
118876069042890324883902299410976639126682554595620429294707246764452733209646
504599578656537254864306210524762084386011697603826560391229550701510678305397
358239926208310685200245222880710332154148585604984259890255762817388620084913
708557696656600330643670012205486499294028398449646312826461820895423881336634
304198013331173981823298253450576178136375298262321964577952056791141418429084
406960198875268894523192787993080821714048074563210981556321664424595857431773
376162058045893066663739753476213945373975825078109075502322112080665822197655
017573222477218939033519743219825148649390507709660505420432592793413001154177
916018898592674578102493521631183658401120138495857601897769818340040435762476
213796106353543634975526946713658422742765186800257970061417297288266323784409
561550870034994287832741809031525102778634777586322237580312607516364989049585
188482130852814138079591115598916893572178269793505424268206789658227974549657
861170690482627539460627102980913213314541404174592983889312016283166698059098
533576256692875121890021661969282916270651769057239630001439758959029327213686
433159156612274386438860512565883633076323238463003850965251812311828896590066
749921002471366672059964457916923512684364141467408234548049556921965676687459
386642909476735360472864428128089461864519522664250417081111152499912894051730
125643599559985891575019342863695488845860878945037582411737013429400813202699
805341540473549279975438071926684753366444703419329598612203547498412962088535
945481308020096201483414900481800990195591807811633910896587732126515883384529
708721885157333985268998785446873227713232236482041176137249213467808180581351
098904481051086677370109016140395617454995627004598560954658104628511872940044
948255084280025781342738365683600661720605544495249111406778905175774878883859
644824597973588272239539531583306352486446156927482462870418773530692638021522
184294160359890865954807990464386151984817932204006147054268013748377382386386
695592209067861771279855444804513905733075172948333259295429013081975086702991
486387948452079901529293198151005226640758924864542206698798220153454420650169
763290789870905083906075352903256970771832629618750041822822374466459807777827
595192649533845000433639046279470086702040188183003809824306043455576540962613
638956672904430524106468124404385555843317672024096654999073490227191470486271
330873793537522799318455518929207313740769001194092469993508757621399017665583
407943666096032143563038435395348262755464113760511386042134855172265403193715
584872245245648196329421107664004608171291536172800624858864883549389062048670
050425278382196478649603359075260294748734233163430859073117713309773255426126
185143347059723577967419238677249311509365224737546159316910810690650840739039
088888011547151066287952499768763423379853586582190925817904403346573744858668
690948862678433380621192377097232396748711021603898301645930454942370250254249
027574541276557764697505171565757311042111314977822537679223663471939361518084
981444200873997418362789175241622566740530485655964217865042182271678805722267
270185882487553923282705412470918896674274955536861066929505205942328926899548
829516763259526765735840065861663284479086992676996980028014108454172086502077
522390763874305582643165572609783402208764579085091132991873918005878559528925
984879958802056536009624565667955275563041691881520968024989654742531193646602
064505802428195540762090233883023238456487292033479892569553270344676258285411
267080115336160591420136456842984154139144557633600022571197448834842507555976
457059367983926016200292528732067085159088240269567012777683812362673522346978
440096132269010676769376845739260105093971277487368953855607504325644188721851
103106381906323563427240641190182557142534329997832882770916542537484634184399
163826374254964446486865751551030938276862503667563384609313177054997509721484
960707857658404074905475340985386598303407101983854803365059440479792014510805
727025612349351758851916710784617946536492460355926085712581647231529055091738
905745602780603963125060595741807555752140959492641156134877029440633197706756
813380003769776413302850022347938131690426469271213306312312787487913991088198
285942968406710441425110364458616270591417956988491361830036785308090574966981
345931800065107157790861461327000453392474815198676297171908859846802909406433
338740891399103455480777025252151953051236062144263553162340795640500213961623
493299708132320128529328253644730465239310949751050471365985943961542270954988
095647951412929050260840454280645971361690395864299828599599686205643378317643
948039202847199996829438015756792118364679717669233872374401109242727043478336
946202933606081098790306495459371534612391064771257629340294631294179256677392
015610770328747474599369514382837802160889963432911692333869593701230849967727
598979357407756888902525568980639791507237629089768917984307624049850761930853
464085074354337364127522972607553653781724607885252919375379696337028537784399
459733635835374707246588555105295736046090312830405859327161566683930747171918
979923559725905991695399588014140546343202616752100909017753976320520559245676
649386422852376509860279207029785879017248486347156972505654623228142767436811
776413572835060076104000159143454739192125082621960401728694772241453282316260
715782736893577037598141994265870744926554087029844003224802020962613789831801
385701252339487322626203071239270231529418081796494005937959708365744854545376
410592597350902928498889049333248648574781378976149100676649048500252824714688
113758266350157346338495232502964295453320692818790283632691393109275046733220
233900868476746019045624828670124974358209576454655806967774253809641498586030
111940915188037292060039281153837836243461128019656529866224667310343849600758
711571452684173894240207670852396529989459218222325417009662401655029215844367
614235120459188928404693297752277696844734116448406685749292565702957808044598
947060931770467954001930484937865728614449241562547592430406624514154716605921
552677550551737589213227423503955708328042488063405095178356986091072332792182
235763725724373824976423790006482710707949027522221250574719161565620839206190
014268977125205659614909395227710809021416237211537383326895111173286006396936
524665617366270450396748746990693026278116310782986469630378115986410905224795
381440254178523790427969012515220653586889377537293462798377796166470957628875
393517970940427628414613104140410092813636439885583775671884708327637544714846
113355544932259405679443988265355378334720647751612188861325020924385309969097
146371417799223865574644867502175985885380492813018551237381993026145846154580
745501067515819910005698413564276820384735240354247048883454955958579900611334
951138839258479821511432264863842297729834234873513911598662008744150227245748
613418553513702242837248102457357470078260126076440910790249266562699240800719
133808958440438876249514806553720977996269789930662875309820885186184495554665
754922914062003689900924978598030489295172720630214748570439242771118809907594
923116217685179478180927182758296109080210071168070635588773906210343944581701
566105697419834683544704128919976238539654139789979747467893659099671125595236
401145690791160474016676690283204238466394559666837242169754657695645942207677
967198642923678319250837783807681518929466432729753015948438000803418599956669
887668271727895334729399348424509240528388466738128893676194810567315872156516
807851341995195427433340695619477494080755795205555172620814732408673767766431
602589860106578796990452679551484184249816571340339052121510827009954833655036
448256546780148474618951521703003197522576151868796013091511908443191814048798
940645095198351404711199623207700429415460551570993201793225348379462050734488
011387255242832914287874264819961777497853652252960383403862208315919933671234
709951141673243701333032071523321242169691291885268615649998883454701307737089
891574556531669051634101893878910667062744979301621090183269836782185017950853
199784149305830076401693589585467488296885284196199887876726791631709494066569
905324395395964442820407493201474548110138128888170386596943923059178565815853
419448601912829504260242388255740637110767930435652198570208740148418927699416
834599033197205619235780342391447636643922085501121158873528181636057714051272
990236180637514639908176153922811850281903540694242518062040082342814444358509
279225353374678858260167660793500571622098805336904294320762123589793121359577
995165059568233521517983871155641691001123415811114154104075981442167857457139
913230740463743322135019063352211347318543688913136759535540755061439896607024
430371354752821115918504244624899181331545326370176255726515027385579239273799
901622314704398112740793287644114838829884137532435747954504381785867044144242
088745986609924025967586828457689070661017085610034204564978099789359379055626
571931696609453987889282171121418590572060836950309531063140173158386372659642
265298701012447787725369361175419742330804931233487771401090712997937518167142
681818199037915339940191884230259605968067677484083905800117129889124773481372
956987923258019981001542945715237136940531163077213493576503646738693300018359
678204987554494634083479931529145516780088332907110571241464297123475507194665
781895232541577144053093714874703297904559988703568600787496968032515802279997
245923616000458083933263675053055863816533798424425435968975754596318681532012
326791596213682881911829564148596042763302137713011491361259404470856482257092
139175036008918767925248037696464916602804420195174725064775270961885653795697
964339648735826978751714606274757352498979207334995408772530361063168666020518
642525329398799530570820438436587798645166031099297547102950451548005645916782
108732266180909082859693193862177697933754666064625771540271188513426973939065
671096230007353723520663707280036864356513553350714654072576690657694576745117
423205978264146656626914161421697200239167939872124277892704893809584226387944
247398907315475418254163923311109339973801094651012632347299318652164465353004
916110274925039534391243753988347328996660000702002486353407319921971696362156
548560356359421731523553456115302299041179141143594514131177319415163644343234
382807153395694457820307213690516406684190367525472080323839151018550485660525
105217991518257223052395371632883424308329835308862221183782179551966274222068
287024936215039112815623927096116273444382597338911877454899063349691885672575
475398585647178432881059054080113257927867100051000457650681405314362496731250
178865547637644494707875648227603975367080897927512645368929859452193952962208
078280348693777301021229707680027564722439051862670866842239812654188349272474
655742607016334270063255681426293809672029028920402217642201350167485976994936
