9894051999964486041956837812224832566788251250889984470472698664596092448689401
8763335526552082596402945728505708817816411916309131732841676604292522640479533
8471465239959326266375035753862400953362266620645995651230006208999301665567837
6007699813010253047236176696674319369062855978908341093460965125195534070294470
98578025475240706037962576665443698850301809785

Euler(730)
-909739237425053890222647647997928995948397472343223425769117982973953660919093
0138856928457151255511257871445770402352459784173056530537491749015559796941391
1659391548960108501854881929592004501818202016909938940909405120895168061013812
3430197579361350415094788001489201488799183520276526379775108289578426243583980
4439671135808432226545856393909701379566750803885289306212015906364874734596281
2217138775959291573133747759403582161714619264414595884879841723954745482533290
9581440352502615805895122667201400752561104181399963754778999590242381836749997
4896647819790563451378859980121176219265436201696527945915564787190378454514293
6530544382204387824372203617182215243185759079768179404945360445343196683488745
2461109887713895726370148656801458540766312600959859540170231418280883422499390
7476114839938451416152246774063057861746599073023073351238061676675229032030394
5554476597433321167180720387171135296981744673721477903626009989141757992586834
4569045599223384015366095827311706008547449942066258551110300748879977415894321
7290829051181370664505718122690693933939408919911491660362521735059960675082573
8286134210980198497594409838157460526144283677854358503501348238969490186187978
2904461019119389178058379716841323473478490692311666557992668543983033586510433
3603125254779560838919006921278423572268756081447255939668241065387266908367233
5346411573951647727492366482671691155112577854962561901373658877474271734742163
2751026459926896721737233879051955823521629406442062899732886845132680658556247
1071022531107789807364421787326182414011947560933391301808792961939102133145102
73984740205507516231681186601898048549053601335813321

Euler(732)
1972902532865519824764529300387570175827374636428636647195011906958952281799566
9855026727599547812866178413643356342565338724929135371387148068515849986204966
4205190257140709085001161174590576043879452602697290241094984755503837005254742
5294477844002638281235990706689783223193232182337475948080616002710454241699619
8262090383628179834947165987133246608165923147457860320929149477049474387236054
6324499831419244140779098490866495054996636559327724845339240614869202747325932
8815395702746540446010227186162692531419958602840703148758870160753602005029454
5038901182542271130881811524088754240958108294349457337906016269303042637752699
9398418450311163562794655860690541043478067822270845939833169264159551901724394
4718577880961241974258342387600954401900154460448275652633479929535246377602012
0672009557235292543920220138877226294839188147205016101759493970869859597862265
1030734128903212125929468454533578601036610721720097712467236484065348061238345
8425078003821634402456800677614287410446650021362074399324115652686914648004708
8425673883686121789174405674207661133881051125392488271081305977427533642069552
8436588978635308269174901323340541946870117574589107178133846775922749156259591
1783678073863968971845421973924099618905726600888088635380704183309565053487560
9220067824118219877048726268900868770709064060717084038668218162641784569757515
6885117223558660249604685702286556538774657496232973159774148840576331776351292
6170222292975492456741628387399725740949407970063286969834402362015050251307625
1766389238022472443378160282874735208064839227587835576336242129256934347043172
7430018124341774647701605240208323374932732514660458831165

Euler(734)
-430195547217764229890709158935376157963179704205175120412839786351932300396320
2830218317219615278179017933960809018486838050602493457506935395573391211746866
4223229156606055732559156524841590018969802679579135432635872216242364274250281
9234724067285809714731351809387982428158236955355645205969733024610745925218474
8966854083860977458819997125436591041704027247137912407706029373863551860172772
2259721460583075773745548056886148055111535749309305855245409814646874164035273
2914303314093378776151487708433213186897384891326424387225068895294441275896460
0816089662593985794963942377099146697354307233004862706108214572125379057993630
7227021399883817895915331176472226125587050306966414575207804201204795425349158
3587271578939445402500266212360902030407129034341503797802194287554225803323192
9529985961885657442732135063440034041073350343798472272943669271100701049706794
0355711084287178650772221387521691964095334273103580888089398937014222763696227
3340503191269230831192896133292113817053045279507409357904478938874314691101696
3995113624236995028743542783919384700782007829582224956009685608872988935359034
6305992442606059968824689643417069272920036265364502516148274964541518620438607
7608889803358354725662084453684001595322993165158783266296021941974279307953599
4372188346494309997643345058253987859298314157702932614356330589105144656263239
3715587160148500540880435609419516164037327044848561948039728563921998098373356
5679890976455097497802336795150157447378693756171616102796484621141054548246161
4554081174185097928638186483335321416163137604407721869893178864104917684431048
0744731837077816881020164388580790918181541231038449755203683781

Euler(736)
9431728923085727724588152803561627729676558924293479803216093079932226511885152
7723419548700656584963549539974447362395181124526381197008826913348978514347078
2599350930258173205695824619345815017077234529468661345744484044165689014978166
7352907177273076770977956656664023438313401656278515980591040188862156163655122
2973772312092674856316305562190755404472050003659895924809232379710784213989858
0480555154623722535740932822373144405533527434480540483031228323247094044890606
8152795310906444369209327977565699315884253429363176077524354006077493867167371
4415098929411956437355321260296602483343529311188638023909063954769112385834222
5516252436492899223283714349137227798702527632047859198914223335101012252710759
7460008883628303082877356599676415799190853109576610900669062711081862303482364
2472413688545583697732013251075821398770551807928301046426302803846514256381632
9686919135327156143461454989313137626087353086105502135730069822703236993366654
6326994934969270477314113636158308231992677080545998993423209996150687885706103
1302226709609120763876922585986037806688996426297039898410257241953017793024515
4524286228987068574135388895905890811282037797214653206866108554527480274727590
0441583764565093892718692924562787719906078006283093528635866367043423785203436
4886493578621350527730676759301510757798847784952118098368760147831178439126251
1705488484833107457872278305484598545061818182293963106067009285182530111456030
5930230522895116464276497080168071269518556262266775670634768584715898680745653
4268206337482676148033556804638272548361216423491810996929747836302053142372474
91572439733512438644709385577704689380669194600219676714562759400545

Euler(738)
-207910013133804812354853355753212500287825427380166383338255386268100455098986
9853951975782123527529772750745865314271942558469414412870260075747421053399248
9628854020019703212117706686467466176458944494491630715003870559419047346592976
7438337613148598122905477376055895612952113173365157504247116418416767688610185
2944949092701832403783335402876057116762838341174559380039794008153333957033221
3038468082099908064255088582283050918467453053398273716249362737014594667581313
8995463560131173412485406331222269656929571688612980589579469350093278320938592
4838101841365237845620329221540831075141540029752976071310292852857351603225153
6178844404197258051334310724845588439168695544401937246615943175442947573611931
8300599120850642276187598719320832081204505900480728608230766763683267829072900
4097090494159708025985800530515076591912123183161043121760612581029279040472828
5150570818142035358043804385738802761280179289357531245105295710943391809274537
4865777483505540968293517475663465924500748624715035731061764163238817512001142
6854076850905903483192252574268183430826603098711977568588124072756178508667084
5659974228048831906935585086037616122693305857323740742021638319597805130130298
6459050670809531012451757168794538829463603047239465054454847753338068325528426
1771044262274314196904555581230745648364639305733656459425505284259394093126788
4222803849552564771636312617652266637650091170929797273747068440305420368955183
8343579875980681614956345754436189099634568747258752400549921440893813903846699
0662925116154927233154438876477215659081399252603534577154364311208526651156163
800189032535399691589751083335870039545340233258712078674591147750314478241

Euler(740)
4607992991889446246954573113314336438846585494893165171788266799183818573390843
9588656485177048874457160121215940530311312389779671661869912840161874981906489
5176374654569591928288169017462243532692426731804464147429210806667067456312921
4051065738432151157241017412059453490311807222170916507953679306516262610107803
4172840746585978355000189125214490516606613861133350781726623681067020182724565
1870318559623226653078610670707648420188742187937548526078989708741118213195235
8427746112109949494006139404368028430000974212620701379930948907669749967035314
1196413331172363741301831736017629252290847127602085957451471671709118253870721
6487721222602933681849883998909398854153110416026134925106313940654257557856213
1260657733389387656595777523825724479836470984943187797220258682651463492174000
5950608477888011037827644292898724353230729763560924306306090270265611377196065
9446579187550035288110013497730964142162612510331546743256548825536155976607816
7575400480366536615919299887698795021911241968124541282014707826034654480614326
8556267720305019462335323611820935441510681259794362857539378969602468129647341
9327765492764415492010450940729204259825196634527518078495248753301332049291904
7232609927370796844912666603489124427119293384903242812389580027441354912950935
9683520496112111740820895509821878415890115085384218273488639211146269338744713
0872659197008359152284879191796996494048099216641854060589200703856256793891969
3484070901001697532053269425750373471986690115736462867329768466673164318967046
2542098721476128272991026305846592827929119151368588840594803426992985082187301
3852753061148242339666477595958668540670510161542575442741034701164628945325925

Euler(742)
-102681964537788177476406836151878833955790527348954178796013555378015232540836
0186573384821325314942827344150390961933985938962624526478863158354555224807299
0120842263812096605659451828975477097613329930785394707979135474545571337683560
2436660955220382064053094196600196166430027249397450586415925080655170101334706
6843750716709605340967234104271750030965708399828645461440705825182078799091310
2403611426026640453049233234585565838000841773636568881514824404960002691392321
7945776731981730542618285559778056306766985826201098293760815623884687992755241
4083195489631746380527172187707043771562906235159898618074859207477236780643110
3733813145763457560818633762666975488651392190244121284314846633351954529172875
6143286489080302209193290175438312358385019586431774867776632806145890154331751
7645360288056221403228361407189723802209862121269848551884518264218337417366779
2733844853336914296177326888462965532324782837691052725053821379815853322264083
6596354680128178671451478856979043991528952701499187483943915831241200546585793
3613265852145618826588784640506282737303478601940018035107777704660032346782984
5744648585234411201085494898883383775841453483635821285146576786988633969530712
6264056380444017244799507625144826974497583507991827698976493464928894380144659
7927416426583012552726140609743461204701843274888710654049707851972519574185041
9274286807218218603962078235627232577081034462261835613297506707155138135254559
3363993470522971097028624395575929877889715194623628065007292066776609294390700
1844298301926445401432187034136303187886927429916526794945896742249199119765847
0756465351117837042106103682910446851701938212336882395813496489923886378522999
6340701

Euler(744)
2300467829673412890167000710918561882906729302820468899745579925299508490265733
9252229608104038839384540478876954501997665901982364143906595474071895324826223
3444060891288773086098730822014790188640841877762052784377580351406939422496430
5084073045372241498806346868398545785037007192877318319485331686429579625906430
2570512731076974098813784212993496209503660954054993977089034588246608970651494
8410595062888732120416812200104991337513157836038674699939941062723646123646157
5143671661839107888667212469989071204244952515039075032391973233264437203610582
4205044523508393986857982985110538674152250778358548323414679203716796845920965
0527251702715892235401173364120576776916378155502294064063142420972525810623755
7936649668565713798810284244400667816785835726194713688809929646979631076110853
7820778674836624232742285817190408365225788233924637299053165130114300883357995
5203550760316056681810103186919104004167244178244202940296054761473167101319384
1138059579489123362644588422165258907607889930964871659969668422633827174039121
1565328469886507615811963493416399050395791315081156078097012653188852222431359
2527241301045099336716554316267555484297360110806619106274791153792651019712744
8128710384069049463114640122740029207684395853905224435206041845890607191765940
1874505956886180559719844673169564239848009711435035843122244816425496247923882
7906449029389772232497944945379266644339641296867345732522514214147097452492565
6496408855856130486933404713285244706740767323353713343441814824324259395614441
8749458877769983982205275268256456496938729807515844893286837720079808734317394
4225347603735093883856208627490164896445149496097513283033108872390827917152990
08844815305

Euler(746)
-518169099282834350843382868629030844319327710731889991009621822587063609522547
3098150901964073840926084794537457556713790722038272834635371066097057195859729
6088977943305389029032696796275743192137783827971854177406474161448650648548552
5036973492498357453518352690129849643814349784444150357266810743867429818495989
8514039241543820311394624189647148594011125259163769305008903637946362200146375
4305581974271347385700160404607162134051960337325216994226842053797240882247494
5047986586171893691826594549298509340226275962784451330024825299202678485475776
6656251138789837290405219179834276876244297329627792018520953000962793231758707
9817625650798541403795615280667596402402653263762221681476363201130801330047471
4380956715372693767885766995246739943475773834052374358841383927900466172191764
7582046430082368897448707270019824540369302797236768898657189234914754411444533
6998199177233538979593341843840695911401820243693598560534406421616566389549122
3969586927875695510859417794832634214195186901123965249800662443359267942078060
1008728385678182712148883461550318070908358695541789629263522403066452314233942
6639196153548390019059545444456428251808470840762840823786065208255749158514348
7209624744869818725230628753782623047936688908250491993645083839011171075364132
0107004373181445689679013313866799554685352789154128292868864035453205173359342
9141072752245236851853087203679592612054834909675513738552263428385970461349624
9291337324955948620574194647284494737403934974149589748421691809760424990315259
3618747186380947110952152908830294204176548255341941357747276853987894205833165
5856308947098140043372855739228199048554291292054667960239798861707667032577784
54778639017415161

Euler(748)
1173421269881587052032661951710940618328977962408253462239726377939627905008925
8931816663874173096858649425609305593074649887391351149192263296448983754816015
3196197264266566713181543739433057204587195213340540816598481429024119831176278
8023343884541647249909747700384622213250189777427453478907636604296979081178064
1243498647906794867432707916645724458898719590357388008735733039937556153139881
0527620757308307741986861445546879197551130836492982445329912007671617898604957
1215688801272873776472516629949955285020061574871215414612095882507024996648737
2391813717410646398349652231724631058347777761188159694618585518804268129866047
1654308746663969097124643092513455214124817682648064485975896868034378765937755
4797342871664504592960273080305422593308507121639923160578799181685642724290516
5255571177736507675987350302887283418118295267076704185385599485223430717796163
3506874218091026579180951203641854890342384427322022251125512483000411829157761
4425729164002935115856850279655575026169120628735085836796681217210108859490426
6252578748674058651085534135601062285479161236756436765249201918024785248729383
7142591653565240097490477579104273256834194907014763938889152038588249769716928
0775876772132732301553664788598436542929944019475585693794155384152392795895220
3593416724032246294887431422116901320326141824962841276203835154448696165844126
1993778515870642828779982892375718627189949215577058339014683914475794456453029
3245196533163381982799573632486612216508551716949768281701072250662723111097873
3005070561497943646222748198952803744295635623157750449358970722914618008662746
0530298066473189997304320630947515772741069762534132914852292528922889966663228
9289201264010833276685

Euler(750)
-267151294648942822932069385248549698231175833318255075580880279012768496382516
0279977055193036611469188403630977817113438376399886160073528721764209839420400
1299007294783780390558758934693015444155599355050674159491287396163867061720486
0159109798675606366262048858169344873506044525926833030933754366766959430937990
5062539635754144565215838607044851479870786604801907208777881979515765953349592
1701857541251839533455756427137399805534780714370418338943294554994706605956407
7793891555032237754701674824789106758144495667995753565468878993424752600205741
8123572051753514508212419563662182858998299938887229676053718774388461105977406
6036060286528176889802536666061813455875954143323439307879239698749559984716596
4691728777781360413708783266524670512763230096082267348192507368162920392553416
7188238009694088320581348319263319667735985381693657246186361783334083070719393
4214511658477131886125145533445786991783925002586211802394922847826849156526858
0019432516310128354381658366310268669717106456200806181973842287303732228995250
7014648638533672512015700842185727484791814364232406415289354716859364989648859
5786584351928284625009036052653545101971851828479336636525467091425219476260693
7140611931967483305228012137933279181645911948648950099316020346737674045382434
0456227869271715522003205440955851009816019150074444983804980005058224473380940
1011503044090343975891221916563824356353983401249946556915608080257517281268552
9526030551198669502344607072424503252660651954387094353208221826342512124036565
0882540477035929397628903684021593050570019567471973772093522346711275362445057
8510621243258417609984010418319104037771663018579711027165119774860718785193085
5497756327354025582651445621

Euler(752)
6114702143033291118891631718957592548316036248423589644738758269077361583636909
7241681540464057507009711026091458401102329385080450656993433150628314838451314
4503192246514065523824233728694998405143710938749989527822064642831904616196294
1848667043732863515843624221655898332693180594289725837389346502483518595289709
4757535815317054715884022631530627102139410518195738887828430494794003454926485
3195623628688574143776720727501145088780973687285079788549921370999449383759018
3713047432206055852883255730356279047297247678602773594419812066479195577712341
3595365973918192867573781971333938673235647938532071170931363495795716108752168
7680105166508936077063413059484082900009232931691198651568478637798786926873977
3832157506740331337665251835164398269509827906583763832611731004158679732832239
3433845788465105515750913199172042987013004234680208005701757196649365184406916
4984162928275641496077297722019994287601695419775984486177156840459080398842735
2304597374276947980922064815880191206534050730240028748024901368642686778305593
8483043041529579243175431782372332718124803887842655529827914306348763401349225
2425313337060048817877203878758877560324011855982067477168182535201689052202517
5563748635100638479925874777635180270648300941021629225648369694755866985181735
0588470052477582251805415300626808979015350202217839033390336258550542446032283
3149328396041020146077996615214566658550252170125767733559372294911320602246375
6398701719792540222678510269214561921709927952754146708409293591202928233569720
5592493504512573235891084822304706719144625997419487944490893779907614190554626
3874017361733095789558061955545354123760514740024419266680110079212799282150346
46433303584774044288158614118065

Euler(754)
-140702519657208496666528070286907944394118809428425846432927484143119172142754
4700482874414128902098540129620676590425146817862127896907610260717752397944553
1886761028182727212783162686823961221941533477148794951047289150969993560701686
0569210344812444780304820569085362916074365917485700995086428231153013291131466
6160179049361730382415548961870674664067141742383620485267624802423393783619129
8057046486857447789564616737816882256352342215413579249620566121806209635198944
6792372737596490903953459599610284836871039227271032939698423799899698031031137
4629576600189760050752280189061362765974046356331257810772603904040340181300439
1589761151709286028650941165661421347661150185679904267582280870702224515714159
6727719139911387625483727331511330191989175172176259866604501989284404959733648
7365817870285861760986429853760100252113857679953016653560578833157862239080861
0348679434298051575042953024808157189418376745333054225818034662260526317850836
2419055512048265473623377371262466879366875438378320990823179271131067193546688
8634334666288888173946757083501373761396510507151999101167997999024135671917320
2660852171137091560071753642766735010989122613197852013796169080244600628768018
4973385788895803794599612545350254248331176386249176155290677958778270407838809
9345588213712304072586502708957749298323709554739918041370453940512105282303960
4589751090946030499842634605001395069738667311123754009386498319972086237865099
9707198604056344795232232891191527408353725346265851629070829961747415413821726
9070619948558522507806567664916088284551267856777192211367978335290163953205644
5923058248778885216417984666033833769360206896331294602651023638474924791643835
443445751821535912442874916566863376081

Euler(756)
3254849167453042828885534371689813890409754540028843096213750693601501063593463
0755290127594461637089148953501413368075353536111662566678328014584843999539766
2368462378800632022335097128688213396113821775356595752288505189717111550259652
9122819444989248853854543907237737140645265259417109401949905886703699487851990
5061779941458561864075682925637130436735284506300963018815053465518922781353834
0973092233461583468327437288947126766860514692456235449759911065579630872915136
3047083271555290158138966199140332950892214566694350628949137611874204606549081
0002312283222664889309267896924451609354582573902296830554948161337016434740804
2270792359524920954910442330711200398078369382849890207356823444078476429497009
2034416930303586168918919321273138645647892339229645848208693438093735411643470
1295955406457955957469335828322053032289635610719151642499006334545584714340129
1302131145841154569077333267911904065377355551706714562087903855584460686494230
0835878783816837374743875695558287002843117242292204104159451131441241534989734
4508801454064152291439304594826778861423794706590033225133451762781657945216540
3441150982445531431555182763915892196210136564238594653139603828734425266321641
5010373361732137447703656153454569990412283955160805423527625156167681261859132
7391300430823503846417148061147142572475308981002957519098398504658273974292719
4694090712327303043086523076188784006300572829184154025245036683629474793067923
1423198110459964208257605135815608179707319158142379382790142730588046362243305
9462679026818127974637339651380169469748397872677495914321673418154550388909834
3889493801627075931991707896745645970265602722915474544308937891270750664980689
3628357487216150085709855103687870399547445

Euler(758)
-756930837541337892139699683121856587583912688712681776520586734069745026895817
6405670283754577556587656153773927637217174001332821652443686394454861190473256
9112314163886781574086197859064147944945762823215242162894944800378347077696340
0961408664546585078099128970484635031695037725545301839285389742547606131460806
5742502396303307302269924944887753369739561318150182582040319849820899141290670
7883293504229850774764773424939624835027283362788699158961482155424333031631099
1896601214048509244945390912602243797808120592679251753608200545859343760557287
0841678167832858631736465522225090065064693971879656195408288788396930648980328
8052092732485148258482594151193202339117006804667048266851234287282920053349412
0786677077327447934469972783941109681161702837097520591392993749279552948409787
2212595636230975244960199233283571142920220277948596640001081484309349909685148
9219551007533238683340326242992344010563348262263815907864410265265661724546781
7662849761186709251387353649811033767413443836517299167164917619191837605822753
5774971976654150478738088704326479405700933107548531766465190612544959526587973
0753862772352896522960498974831930595954563774714986211427309725551157065455011
4413523335655409931081994859497883988583940492158968696989255444629580712901461
2551874737304743322280357184597944588675496521336648731922457121075822880791930
6898281576747608774504720442067834108693774687033966603728640389910507974042269
4105479630261588716120506490164278217406306201010217346269545051471876401029687
0419261720201678422097902454262947766512770640216320830560040597748421582007596
2695960450101201509319027222689858438642777279750471648156941645983000212120437
7122172161155320030988576041894148872757054950541

Euler(760)
1769586567336589459368069454764142955668773542842560628416509972740065052932369
1302563251569097729360978492788386745927068909566339069808493137248960917205061
5229456603106522193417075057167724004133833923992709966158774629093472223893591
7418665714796697006542472143292735025493318604004293650132051762004960902987231
2907089216293772529291217545926412055799520642824407098728821527970062335018850
2130842057937303791167014896439349670876878870769868445013490242810471667713059
4814583306518755002851319878830499587507751868539004074474799598543950617253130
8942412597921986716224500880902364634429518084302733636085749459032947384797328
3672338515850840436309042414148375272930228060552796810742301471901106650168715
4060103643001106328446626951794822739302795879208524940686280404818237777331966
3301431770999678563367230977967416756420522098259901608043244863725774340154642
0710804049419610775574661422363889497181180895901450742066267476866861225453090
2199331635295619888590619042789204057979562330980465960756238625523567525114524
4952639713290156031584906333333233141613323386522881282998547340038270868031080
3732033986606682445724241396378616260147283635399915180941388608650373494898291
0112510868609898006899971566796785777664649059153693807853802420826432284288580
6567528988531415573022637392557161262554244472500455401730812242195897538940726
9576876509565187326604974172546210797169737175956255661056356392516412522523261
8827204559104661600758097985598933644152663794291133238705796649655528433059073
5997495017746711496241721720404746614557704387159778215008748510505196836087707
6000575871971451770119467562788054861464978628018657818334247642651484898863476
414279891105792275198795580151236947539843078571372825

Euler(762)
-415883496901664914120392039053097555508830152634855009389241518948472711654856
7303919599332161918297979569828801032009334301701461378044067719095271683686873
6832360510525105516701329241770896252848756177185305134551425930483881232827621
8693291998399260907424313126476082549032165072097505459638289521386042762200137
8112965011626875374885494883161493858771485318393755360022920146325980354240828
1127225973598408954126429834623131170417453096756006898358416054305671943070763
1263642092942671968163215444042565836618945019551075647081869411243915100935969
0575014597849234147936241359216608194007669944193632640066116067392530700771301
1651129441867315802857524854383690190495955328715948613005808090079530241235890
2672394003002507564483363344258319053726525124343848049861596972448763058433862
5713784839257612827476719232261418325393522716039081651695431094134473413610555
1633422540370091974096896485659371184937971817010819045972980951412080273856542
6247056720635547846924605618514906790902783404461993898509060328254986494612633
3963707409438855393948814766867105949472791840431112041017440590037843517279777
8161077480330565714500831085597644510851271949376203272179956683549542423176795
8522546130962735081759413799846762837338915573890328928537107008304231221028263
1813415960283992439436110941704442302509783111688332745332577454900951853587170
1370668322032153659185471837745612166683509374513649382173809580660321932717607
4448523464599919830575662302032061856367407466553934882626434401715742889498211
5052540803004781373573252373223559088971003325970070745787633552863105971602793
2635728438344763323431226572411716321024636778268632143989466670197827323793447
007706973140054337546112964581184833759700265278552810313001

Euler(764)
9825390715320784146937061416213860257198519575718226997309208721647908102719422
9836700495425235185606198984428018047850498642537249829579140753998051497180525
4860155937372093449699282800577598295300124682207880199776901320177242231074154
7936579788967328611702248717611392554681010379384092333021724596102856271039579
5106011613535258639719390804755344652886395065827547025206456253573805020092803
5083219969139866285019993039693026652015145039706829039578191053011515944842033
5355864993676458644149155567355294479230210979309570425954331879181225246931284
8731188975907441458597524169960104898313934761631672969032233660890070164951126
7711658888823848743016828241862046818016032624888206073144917373537733438029497
6189899724715467148687841889748512294462366561342584807220975916817200124067110
9763305819468978911452330520856655539436588105465558853609355781573606564429137
