699933953940275416822058720795758602323474223180366360330140959690706327625550
950061876183445620305130519984210844144827831280195606244974670250469159276122
269066483818418752718952972415729915827173697231278576670765715511101082043797
628421013148739114806543177566888287556608722756903245410640589987199558292773
733511249576387068684271248272777574098356253363893049457815053347207305057445
773470333947436952740967081496134196437630968777061190090052463289872804658707
703563652554054590230226998865289671829213589158902606269495059247117927467529
085572125459678666794596590457850040356371073058230642969145915978477327605326
324583415671786724269831994232115973230485644202942181981696409280544612982819
013145319808674080519037711104941479780895653906108513911729575434495187353635
487265673879664362024623780749911612200438848183858739743384315875388599213127
193475332975623637883621366846094038494119315396831546042287610959705269294602
868934254511729462265223281392310650219812542804263194428149261067974138669532
462376416506650133892807167722498956417862091794746595344351813063371870815873
000592196150520908450981119839218326169943674007108063645900837991328844099327
763815496006758150371966795493590903937473261039105427182885407243066049315453
156288163207841122168260339174385945892799435249782211849615579875951118565162
499016633159659503240770562440347412286935223751450902412734869050441641977713
301862162514419828950827662962800458544336501370119756556579839910292515264019
586081482729086065493550923230510596437966092718959861010648296315524756308632
296360726759729546336720872746074057667947875367094006130425857650548007266997
856272393607669497271771697097475457573224497816081617501516271423921156538631
636088164423975703381267141417729095424886784428514295681303744151740143050267
875577663420892467589156855910242957228585177798020126992873396453632633322150
674477061295182005467604423809821726389687571018931668662938335764962305651891
404692743496644900349863677598015788569121700031318782215774570102276637573701
790249075588935395386676034520508508361996506597449159418462035160937787832524
463358349286575907563915788227690836863631269448609792815992486023865663760315
087967278276853036360928178028870332078733350480106078407750225884312205623444
913371577764167702979698428241016393735862442363508670899546037269967781553136
447880928733873721851779167180688601724773067179846418314464633890655023952754
941478188310518206457938558143017192713631733845018173139483371891970083319140
018821506609838738079035140723963708593710418360524614144344523824099708218226
430928413591690680142003688320851934506994226914068235240218049819573429908092
284360316481906884044478061389809632166896663609407190214325898531335098964867
466769984017977434143183810558165248315062528070468895616523617147959977492187
399107951351550026330436130415388120917288836477092751984744874022936406916243
072407886091522858767953605377606383861729661132960340680346174293983569105196
623250208060162841637389467579342149041444781610457248745942181896070820828310
050812785312589122987101196495949902514733365809049514590872158577961176664046
951353670022559772812774764602676896356164898453346114053377336124518965741442
047778489441688217609214000562371701996908280435511786577942354978086123488696
121720099513923108389444535098858069927900905798401358564086955329674919312898
632660234033002370235217412768610691164937129309822138671269988585194845001050
125599182830808349003611332362152579055998831234516495162443731006771897338300
178882245240295389450239921150544136722382746210433842041745026388271169883822
031050054413965268128799264965186668612978852181069352467231391959737797251386
269796298209644943961777970176054978611120915144048027261606968718887201193372
782968432844581336651460341104203858911570639227331052405566718892507341768521
626705231313013569827274010672371491460238658859164408094821798854123880551409
682952950243410484810250586397661961468281087022496258839153608625291718290954
891684349226251243802403470518675477746607050919683698623990398432311685596403
867325924138275156741465451970238310001058479840188986682418925164798963675779
005336933822240151655038299584344224623509024392789996372179082054910018997970
193814953131174345488991639411364987916908711159013523253296453762309279888598
611827239784176304551272449184694237195070646269857790628480130728693315281731
400030625422522263371508462688122013384142701578235769454694688582238351397585
031237111744062768998803660305032283907303290633285216785977896811108108568861
917703590559962727638405457484175918999263614517993162585867102882411146019508
851062136180460007263147449699177456691320174639900343466874964541219727984356
747451963635324903448954224342894976669496692443658042165636013832060118437429
896932857447758868500208093850413838238654980152358193898973631476796517574122
525619150804021670864031254282090707470011379026569709279811968619182636716835
173766918242343798784197448163583908247347420645664176038221422354375928657643
107801836653170672827962620598518097546312404530496149425839933574603692546433
013419602594530308475220118040528501685186762286492833265901125136370791434849
918977903101416324990453797982553862270462239767266075496190285006935485195471
824229471014174754670214455649600326212014058465164176660213878069605553313279
556632716083425598731901013689546998904336261138308800728650579337450823006815
074336910037777236870723655403655737637069895008156891906412336670723156462700
458507297020649122667202655465690023423043984723022269232238057332601411089841
329744648643093087601451077854834440929159929040757568527289359477484072926901
373004479156188573519774533638479687943833843565509384431520955296390062055964
124945485690738255515316915368703553856627438001384182832142033251940235976406
415095326973530805615930952398458009728775817600333535001004573799191022253273
326563476767015302323407465010706362158747815395796956093588406578584032508535
624569041563262142997510038149997721499007888801605359573608085137174303421099
194559590035108887867781692751194714525182638153626361507030721250447434542605
072940991260150715479642861438050176680683590098697551896479003628914385182059
847429419863521568416719673028957859414549055009763771279296154969893133062189
797784019565090245278568281107898944663342143265041162981609651355640097995241
519510545490379795810494997015776827665796814201449056481318027997591788800877
089452232464199286002372603828832031968135642526400536356745905231622166127854
671050930192944896163111059060600956809073860094708411574846224655426325991087
259051902717937258480890602279989250911386632847154983767291001795811710478053
870735268171510500080308648216726602676834437660311360615459466820316939717894
585429689357082930938565091257563294434370642231627600656638595112175305667988
024157948142168096493019703975241489953303662580190740478264678308442465461550
491776406834876463463762383138342406316852695783881956067922468237539269914128
830455944600337143105396994929696003702009785832688141868614977039876706266701
112526614643065894466404006171249726067818017855139452680785848534248198042635
130247078136037877106293649242279722918147623714065162704946129151828371370781
211693029559604951545032735743631008612148576554026931627459637806664711749815
315843591795880646039432495948060477790296333604864629768540830921104769483160
562985848811840713896211691132731547422392451788331190483485530920264766550975
863712232430851660766394219451282553660791974841716788520018529846759581348672
207627015306277253958417238553268058475159636137478432141506614841509604930623
956544489885733359047017357628637502906052364825013513996241212078767064180182
507633232102378715957547715319813830743653580549262231830285475926205320171963
356747999611255880883974920562498995278669872393092576884528341227368903921265
537177390425843885904371192558916049881936495835753780804456061513366339232716
707419195855242919893094673093520238873028809764875533020620917542203293334892
658545599378008841731932844211807587821093313222241245385390978975508162063830
835926287782788674430892290772850702855749096517326536611286335858749927487048
479699880765587128289240610963433106507105246488493933813210702127426803682943
153787423118692517219171460231141164873707850900682915644991644623164414865054
967040050920174235279203105729766260277444713973652363658732222151706130099975
724695779902310864161717431224789202226265656896924189030055620286160097575377
967964155150913316942100522062898703364138323443548823899939487995078859401812
279440363901789206528402259423928147479575397967019081481716474139694945656473
365732582877873916531154972099890567218558538849528323532624934001218575957061
026732249430006839540076057387728381739040423449163452838975732267216966354026
942788675013942285375335745863321974006944289388838508084957205666850590092128
122694542033070555411701924614194098569385355705346070787319657838807595567210
148236310540234578811394147956044927512784378236154512777311500478014343678554
825191929584844203475110881975723585454997454479847664958867986955928210808909
141394115852813689195236610326822092166191892814023245726174799142814474346559
843096973371311804671129711455922968900699137060087721897856494559930857224918
883241117126587393177076899470331314778948113939494552545524017842536531454939
751687468062170348970898607413976142464902960022101849812784557589022268394752
612645556789628463407087011443068814668803049679873188405053576642806663266638
584057885087519279390857579808029637961449059688280190013674620752365457051775
682144497615110635683684090257145577428236035308523521466239265904969201684650
059351785780627817096962012439273407297217222311271420234820794977398104859800
552393643020643875580811614954502487186665171838272554348755265486217689830445
235924194602995364941225101989717805577602817720726326200903036228160161560850
252759440202050972716802056070540645471197459029789029729207966362236323366200
700305503534465634486154780959644258626393360734762908190777160554506447924026
822712057088593217667207150830617637727904128577739568597272564148391438358971
597026098495451968029830188190961328775458125327781388577838197254781373832048
227945618735306267874208705793183463451331361255126502140026789977547047663996
566034678692093060964110086274385159755574171704397343574360948108228837252024
912916601475260432195024873113581172897597284493917741518829141493115033894401
217028807282887784901361940785843217775689144119799906992501000440241941437979
143096590354704039629329526768442767069649352798028391793481471135285660233838
402097643265013919734393511038036176708648981212050230248436734215439364076182
516080183213051578741159966065044579788785244783139236813487740885743880093171
982339696350645647955536661411095859783812030936379263756214449254493729921130
062210345947049181912794145905415915772721916489666564504971702556536008825380
253897001375088005032951446623404254532790680435554489967313930632190887878113
716040820022189042565300973464147809505680404823041389735003235086345544600845
824262292221939047673894768563344429979421958685636899900588827159245824954540
650456042969208240698590190189219138413876834456629624466082117249030545478362
132064382704327355318216552140895521991007928716940772599291409876313925842328
814877270137305989916516088521585137947336049655278441065916212514842749780214
979987296682448249426750155466941437577114729741784610097409529230002290051346
539244363855361688565532838832534472161379197785695881840262865558778371782787
617498606915579670913127882104747491353629485775757534746427061073707196459534
339063293392967422086318152677012068020214862507544181429459555913284935552277
747170071793295880868679573209065811108886474563124887288887101272205652196529
659754290751476534224463032694611388957599921230311584819637016055785744725402
027112192030810842232748344755103928384164795310660734764897797994135564603114
214045399039996742172091982808435181616391455213454220084771799201989535739663
233725860120507413015041631548296541186696936918778280635792569877378562043162
156075743704927917447967923055612191274349523675316868161874332209322573328009
880790062670468108490499949428213788960859967408338642834295666004509877392895
152696178163018403400272960392114748443538992449904436865955753002744242060540
866487350178952028256181514182307581503080245643289122262388568214080867267419
420566571153691370678687401860201239980875143214329117558244392871782063234068
756595440743936120645660670992715843523459682048414335682649361129628894617945
128653126876849103466670628728836263536755296063805798587880760409298795360988
651101668591978013939298941043666919083570940108825016518366935375681100064646
192368173307398730053397950639700245478488140726081693364720285376342656646554
602885021492501506627016907562665145152056371636394423777060759843338134912125
467313594115292354641472544328866627035212367777217842016904887572184492396558
909067952605644923216555737489400346251873416058013972975243548292183629375722
110221583228397021737413032510289443859268578622184683505896149308923982890166
434293803598087094162463202907588203404691773349112372711711906039994217554323
285285041959326117293476966026194766105948949843378555716269737385905279606371
221865509632959797644901049874146660384556155215966671967811700390808334654743
351309362222281815113588026641376018939854343772766483910493979344606704355139
531484888217371267843438699597912977305202160772732366300392671782837483169034
144103705293531299031117624913480243607832278829573663830284949570719903874096
897236740087923731126791244386847555076484080890466101894326211060589089566284
210084767534487942182856593780363454013771530159138264303259661034901658119667
016717142382146411769935240412078893853458165029203956001460345728987406303242
527790824264982910179610147554946148130643427907550044409138605475806915359402
692863734864949099533273184359294551265931163526855603560827627105832387925156
755634103500951791444808992604529992395167023666418159900855882646966474028918
098653335419117406104887878326231493394128322752713135834821265072672946603881
024257800310444395313295903296295219847759629957433494745050304682292196628757
595517543084657842718259302695136193310032975124901751227628094024436533637855
280471602105052456777701113617477302702203276153136120168348352455649147069290
329418637519729023752133732199737436844940372228873232503323838507214201870815
979193614012809072767425741669280332201341524381921079989410871223034425423596
729330132948874634846984246948509324550904506083459520187883325858065543062242
089727712100170026612651886514682634133839649503972384170492161013945965249319
899037809965629354276748304688486799582865860171315254596452145090607280454519
203234046459972685255392745332861028972965022430867369265645083326187326227337
389900614967132721656702709974612494224380044999539907506174372186745279438871
534670958896601936656993724724521626121675718828602129899780178132341689033653
059960302649922679104609751283869777162700686998831682167504906483724705281852
765191355783547360549273259172741371410186004264488246902820655397348270966920
525879831779203963674978708648566955038906501146526176979050034954900431880818
033859680087062698027772424572133482490701831837278906898731615759328748332153
803320947801455097540627402643678605563234603350521531470539662905578216613024
237073068246726828756209936269032101826727207606749139021240338596986219128512
726937179808801529853292183209477326919439511749934516270117136988319493633724
713646547965630971153419820090138369081191578377301809954566177462757406412521
271169914854061835416217765409791680605156244639507001822256272343862577401352
106762452498988987746653531799527550822214271629435576581674020883461347820592
753750976647609630942116575312324812589001275332408883141266078634015435159613
308640810463246920210378491749422450702174580781402511788221585055842618321420
957622996041752500950976891506651151801963178634560965932116906860953364436826
197822591286528318482083428109089697933413209544879739120558345748890892640431
888233293643684009327061534582863475018316595422607464358657139374228536689738
955471918247277620488199050795093622585016760101342466618365092385272240995521
581892668629866899911473197284667955773182730054163220932834930951835669499584
848634409194997446888985193459761356520045805955257936326764118733005994661284
220787348688943762800809815553590346436724877174810712274590601742778602234682
630449945436263008964070005167205691967657153066740454161271210632215228720654
179362709966080707842700684065246408032312287829654651103826464406511756938065
796980997927051213041018292036360733516951809365439150974808592320966372290426
485718390724575583071365931863144590360560263665923322627020012249981420963737
412997673051631703791131500554742347555614116938863684971139514251069508699748
633557210279543805776265609757678212652914753802476975436073881553753554933296
541721947204983349563103337446247577640977249589350841698211648213330870974881
030172807401529394458170872405595626136054911965145414461912188399609508059215
584518995319873728722907117744103711760172441750708820521615880168608572637603
626539042121440064812663443742814844611040020658243399862287899671136238192535
026570543082591587447876092056669168762846569500993192893877575775776123096162
267915449734540971208760558192112979203697132799116561475720849955006263196915
076322607179015113323156874803982249735941087126923161524496670200910946969312
025049086074535724107079104011907816853317768781442870122702206944153469466631
854870302607791713974360028561760658356970971757134600144246524991661909913890
006662099704012851306387231020878915437381071104601309166291863325807353184239
172110824192180988856732093305321572832404291120720699338174307549225300687775
927853907407267323595125956765932984732595115207221190378591367776824508826438
363129613559795981917523472059745185319518881499001960017433523242126373600181
585054605664420183296552913579809821190058929334482127137615150003011220425573
039498392131821828914065150463466274099132477420653301335005135656115587367217
287513653622608811752559554961766584702600980614913149978612221694836711022926
093184738796563453604320353503348918334326552856597326512782588869214054146975
637797170561358848060694082972528448619580787932170705825319197432221393740693
611836228748400549854799102383744060818646722040144684635505951559737855897255
981537997215521348403481864399005788069680883873848114453457760581863740303931
582800091704532133695615259258051636883446587400990640034721654728706266786372
411017777177719562179968085419275706354754591239528323291427589805112119093253
806974438084050940838321114727400780476117638099002460224944762014010577798012
438827861138703242821337913507852461042488915723742924515922583910516142530527
045703381599224870279330502763379830699199223975084296967366641623990463998473
444830549282646333986227239336747156574986247142377820798012361040104581010021
784157339264047745466612824460390449909418722281244508983963757199508543503615
229798460884203468473461133321174249109859912612099345297881414753008099496206
417435951801750913598118672213841257708194411129329061556802395912019906150878
635593837313294024430202314811083148729175047504806592997432937762855877998299
986417852413086141015084039278424626352652097636203724064423417306714516855239
084290851392812860385871153706358766470387988575923494352205539618426925707254
329780988552816845579704306831881126953918952927437428734203238975497767927683
241316647123238422692235791195299514915319565324121275766119073130552205251869
938859555434781920370597240497895216210376787849939926316909034358186409856347
363406942571992519722736665262815927414520852917982671540856119954631800518583
779652655428058670693132457614469622923386871715264607144722483883887942265020
041213313480049533607835411572831716431283314302385237729834460398182863761108
540498903331005749557265747573646780266171721059278011738940732096128241455791
346260471510881357190193571466777372454266580885645721597464328975717439655713
678369696820040338837760082793536009719856381348688167590783703983908498190875
206329396811437182288415013143647102373980523461580366664957706676857690777170
338696494319621251527618066105629042844909242327680278972412018246567613167944
233124002273181235278616336221553581154889416315445338387150827715165620765521
658553779469772818839936773620032091052746194738138475911534154400223660477140
931762286505198668183922650155187260605151884204158160467352702267895470932014
062046881873900927408357040010854009477871038650757544179515872265231569021850
348520087063939248037378180589224337868284849073090437574671703892497893168025
962873623534923064056356936928457956085687719178651465201339716960148911889644
973043304966597196889242535058584901422495717389132230987436026108339249376321
537801445730076638882457788547151625431284847275534758949572299015036881495247
242049059234804759407916364996755986665180996256954849617933737259527491615631
195662582711832971005362024909531476693231010525981146074850547289119543156830
357459298926584334781418308465202114998769496169911653285950276261068683826122
887140480276126785657581514870820128145092199716828692216421008929226033006003
971001817787768026640420286798503120132514527775623206484641226519734271166332
728767498350143794528070795233341965066740649181804310259618694253935751615537
989237181397146836880441051100847744330092395564599059177949664114948914874177
241446015307094579245677705256598720774162289113097210350115818015800840585399
868028584241971820451100028295087812750655629950564845762111332308399525421242
885130963487776277433262677112960482089985685773322128515237150431088946511878
377025385056557012795398720328882117674875375489964827436241948594249886751019
259027238575301063063231529255509447262316344843294041048586471891605816403913
838971472892182664169945348510595193435680799773512012300903567500692217401735
055608349475364942107945189742762960984099839725465432681102936434894023655602
322188855854220733834183090892469618137182885871445991699557368540717216629500
267087647597692162034237229667484102448930205749244884723382825410097676048800
656036050131582708202308036411211169823900487586729743054522168155521070435255
138613132864376065885576481552881827148419818354256119535808263491311614126031
338648881020734926303397844039836202098532248739490193651270949501144889891749
786878326098609925236990156943079086435264640264776531969040744840857735732675
760839662637846490004120638700309557680067232393961039002751250884261766484442
947730555559620593009168029801857926871508551066891208972464126327079386169341
711722109620348071704290218747064764130650849107794443197907866424578077221117
729321172541680916333146087174833629324701237690203733690072762634064353723596
039885217193075983598599880892821611484206463960147595770768353622335283274609
297452929451634755934620925488418128701547643616447713175543345425091698924480
437695562406107444288965106708126301162930276900763126730692146433456455566954
747749525600369544322085740519734095129741283353542857345121499983192976757920
900967086266153023916462069572767808213784902921878904951284606214473726038477
576365440286156324252585960698928130558583237694773607173723495029686556913733
481334234557620468853527161494199478284441759797937586225695710098913888230837
547292922235592595242751068650691474203569441412899352132150162279939034511793
442389433183851799509930702676382554283094385619238960954899008944746276763137
340206568514447585918838518787378437859736986724893975711381627428523896161601
813365949665690138394679725437770734179251853276522256132467647844188019482838
496633510664324446497724961603248287822478123218032125539485798734833312174933
768221373936890953597306458279172323397052271766571335946865083745918780392725
404613378953358265995705527504514551018293567468511820901807556093213394820150
572565707643798992461062255831163213772263835067841264323622260168652962904477
063588872641074098998961997492732414836388908265683229530984370929123269261083
924781623156868706989199466148585906551561284384991814576201244444126467657656
952700984917949677676874892571346351976722879104430963558274813147154982943435
256707749117811079746956411222747634222262912871848167058744972030162892256083
691566205514426172074982008920104178750002756142587928235668036400322352825396
627056656272219389435205873873083234256873571711140228784621388106685780120440
127222535073905522547136917834548688578576359351761611326571372702892623770184
748534841139007948155318247332827635928043539461846218390321435806604025146833
585999237821978752270013731549462860911354706047626222338763975725092135463656
274900564039612782379145133909155335370328962916632133267118227156420219955009
657592236091935418053124697188764952877565359416393352246755926034279725533736
324148662977707811710690733291761116971490731498375027764790657239116926266432
875382216124633433602970391016699858926175094601827752444201867413594058428456
165005066127775236576676580738160927442859488523847384894735329124918522499090
988146177196369568756043272703668445311613439397257221982534861493108680548741
735511985015394865404030167369932556743872861286610497844867688907527296374744
603459838971958011562731797807301902952310294023378389312832815907125938989219
821267238941579091216447575771376688831458903417568992833300824620044328709760
209285938847375555027367857702047831497851215603724321792493303604343849470247
548147777777701213521017565576256450985505299030049020222724138854901720529163
221971425113351119514722777845166891558071059505642138238309713727956217310400
581450898866536818193334458280765676720109006574105145671077729403441620692680
235111375777853211997281851561900112074265699954214871212239477786492346863295
433624410991270218523070453192269062105511282612720908830784665080344309420838
315790327636883720340086207115921651904137653179567695171126534564884448440583
831859445689582554307451917052914840540149673753116396450907121330583738607137
577200001293062567146675082783341877740923108738805712641464349466424768335429
793984051876759271302053335986918023631576692191256474601612868301200384815760
846100400204735784205210381791579578685024582545057593301343264581409859907227
974028899015062395836178162566878274573270626275689206708565238169084389625438
185723902033567232243842562497548529600636108112997889498129456486498451204295
176332861939492793701647928240218647613241642829513132658428910697574892494582
738315121848957230453045068581499728074896314169046925035894051476386875631330
475725202785789728703195008975199740732589672337868134750792729690311462129496
334337861439881064654021944025398168609229354396726105312412667329537318427527
993528137087951699842328212882694357099612689501751264855890232961039213177765
036107376443426170123848613823830517041305217382293682394191651571321733563266
219624272350666616595775222172496285098478088121972856802440284361746688240427
943438585577945086512941896213950001703503911630958818036826750506975468968039
744951988334184885120623177817006272743019279813452993315684285112265252258399
776271595879757263364767899369263725879473096030098920956318485091272534449813
174245238192504850279746965985582477375882256074685540928922505716161298005018
242101272554680157364832714643449349715775689454074016422244181466618913878786
133839720612939336347769075436138883705011950891820868357511418970571775640308
905544448571833090296686241618041868363219379091693040774575037378761991095644
854185033746909085688869601229985190225623570174419223683047234585355513072149
302408262000879536703236528071975187335821976452427458958258504922224109903758
989635436559775588454721974397552166269725624678828320968483535916518004526705
431797446916766212646747489422622907992335541698544565753871920146983085606177
812653664609958071619764627720324605851084957774094132673870340136282258933801
137132635300903236464079986383485898850520448022555633124091314174818546936570
438799816170520821676026030422956665348589389046922086426534747280202965082365
818247451899564657854596048314623700521437578862788088094340032428610574500714
725073923943709514185024584146180136543614717839194741580970605501136013715157
064932944335573721248293358903735637019717003993049693628207779473612011250843
472396434133029037729751045552313750474892294622628891525052735084056061781169
071484203335791417080279333434565790665765490609974730969512965653930313939272
007476477544983465598484783481455828814481426652690973233518803789908936172122
475041687649787357702275514155170481745234723360419231061738441247538334564666
827079688067780775631835178435504394738085364219913026735187014670605112156521
491934920922532071280028953647681228168439630707187219426233495014993373787410
080197903349190597345390691964955640211588194894646508717086429528660386070189
