07659940364505384769141045477823418315375858131337723364964993130495013020238799
14614531860553813404667899335783410375981151361759789619687012211364472287012062
05860466793878751569660499446751006272468019209999524052046162165761987478355838
21682130588168878922574395665819637637683060830894555626657420452443670089040310
92162411343017769965743437967206709001304154452231914731642248833106153982061122
33766219012181219736737894934546983555374559350783448419398799075291022907922272
87604117870998133752917820391390066106004032763799962247455440159930258902080301
24252877689939725810091646740840719043108794765042948548131232867102953265764773
06435961805683249423752490994131911452956796922714855009405994445394722016693102
03228564406917368671322154125083546353174871934285203298304804433567740406481232
97663832570581305760321334615045767874800317802736958641903591050887340455231617
33130344057356941829930822442356671712936506304722890179579677299962050827190112
00462668593710990986244832222400306680928599263103694482598963869993816245279661
88564292220161225558631067399348959675873470555522448907548557312772607891159811
50719097360843021130937698835214918099185992304324351264587097842025419409217444
56757060362425205982605828962724275523217763687893805493032748726235981457960732
26490439876416784366184474777875573795558171960478090610033748856847685925720894
04718643158797490234364812688905587208352999675186852061811805534043152355540211
73978518807848653092474247816340921769104485574941126838262168593469290007248905
26318181087507304741782921822601607296945798275201325737788346051587518042523544
16994980288667876069702389210583936010197252568904823740902523415095076794782627
78339695355093855195552558809793851917723096321001440232696838459594266033488741
61293113066173411272168025911491590706019838547375465674939312572247417641346792
47759006462708887890303474885556419958122054705106158516432665955591507954732764
00444976460239272336781014304659618590548137867849675440192190918739396435830079
41115762633036962857471655334602802542610538859768226791456736962048576098447583
56056782701701414161432056494803903800471726072248139251584061256473869104403757
88285536763202754029496088000809108852513224180222359936049054512324402861926691
83624220371433901948404073007117723690235932403462006948555546249647297810356055
01886157752969922317985919665103211854976567481101776390353267481925524426332112
23064240285560320487032657717354391378613135958024106858166116693428093742459008
04065029074864208170109342414433660784486281428957435244479128081404935859886196
53942441996787769991505766943270640319125747184807081074408174116311981050724894
87825936226768490004566577186860690987372168214616873852007798906552321943635919
20686950378670100394075356016331182835983474330891395701882306635920621859324303
47604289521747984772857904186127929783937340734059397763050738202033468197816755
14474077954446687122290880744080003636976330142015688172627449594188399812646564
15260047362715690384077025860386749353784580258468079022069553747253227917212927
54871270223261610732357087790843110354812878578165695412959375268750245867878554
09266757074608023745280616429314730007907151608133894718237568099962644424882995
64251150319625037509515982406455116504806302423234420041189222575303500766482557
98442494688847075294891909379817443635573944968664118028290643562206893037444989
35813766270961631565615951465484525811805279888379802035101279784991803102543613
31642440633922136837798822387223756219468890077630545182664930734945934416196644
95912740411902280677094575106891794182948671370537423874347397005017569395395540
30537587063680034697031770274352070177292251018595047156818767526932776218966955
76488336288186585694231419050682866940236666978104344905136632389228976484125632
07934434265607636263309770305597623636327922266549738968942600162484057185061742
89027330073509225876236424227457088619886296285007780579787186495333588078136526
58521933380450988482978093240455746781362553590886059945627935669081458364228029
50448463793283805016302028973765201350262429756244684729408579866999268473237507
25155080428001935682628146858183469939188898385869243317305092871675916843980458
03012966034894990721847554956423696805367257058737048332855255391640834111026650
78898554374620371394595435995648568975309352518510720841838230999183918450516054
99998320638530074276184824160064340229102136767480328549784651568263005957349656
88918826418841543144701162539784517282971330400379716408471082755735731757741958
00826984037546169415795383306458426856607746132806427467652775762649523841435929
70123236362887267975897744756915440535185036667854286470830439500001405620251662
10987569720012921921830026671931737304474799103099229210262903691053920894634803
25966260741860459451790341175777588538174536303083039614579062631727393060330082
65360957084286688059889151979242061306723770468620831126354109792646630295071574
59262918098385512130678244134103135686942675391127356292725249313977949333069992
51265354192816449818605133288478624140598196479945591469329786318536406449512428
47557165239708042866191125005144859553725405831012971095531361472017187187925084
95685417191885579216398215734439417059653371114755818459417626698585962778450551
27091904655658538745236706036576410043353266015399104972634501760369094708157048
15834128317222195192486066103361752856524655572576431231448061868786577768626330
53992942225739605958100277728691628585616628814761234959829464695039580297093628
69933848690273593459054964864778591361647385563978293298514742712860017824620962
56965670900465186761075729823486117135901200536226292923802069177336856018322542
53322520717247035849650553247962934234099637590634549993522409870412457194350806
36915705288417521201018166204795555077966052814851227473178274995262921442292254
80462842734883423217018077529484889303433327296884688448003014687969381961807383
67787617208342619305469482642762814903896968352390161839545063654092877028396227
58329763566157362455344424409265750569792255686440886419245128300344086922784367
73400333920439538873255604796265417686129881318338477844620575205167663071014810
05754675605280883797627780932945950484252684159229172972319666742118908737858884
79751965317771696697407048249370576077009716745912905968240865306400617260747031
33069793244311627949609624326660626883966267868034865005804007637689003036230689
24544574375243668527963590576584227353959302351872498158382330905887991830330733
34187141961140170363395239493557377883053685376257057922453811248523586961524832
92182864630633136102982422692442093617031322269484896237847018638509110594042466
04024984465401462360962425684465673940223485042427190349918501659366188510615594
16415673027569871553840346110404173036142923784680039940624391216874294086193201
89789497546392470248887855167086045853813453938418337206882615106671096365106340
71877100696423976983165844873649346442131416941821060313866143060761398345563407
20158887144214026918661276224323910966870107027458701437563750685680229710582110
43837674736660334646800765327709873987018257117555232231957885135043158608324649
85065888513975526214137197567480581795884492420939250051296258913062254912440652
23399840365800043230079835088489098065923900466863944264049587953524046077012715
17052704726386429899109181426649953857545916619101034149972882310666716586496396
03405431283181233490288867971338574219945074065458926420041404343214197698833716
28270175855542134639775508716949401720728127308613095039149933200478736192689303
81267166780748389918227442072480318793914585791320520439474802287910316401288545
18570091659365624199995901969779643730809950024274916286819337447042754188531535
00060164533799278381584150325768121231840073073418148601497468268527767001588744
38523740146878625356718963444017177128118899179496372911009429284653297437514269
95712829702127921612706897732656623370962583235672683864392874145594280625061310
34035937757317793318983529175980763846003313045768333443095322200130470143989434
59330125727375278423829939766303539769548776366092520674547605279171840961657881
75129789641708553144117628088937574697116229061323251349225086104591067669409556
20116746504323924091558602913904468258629373933418935254873825643589978928688357
56714266513593080169495370268663816489148483582546394884379044103365047970429572
40230434493206682780010886477644561943729873825391869838870863739560505182735196
29680406114415977455723053578396765191693293743807210085669734631893842802150530
47182676647238256905674756929677727409658660247985714005096795167811096871161604
97573161341497590091275738879256414940991798619746809465400122168335113007944198
53345629193408644658677271162064917910007878330406260787259878829058994693075246
65469414574408420964912442345458477418841906653289632134390576163748719721886897
35893734932712843896182318106137902794547079668924173892120786569538453791560834
01778933155403608228831552999756234095359715224436907097866963928789817422799352
87793538603186595027024979342208271829941470364618328969818705694128417052055188
00554078320303379881624228889242582691821697583819417717895351416967142147484801
12890597137325358692289957376041908818763584280182894833070836517255824144954674
25451799073752331002414116974015947272366688179793129283594774467128754746843934
43847443608277588375486749213040722105364770276839964720579310367425287609043470
77243034024078785779397610827963004473123399806182805961030436158862460921587711
53439365960481512403305594785442410844321094135208416993214906460660269964799930
69298096994378014652771953697675463620624087735429320216983571148944537039805461
72910298194100111233717918622769212635447969092902477920780142694684026383159290
17558797974882849965872207693842674983526282446911250211081067246726528617117357
10616554213493789266196160835107129780173429724640447309656673366225695614788051
11268478218634690868130463349246390900123460855525938759358146625562367075868674
34451948495730938246981579772068730881704077162508185105980731189961597343395784
97159407975330167411545854093225747863473834409097457271505207890301530973459444
31044843742396199991004223703539701704039146241988509924840324854314545410652389
13471646205107953074054343692022492109289662151819914896169350144986924219811838
69332586763624196728156803602342926337111147252720355572019332815932732933785040
58791204696907745445245382123551384358953526457466430224327314848927712512788979
86925463261755159481533971313936534576271337990330809956043114307756425058730295
99935951559789619843798198702014943738936619163781898447093719716200683731183221
36828851121355723978479685530254795095315268324873290564017717393474189127259496
05384523076456117188425827466167371389115852550132677956283770091680570631498988
72141561790937490652094587018300714931950916079827015685159725092411683664561784
54369324789735984305297310589623528907722301083255226995430790872936298675028551
12257896865955059512180065585800018161110759031934677553639213092139149213791208
72399502828321371724777723406277222095321488022394853714389994368673003795170608
78130439223584471107554490699165074142325729746564537371901205175395263663455002
15762065505757761533900286524379320183169229961333145563532971464007205504430483
86221565235058859222437216300002793633714881098225077441195735670506820755928468
13638141872733891347759302115689512085532852403128077742129559546944086145875060
09713250228283017676214682252205130562040973597797335762779885917460917068532702
91820703506348099835932882671213340898989701889639524212154815858782077749559074
88036799599839831036645468253759849957565328908716348754796931572604562894051721
24794430401630085498184773535610973499310189743996671940103249330756847259578281
70212450201013476464991954812886892950605473781870276678523935095017993050334460
67629109160275544971027114999769787845395396368030164508138207675176192405543994
98473912480313466556981819172500750870857938109339052203350465732871248373917818
53687243867021555659559490948107471023342980939950376924342051880178184052610162
59863215219199854543182009059579323705460138391044159764809120112364004330205966
40370292660837375896581326013799743685661515665689509620677425240361655827606063
06068787975575496115100332308934802600791595013285375786996815780661537154395793
16903429971459089868945976856482714543841441248358602037126350508123349598798738
72648110581052526366987471716543991302406307032619987494782061834036165934087444
84161035351795080666845037788767191548328937542280033311526388617453811057315232
55462567363938451368541609101192001193028263234594363522009510542759048355979975
80795548399610749757258971314245202818429803729001968945892880241475813640327273
58101106504620974354456264577839276375677956206053256859031696729558481687725403
21954463734514509566217518166028730276153630060904190987829521408458310820783687
68543306288023423445842022848210259691745684260908479233544387640699029778107110
30696251029916429850075313388385041591769904859771672152429263232165117338422029
27484022662652717037450021008917746705991236930600859136042800521821065822027662
32560023113309239725889072532905022863153589157356903462716970470662565274701601
18067221949962662615815576048147304576510942130514439486015894567217724492128778
73853196323473660083612009282178942742022997980912061390582278849369773851274085
76327070117814555120091446280386389250909804818892291394991166720715417796885393
24858729512002904177320968546151684993350375139433797498012806741751718480299037
35013074242748618172393261255730341598175760585757246595929981664371176143849306
37097730447276666844406561417687863001523252732160670598043087105539975682252338
31221811530860915159960499344884485361490249935446830941409295719169132042973395
39450473324252442748701224181018539592912826928937766450458902515668469378918153
01106301475766594204775378122068740057755375649439473591605655639457669220544520
89104921590721480009973821154740354444111075013204267078742494714157440202998082
82762686348898032559878430588731134428080890992112566718314579812036452832188774
12743483564399921116486948705063500232192370580258728383483379989744874452530125
44588173738581040095851194675300372647642026067308490115673993425097529168417760
37326412030180686942834612978651386910744584007966210796729946412115006368624154
14625851864699564297661454041461914186363037128029968383414482098228142549340394
18529510417043132129948029391700344938007181449391991475859531034203854756111791
15863368334102042517415024233682055262705226183246191444107574700482566240363333
14346966509166025687153016722156294859371615464905090954604425011417039841701195
99534603403289618802426928845858714441083802782508920564308450492746645393134619
62783074755187505760318060894422051306648218658818131776406677084917702776297129
38569755039407128560826142288497562780966880394547307928173409721764667025546798
04735425330187893668260097516372462569540440417556633118212710677048038928568473
66618237214349026333858913562465880982154530643683394470066095276768762929412284
21884803072068670111841724560606518581601329801036075657967687875039015667267871
67382477685888370168094068225098944997180413077853805795794027801125519769773779
09444811123737259737468265046575811803342984274218769188387772529773257578683511
22380397671113454464680065631794737622256560589973763160795241944677327539532758
79189576992406992889370643324183170891430892521151858741646594643288847364559741
10361276255165518389645487686763245196333351389006183186139546534667951635685774
30723859027713657018515533919374089340327220293646467212305716800702073494075541
84183077530635190221441938412112581067421901070819299853320027628630006357523316
26776061129278153722740325980303887113897165323215541037783184751623759082687044
04423506578076116683084597499038589812466450132855738862001271489255396515009107
52899881579704063773007808666282266262047456908118379373229150041539719824481973
54829199579932966750994639517145436674485228201001231341071337339751522560080106
02510544429442170040557626288993189838343554001613732991418113143861785951994869
57444011455566123082091059211300597186938492840870165140397648805492046561163420
18828371466636199354926846257083301435493770602068359408493388944788292535631533
77985604182386163975084867046161297657057930500576321540222797792401915868025706
53516242186775631744214554151745684332572093524247971064157732069672960989415386
72743956159323836915855864162292872696971975234573471815909991258529580068136855
57495496168632046774370590642801796395301604283381186074826001320260117691738115
42622497534785090558875687298442845417429430666136360345017180507885382933608603
27812582400091484884076733370838018456358000794691096214237380378873909479546109
22196503550839215861120501069435536767315056007106399463845611843175266383303936
64580129416284771901844771167477322958475660853895131278508987467949496962298784
79507034742331100569335733454803631968126998927036216209657183751960355405106294
62140599021270838839270933120865059103933109357817849060004632139489369047113805
87598366475279744420062096520806046974834167664378585474151088870381570011657193
48061656915295836672106097230817420525628841837977901807203375715547178339551778
05197291507970700695729752102102145204832130890877093544268034674520384541430126
50643155873169093161560056513957320946862559163895187124193152900765621727832466
72452297224730728414905602334081634451473714632532962715026812896158968967627746
65469315444677218510151714146780218439114823450463950702238530213328843903297597
00821631292370093356164104106906262978864378247055673765910936613132541453802871
87199678364450831747069926477092320129608245281751788050327898275225704890372313
55338127677479205310146972879244458232443755574991620401211638612825376471455231
61451763926746591834389690506349838740765026537006361403223632651521171534041453
58676611443003591165036527390714404814255152887458815987682328010794260605062430
78667273601210854391100332547583302256132403336686205812788844108888486283973854
56999522710103731609084449322708022491246675366494061879433601346747832736597378
10788073370558300665284919705971482439721064269785491739398993772203412933811355
47428683074853844777165143161605351672561009148529651152375626403168060680739849
99939253854099687633576324772191972509753533451268068188759486547582664480033868
88947658378230198855080288742138828845013236441973859288626725985332683800962351
48049179743188908287593131599620295346966631693341284470944726692037912529114788
46872025489885603372899433599887795336228026647913807734461023111345836225409409
27065426381809828245734919533859840257439251666517364030451500917964445093334761
55844111996637636916274992088695605430603974914268364010161656427996768027422613
09408376593499089771400133043038160426663693997597263776920951965995982382496923
52847559126422733249046348410561851506763523868335344475363870157185931713889585
64112694552730578458911622568465457289923511612491898140741256621893741794609374
97240623906235039442686803004176232025912641062731136978311877516795623353130586
59741357103398900307141137883237492260408862344975895650045964078780841176713729
37322365340239228376697817738246800926780699049449450032002104839239904260703838
33441236809393362066414886273281124393269778111653690405874845643376677161454177
87081901926176452442690607237964320363264060961435571501826342888761622383317972
23176283981345389621795008847397319660802998916135140837902574934996696095535187
70174085107724058068379676874002398073113256042671111486971776940972141746977839
87889805351755517031667288070277599226868797422834057179102835824114000551483155
90745695227211690492034485530762531406706533781339714950986523932122234048372422
17061556291240805339955539716435337040211348042528787913239422030912054180047983
26025374131290120097722421814801348980000961769768108121658166802406838867672105
30387543859228588258754618799653897751759881756232703073840195793661928798659739
54083361790572839076925557339695092698340629409532690601196523796801809794508391
86513978586017943233547884271830199686555865644150003596974958869387541119503538
31057517162361174989065979609568534084905547724307946320341778149262490619699826
05908343941090622822697187991577875683617756577367859050540628492360174784629718
46330301976360891557883641265796660755892577628894435215834999306674632947580308
65533299936357028241842697526772970834877089691870047233701023498476032378140631
92916917562545178041670575338152007139978076264262691674668165773221009101443349
41182749894363138494677419590654209712897416535029901764337948142010991132592668
97966997530444092328980821098995981177051900328625457718032610536043301875682585
72429521790723810644152324445853422908891518570624716845780464558771104342544977
58931759256752247902824556227506817561797620471479271198513204222358212415399735
74740745109896392057764897709381132191430081671848838206817796593106402437936403
63041257636833834303716767156376700376351405311989514288944035729485480012089387
86697171475855623274067299628579396203354976583820415962902698635997791233002657
43584954728925949290124924884871190480057544899366013620570758873363605100508029
76323483296628701533380070941794186332345397478055704517536472864842559371545019
46181289923975340068121567007973099967423780868672039498488367323060345981992890
49997762784199971890938228090168832031265102307962196380206694874337419259485473
34732591225379818498359479547453270432867710676020511232636264897628276081857331
73684095253524552135366092449088084401347667346963327304906118129713779206893217
69567225853709887441532455535995373627280623184052400557489737791698516096298416
38338186274206591540649313993614180523221853228147135388859638541104089209732949
08036219286105638142685625049619387372010713394612471564211935549379485581519149
49371701551295779673644777471297971074017940480141630242836300148941176504206828
85917026055467713934973356861124202002588167961011582587786190713436973210848576
68744544468389753183545192542827294455924237703623914903165514583504178087999490
10844148799760885713731308048600300836703459810991038964191645632914520098847858
57526632904331964647677445929641424228070495724780201481416978786908528609864785
91453562733044999902626426618549969398221879483220264317288742945383468606097447
59901302149985602784327161196622928241478606162240313199175777113089576404485805
97563245294622530217940611852405018558991744981164578953721381129069612166610182
30875836745719410380943347894489381307771782698731864730733741878962814020971658
75671504193710052679598323267988740263608455367969899881248478714734648081585015
62139993064931065874561036434736324725442967001961180851108611473954650331661386
43588725160594844784622546718552265538341083603470678192726279694831136568226031
35339016276356880267231456870214724056869309630896306891829447753073073400094162
05645745890955048274476838036522953124154078727742286817113841326870214444167997
73539381251789928086201453426642394559107900129188807981835894609741388770540965
47321396617823864045958791587468366169967016299219794767888577783088531530963378
65284437384112305179034895743786072079207558835948328218239526125018204536146642
99794334991028783905912217472261930506898333617924230248304588909857443740460529
63728031298171023456859320937253064438675486867076898334066340679910063032828678
72073402774560558570811336808989772668786611652008065560467800658524057211237080
67211072890375438189433313133753831507113237089211667847968281835840082745806185
27883345612764402281025390584543113913249658173678709164540862767317324421852967
39843443280527892621658122732224206187101395842406050615675558544753750146752000
76766044584984049934734089062990696826985202119901750751356419528487058563555078
46070360287491433475199014819256348827724647875949821533998778273019801896190246
53712964041492426670955403582169131722172009561080638801808174159006834213294432
58221995169134414127153041879533053338561855358510226542796467601126638347125116
61959276380775615725652867173775067670825606857950806033487808891986492861991991
13551420889924395968065383316866447774996185792732881592686549753721630923746158
86826336192013056577669826985908674965253685632812863070870380085437813991563786
50806661992473101074589834041804483674622134891080188574111137646247186789873470
95848044269033387789498479212653402933601835721970228077139282191926212779294805
38006620611901863226808432340902963948061692762370305731599974684850992635180683
48988150495790748596852550280739026745822343000005686014493424552711053401331391
34767172375539516493286443018857574109518336553069575242622829605780187198999667
08840487962139568402158396828841838114521713750636863058645256855970851922031677
41966165257106835552089447899204129670236873974724500491582453867637894073964697
88734840187800360651536629728866974622160805599077957859303363265526082228055334
83479310373256175218751837409834635952026988517751147443435010965539348694263492
32077176505090929224166119176932678284760631901138296223619860314585628079494630
74077557331053137358516817573203545364882685493844099762539598952898064443293841
82411753438104522516097688080826668731011505279131046688101827081107514133001943
23547145757439592412095846827771791551587098739096520037917797901112815603843384
22790690489964804913682928932699274389437658680478188223597227563532658078990335
92948033905405441465089552773424185229700153036708363495846487170220219828207790
92381686088244277876536005615824655291321106263600967866548780676824843473325341
35250704772938099478587156056308933434791284030928595818865049228493600247655219
69916357739796315072878222288172086879463709706842536737535973860748849687220855
74966040152813769488885543589914505735003593552090699302530361966461231784829133
63749464341709101750800751470407079779784694957529291545440738025873025883734432
93719862677316658439456354836589146557930377277790954389699977897173620725302087
07541323923616656496087916995735116031010355960684318196951591811266695695175555
61034664645436008644724770837055703752259608952364527259715068712744062766176648
72851112148330565984661467250226202260219326018890284928192099643564661756982199
04546089839070550920795674652472731215777264073224908578676251246803278726585995
11497172754861663174122135127389417962612642156988360559646807399008531488124519
85142772279315432027222369258422683775004774592379476290640904895188334100127167
26616659734952263394170009631420025746357919382225286288580817927101740334705556
72042447321112570573033928478090412291559246932140703704324514098494933897283711
49492104865322633922517726240191785208643151675676402862583035199513663187003811
40573059709548318194650524658568268810562113223785723797590096250523420774333942
79072634848876622604180477076819269798894664032261093365214988997026060190237254
30657973490116784258188278079092329996081956302857049479370130912366979102618388
18871396756017221732835182622675117405395780807541117966604658001352345955839090
60760696445681919741717311696778474728042540712813558016532694314736334238118549
48184198323003892840192830303652732296011523896265165936105812378938782402577146
40376334002546728187534727637345312562704287107749125764420807994395457703104406
31358533978097242856342386673716012624188689261824606624812882065427771110806699
16301335195501473591047099083641878684671081858840824996761274486741376973903919
43939559026322045213021400894671187802813377070490753550509888810887427056015591
96160708164822371725527624478347028236704069911243191159595333741048139495359809
30726376969760511315078737021059152409846442293598048444964110520272479518299653
60367000856784840267529091489410157066989466205679840740538384603152312897221577
05802578763979587187363640342617611644365250387265478426540487544867588481157030
34266222977004876782597432944452942502941921172450358267842152335014764909708155
49698938225483346121098776776467749704107665677387511778607406907915215939306052
06348854345609679851386877338764563873533787985468999629281733260289007694474447
35900695449033675997697782795508572264967396939809304090711064272479966578295245
75664257123849168769851997264641828324847926979865470617766633091985447378381154
97988860628149745128661067568499199200848861873556384311434813578854377916189657
44081657123722205618237463543830088822476731385439488347362341869273811984960772
15542408846196961596749878825329334197847557382446840080887204852688043885727581
52936531041442728339116062473199124978417926640495794273665003547573097785632440
25372583548998229811291655677509307414265646271691745210656673903443525956087619
87264433458039559629784807664787823455434637554766484738009033828576586207325056
68484327124531179279776132364319541874739936064209033712598329019751285312035929
25181085830719061452807457702061062925445453288091654685340743822365785072330488
09382000437389507335364640136294448629596979551166009749767751007491256601166977
43583626553381979131127225702107685613651420626095119233047616196628762394688290
62529631806840959847678974557471335850875170733299713119969826995048817851048593
02745638051070155356031865446614011779766398507559608482845669607461142456169912
14536829831018846367576450072201308956816737311662679554989870212919026555476381
06594416878861637842819955570104472913659000674933532131875140326766419921972812
36392051239622683829075383159345998171455438914184309774548124558564259118425604
95141694627316400612139130364760804760819697155605417337454853080310529327550140
99543271335921142870370443247313980560413894246619899827398448517348460567044881
86670357807343710948623025185822472688635051066669381543971649791825858200787827
38034677978357483606610472254448907461063217325069117010268102303244058243855827
91468259827885182570542910805950128108631649661086349350546975611040571539048940
54967985282103422363611731632326285396127674356742006027262152740915164944937124
20890746649783793219337095031359590850426794718952918927657416883305976124278641
05750075751727575391798717998751998903876681363269927419300694492985657493693018
46658177390770159946160749457329781933832474979352810241553708052773611415979667
80754673458954441212495893967908527697838725595708634137433825997995898849472564
19070716770560255441020114317285242605261317635541572861075446542098167840845544
17495591973897850572386679054460846148108404155434949082203371886608306918765513
73161040666566471915394790765984139247562006371612108215780525528163883018563191
01987169197201878196391633540754177085141776479457208399172088623247956457222349
82693327925616445133761652917189319394433186641699686448436504901488874209579729
72334525693698917975489944279098524574106413513210074301710744407571726898445617
57542330906884167076090407428943002487380701594539750477988813045199303407471107
02397289949573495240931272891259595147019303405430348126434183344662874073557402
63685270905048763145582629929288999263642995876606262431363583189499895485931458
33439396441531472393234410497195581366929150555209531603411993637552080214112815
15636195035740401678065140897181402179693397053772492078819574793376418773133910
29380528580689678270753828017023566223869872602925921532171012587675202446983795
12911876607757434856520534586456579577619985035751846954369009802857522194162547
30496285916830850783755166302799259487956002651884577578278445259382747264782810
88139207488233002939078278613454272160561487887062811088655751103643635598644020
61560861094255684383984733629268443470601873474738215213129513880480691579241885
36263948826292451686587345697207724535655602958509297989747499590635759282328985
90667158194310873830464709015970050287168204328483296759357625589193139280140885
14003643164771936100361732370592853290441907826160862264597801750885774695786993
53014580487375472188170304810953338952595708779978219383652871316347160269731445
36940917236170716326168286866195272371178541131806370552185939986562080299071392
95506098475389821919237150942198167289715921414198708481637766208732708539307683
73554409553505506582554452949618780800664471562479657859072291493793636013348883
04999513397077891831506770271881720949047082350644365179339999753601811199773824
66116108376547341590731512449298505057324481675133616446101617614391654677720512
85490284131451112916616763504851389999791138494930794873589826687880026629859263
50212720933637414892796353585333242395952201649244828883828011774933533111406254
98141785961561322516658783976373773127861317219518392243535362365082423892050622
09735978434686775050110634062919928880817260083355160817325936591782258661200102
12661133515673072987329663609122763762839831427932436402628305583445537171909934
58396788216472063870005783949801592277688495756719151596305310182432071067970516
16176175061429656002756855081751486169667485410153655624201982165183261121352444
88968195389602347618853572905311911268204595466121830270196919574551770349885014
23813693906821715876112396737247142255812871666988785215429230410851350334237734
36645694158049513586831783582072584523406865522602162422885096531261796259371318
36428240332573411995903389344793444982706077282610820029944299081943814264419075
00775931480277182466903770505457409078324862877034449387853630706662273192797503
59393815931493001645416638672597717379125023093546023579102460784193931207554501
78393219718335097014191678165285537367551904730094034391925213336260441440473168
12430641629608064878751425067093323116110994601182169368859584094644704641008264
93844017185084660843836007175113934939195198436970824345787434239475849367450597
53222754412336415755210778222761591396104196274640214696007379224723950300538636
73216927839158707662112611359805594778949150825651873226397441162625768280078702
56965418083782472256840217489521758399834554428573167492297084938244213514930047
09581309443326468127879658949211927145662833336638273912909680560033260174178044
20657421357293001114334744214515252204962985004867991454724943289666557261670599
07918268848553822944864617235196134720108632446208243979620666547082653465347458
77617858929136382871743605294158188568989743354073605156983868686682443416877963
49568773124641177255644498059377238255057186319011359170492975552168290396429858
40266695770881972518434911122014340228641668627167432748629918905084193201051976
29695356177336975853310204774703245706934448117379784838176178880976825726230639
93247139073863917383344544151481417144331783795828688069837399853597408112056946
00818675387197845997539445087290664924772198942139504500251160812796564964699784
69846116034265432910634387131426927595614189458793534943976520609279039591565527
39404510888625562542776732277653478005749084925507482890167954946885150647985933
10042659057900140416625029835620939931371067062867905984072008657906155224998876
