57876418798281872645328922838438353566540178944313762810515789075179276387887978
50555960227825775207085230718484026766490035821668020639355524816797136663827888
31333501576760841395552708722197741133965308111387692856070320293421733078223890
41659228546125031119861826938275399623712439850214165524815923813340985636386688
44040750252957865255305954350600318015031654558309895912043092514443216828531827
79114691049398007471497008103208070951231799378348075414798760810745920520236530
39749943656798347196652742048187969308093581562128950342354612951321602451521382
86131785366307181501852560449540986263275258478057537394701457886639612398608681
20856244165776434527963983379061353221989515276373413081622838747173058812950528
53133636471951365475714162585573704068658844170042423779757020853578915225329627
76386558880681415776289106695055975569832456578822420535184688348544506450599438
80284796130557816898501548022627444084618012957998072701124272956812541803438826
36110161842565607923185792086472739566519835791876358427649485068431194274596138
16312143288655148774456035500627028891463567821500745478827509305278359483837406
22284757033575314342261408022713504031712499604643820009221037711586665713702724
44728726569232111621611150535021478270427555901890913952087359367062515458334846
70429391500178207769392776578840202018582455421237908717245225698447562510341048
86809671068411068319135492418397539837653050230883819086471307541938044870331407
08807939101142364820836220987847540077607253200508581337733926421459969565179586
83405185111795008351754641611604409954743982910220134614415877356830006628505901
31294357541372112186112901814589036881538296289996397238616197431024536046515640
69495728102441080515952890421480084925799435116766051876940917482255191889036137
07667667411889526217860545433579893839399726315761600038559065947771412753108483
56263679013858684855602973953169009356135246004766804838718266256204534008316739
29505708620579191904739248933134418498303172617135151355563161438552385035314837
41911628200864806971656734844880061242335097424912181721619669059238948050375203
85937453188860514643934246730638937982386671913094120145979170603231620984907055
33558564316759336365036577614219806255133061577248201869326995756402371414057361
07678765866950092541711284724419499224133100721858744287806377036430691221463079
77015421469765649142264048876329266504043797625468329298598825091317361767259583
75351505651917511821158931930773453411013749860279070470498065817794266026247854
21198523546263050625915915380167523310268650087821688573352383546869335823115152
86499405992864379121174855669149617589758173213786462421253847130277422559478238
73225503169522837508635237608389236673114438880965839566481790945170959125550536
78613613921287773285088243043416282777469430678576903299053911923416981408518718
05270685165142150751868739264962196403367631892198702217380037550388092442095120
89851748255978082063403760769397413020220025685652419317342564645605888696787056
46699648219557122663864918832894485580801182176340900137468442861563581703055598
10380030483166595848304282649572957686246281853791865619330550664372152537532586
83892591068000881684517264877261770245113057100824528762990402545261766741517216
59098046472175840188217939735518202454626715967339379363801650930642484950871734
52912022942331133154572489006207159775133313965927243681689351231747889657023861
41175602566226780401257389410620727118281724582303598079346668481616007974373874
89691633703576577904687277822023361156985118536081734370054402676599773222948255
96571057552282469986493497549451348580345585436396671428878302836279492168825616
67522371132461693290750092065581853203762968150557166758663813304191624078832998
04524900100210732966934555204396939945772522454348665116424832139678627588344381
44983446461635746719889294616064402969437051054454258162056170949190302375523148
50883040939168014204167876540307147822467792368948904668364302667356208711854700
49187902133519737676727268589140572302200784628775076921615307805244245499095296
57639606805055410818573668294427643865827739637907531025704943405554154705167998
87281058142320444385987314412831349313949353004714376794483388042707124691230121
05823125355088369881531210526818181175857519525501065662989411530964855058328831
84705046326095719882545420276349764360251617503182440172145920356352459864801087
55609416162261774385364140062531326312502611954818469190144828898573249626891983
34238728008290761885992216837299253499954872454116939241588652046495223030537883
15202675029520933439247767308616273979268688619439900694807518970263826011067321
30346873584354182568626445873342317257441835339300081389074365492326319158862530
37474040480164266960479403936620780088688626634119917314213610173965219460750807
11819610097536352651463396555798097224373819784879377269206210836256026689718209
90328137290800434977309563112547657154344619913867025196278142309526361545873353
91749977346842190985317128226583231453372724961218547960407519193250452612095216
64602108203125086552462162543232855370392213521575645056213966531920760645868902
46155383359893078518753615838027166992088137528079850167840599322476561160326697
31743636208860293382912344157551435316684535851708498076935319404582662396097765
45288020310051673259739067573555516118263223056785969935087116045791051428156554
45333258584468790783248356852450272690048193100622855221699429254613180239746854
35409935807526062009503338726420286450895912561052653869389460428241303486233347
80102010286615959326939252902872714903228820865430466826654832237439517384596000
64946846611736254131758808050995205393445387985274367469744101471026752104662426
58230797238077496871980671438096007991475124984498793095067809380341128353121292
60529694517477402745957247259415110653889023287342864003351480050727424023994975
65528183671718877887181701420973539383630690871103919158314820805204440303897156
48647172790546655800347878737384217433113818948674294736174776700798746153590633
43161138568979295097282677619788177130842952333272861296664809622234823247880220
96616828798868485130136564759510273165258777058601200082330570698218315292130087
04509880010605331010401832935268021007863579844126396645470634552856131535634904
76998554609559213914836765667279019944154028575115707606229416160142165195646225
73784821345641598351440071196918289134775734970137667113052903881763853084956344
34768878394114307738774524087210935808916386278227579635351164577653361352787288
03788342025968235995343898686828944565114426251627680616252511719184842653107224
33071872035311063742900640515656910031190183973557007484095272939000957926899722
96060166934996299314674704444283178434171351349244209550318693108692190430160235
98641608322159134323707215361796410629180210923871901390398242927975444414865264
09921529182426559487272698586915393916881431435512812471869035307203131447681158
73837920406501829631847584627461328754305164396130229790010284577141163493052960
58945522063284079160257236611260324530489204826036690531135449113144484361520248
73096828473360606065579014001908037692158871031436153698361821335174509174558659
83216118627551660464001662332515356503125100476815657331326604426772094357368210
80439931738257593296921586250026862303139135940237852890047702436936762772753679
91442186554309065528725508167269748429619757257084109537296752969933424556589838
50216136047455222853900160735461053732124570899321573518282168367278862045347500
60782265807553374860483259063174015000921852998321327024485974722191037727582646
07689002965796928794950656179912779722879229643668112953450340916428610433170364
51408055301002594372687948457002693004804197342283347414883035358932723092136037
62184590036769832738811903597304542279585889639118806007665121716008431468337121
23860498789862306732604325470164268213237264079340242064928645559128919824170731
64317582822744823853523572383117049855099521746170549687760043906699923529468747
20938859014339342191932245836856406813363400776173551473212860326885303323636068
23001405932889436743072743005367840870200806660268521161613817666307800945298661
47299504285766467076009804757847642571630042962433508631556168956694835507102634
80777547111608915305225288291259277363056402735197491660153294464415168273674701
28815609298991591651473561862295394962094856708961109049048714963256699061844058
60450729348781756114095146098624094165292175248417854592330325663508670203317874
49710029614894674990811974430606025163159460654925827770093982089855438275661631
92154119408936893452568625309341252390752582354332914330336620243944717175265606
16360535717186348860000008937986518592965433987228802473738699302778856924587586
45605155205936209381554641110722980023113136954439499293334529443322456811274065
61712648384717921885053882904318505609696211313359487007021619723418898684523122
91446108046260195340804826739304108158116842355696349475284760585437751215655714
38058676996912773506630500062296420712377606111649937149056295722918787032264306
16742364526751547299912548015007053678056764322181298570824223362163657869304795
58498531817105613105330042454653087504997589294982218890053201069932622134856519
20049300277278065528642599169348539815950475197754843082592402499001022546290492
32922597590304782339339259135333248864301706301028523971892141372037146389947269
37516494454061599230397531691813039376215194567069762081223738863773799173434116
87758966030221272102798792065475969254976736316751437669069231939241323981668414
93886304161180079625867594226260446998433955181747360075794372122858663526902713
83037800959756885580242392608756815857186900684224780835792343459913355217942847
21168202098520588730626924552813259519468593451074719360836040858472916827504267
45354795100198105297311363077384443379989453680202082879214352234651736223256859
69481111598521121604172294311055210949337131783794736730549675670521149045091792
96148690101525193228519326457917290420932881439949576783862700314087851520751211
12011796922973263931281989288322477944009018522991522992778217681919013797441301
94332954417138802734695320035306085950517357137975331022242338451185554814269179
58016998895019454854023600096626844109774002095228303117617975869320006756566295
74249837622168512721544124396132016259804530627713420200059193006911649304338603
70927174145832632756625654406653074455365473370054055476824481599009395615524096
26118697224230690727528656394651621537824334688339087247213518308561624270228065
72955254125971928746407963200492944652842252249943932980048837716760828805101025
89912806747411067216203929522246693779620504362419110839295058999057596391618445
01716376177221992310544931179663321976235335997018164244355652906512000993480595
45475436870182750121692474573376552764441847161235693742662639123724587084265534
30572573673366609269992311275424509980941499020158385548555764069270974394882607
34477449450786048531800755062225907360016913179747646364212857916330992422456214
59996261888902529763498908694746306633647222043575900273496809163064170653326986
67508177750275170995775397040133881626301143623996522173999691746497933852014189
24350948611705209980411713917714950073361383098791491502454900151869722406024787
60097236459015443938938528625795952316444959863745073407374873347916101853854635
06646211085471052133081297899644116322984901913193081826166077783892378858856610
42535900020220779639025423235606416343100963767648439457948357210420105021717323
04190223373901849735290439825927316472575974629305515325278939372422773214755076
90188676464282911475142252456081506015610496347005558613606119265711937718448554
49692575399981276190755658709768516997343899971316635092562571919723723936609236
82632969516734603552338256922380744328388505402837854650167467468022403907232076
24812762866520209139439014379970813089388632957191807587911908764869490181778352
58006097809384724246117964772815210026673017414976021969769212913174835209515369
89502610816187652877539915677903277392670573952589969936667697114166985999876503
32710171952246467528219977514593326834732302693977613197904506532439813985263765
41097858628389649377087407893536055553520024257483123303871342029711738859902249
82916347927915962131375987135118469914792983724188401556300560473804430441683482
29310811764982387234339509913169201288501857119989938476679004051039357199163799
94121908862392584943398556372853127336778645295327092685060507474936128237186329
60525449184551719094315822865971240489629057154456491147797133951734114309812332
98994631704458233769303008059292688876350570417303203365361454551681371191367985
77953591327324658669765148388567118123456255924912820971891363518465674421600076
46175823229546769856604685574614409030575145287934161117750368943826471826587825
29723412778874589849375854703989616524239645489051989495318408304016199540242287
19944944249289851147543083673694278761387578363996983317685990910682263568191568
93416769040297879227533876248707816570632558653196379522628415789953868952418029
50739207434625483260406947889764973147051453941496488930373800847747602674752278
03365496991244806032777763751621601335432558759289628525665076402357514215651955
07693648348637617879091636194792903114471942435567978707931833099771829929344487
37589275336495647767614032056628344383322161063052618984588774314050306050435879
86105019314003852153594492132978287724549661406496848268048171942828957028505353
18177740108290758303571640144711194248859249292070801816138465791345063698504430
51146713949250218356999175063446470747923095569783048075117291535207470793065562
21838845611948996520295399938589416467149352470283549861341255233554908626082112
22153856000985729517849772482729275123175657044214740297756639565492419966308442
54031329132994061124375076577102398319638105590089090913161957702615960761704143
09606611417629451875382228347986340310610992227639919326387251827607295934069281
44807428108032660510121583410916198838049091602517393086424945844886142293608518
07453244867413905560128650906025608390510286380510368665228990595100644151128583
67931207962695974334793813505589397953240972489320479041775198347844175291827790
73286785872083355070258523380094937900710203058446526599919058095772027872325558
16198076324426050811932964026521926790820886772175984453528738678364615844896780
11324735438523226983344826516977604175802776195475303662107920739572719890374753
12302850082529687164259842298912836336777688620316887110502289248182957434796723
14099163245846665181192653121645592460375087784374607237806825427555353908099014
40985717180958320832696260582508360000337056196949394067366359980296771222132861
96456755296536089452418275654071258454543895856969379300985272465154517925937138
62374858566182373566246448762619631156992777149558354837796841583099668478895192
28312837536869385286634821444569828948470170998410239384234899832921095629209818
40342697910922952468142258533338633712411402654180201622919336413833589874813538
15397865708245420335017136689628862479261588458683508906216555223090585494453800
13856003298773197480947276248176421477436356768382102811151374688285164871020992
40277638581932683641755594664787541623330495718077039328054655593377874605270414
61420171224386337738004353515572502016280936794586347300615514977230778642881171
08845268281525091389969545790829394881571484460087321944835282355951770123770251
15164384264532783486488673375531808774820510926602343483484394779881087198691460
76112862546772466349062480991736539291410712879221371744324502511098382008855772
29157558250273794336546675562178677311147612421797499704549605627053666615897235
82306348080336932177096475523904903182598505766697439534851199272848802755831106
39155580297829348211116267065000251194841782859877370246259120765424051716656024
34016448364918076301762130073008392336211687699939089941453461946864343831384676
78800381345833376568376966662400191051653973797403868106408749686287781799877244
40906833423416682743835247591875949100564656568808093877333299489843809966704789
16655332439942937823031444670093506698053484581214137179340080358479627090136165
51226608523989713696694759098905860559805658096453044823483299216065172041766395
38889379720602542027154634575916390614744077501971279061262516666911886773634679
98493145605129888057191019373980399411129509716304061542693097553867322551625366
93823586466002140842122049668751178812615896067932997678747925095578182025241915
01240458086991410749519318999428308095815694418801799152046173893257237993548119
94351209759858496130612313550097499574428151265956521858048035811518005032128099
03811145042802952474565064751613489864990779597845703392346927476353499643439474
02435605935545843508165247785993257483935535602700621307895643650060962986520859
47580996433721269521498958960274673783721610898891852909176859134442223268889065
63309465078085139214942124242398764845968824920598434802895360168616501882461950
10092958280396609547883058761814068042803980627956168275984985844433286706404894
11554743193034855263445758489661236660365929222805239194894310337351315745714262
65800266623180114225825218779193581150326217000873564442539002976683502098482353
72910683778304247922978977217504516047888675818981795630170468142049857502820849
35276703037017932723187695438262173363642062637698446711007281993666900842969256
63655897441662561910218998353915671843509588709390447974468569941267216396536142
00146796563489719468468514866697715644156625804262877229490491807240883665004828
62987639082134535168075150786619319387420698588199793361801980993856518558803812
92875224780097921859117444617787028833573665632424076601117979322657628245221853
98136788962116181381389238682443203934160375878150098603476096372996962635757689
04458323859413803669034788495187421224727971983382670824511281997746094368541128
81198198116530021287346114613239379826938216554499511735914077465124292226346961
81434099081926295377173748453802404124510320920617035144996271621776066019758171
50878044270238236453811493406214442775359974481391755047146906200002034760948989
10520666939111739762010069173632203285179221143520256389883920981199254241577975
44977822184861059804768234891261537815238589632060893335419694872254714584313260
20613063047943887062008329158173689474569844462271664653360198769141816848336551
82630895428408434060509127904896995716928406637600431516454066954961297766826344
42397371165280992335674456859038769677316027041419460463480224421749778242096426
41226426473271829740612159231574786672369739552930275762839275593562211940895758
78920834626808643681813820952190510213168264298522187448058589129987388578070864
00490381549385920972667676667515334436991794406078801846275927981313444051662655
91033961595872353514593662056077577323961533694515374954394178802484251707379285
51081523456381614031904804646385396841599800921910635270634730355292217710034588
98687082310963490880737557871442223276959306721024940557131420426682741651553393
90137942993117414449945449709227111973924730491413925185591265360385213551546803
47036070196409616218690313554161913152203582879602009609750217400556882024887951
63527360787555730328346687214454538900112578785896198125396224255528296423694061
52450311589996064102465052082350428218479583112744101614972195537263303884691402
92558385599605976585209431099501680900918447180151078569371928610621821786692905
08280984324676722913797068453781569795298454069505829071650623007357671262746018
12900033017015017972897315933191936516545127697220817274907965663348087608577666
23552875059209233759112424254074658648181005484074478668766314905443007553498422
92670114302284603302467597238326951600917986842312668587940502132041788373711279
84637088989877704832393839395290691998039878108019664326813368319620297202084005
25337884686915931766757169107528627147682478399874861186323309197628950269223788
21276016261234666498620646324041061509430613306894381702988768372820689033061228
42875575034810394459071192952052041203943128661399361971695082985114057117890962
95517243839567676186136627683565151993449267454064381665729386717360805320026785
07315031919446412295222225396134100041579488251108852599477644528839344733666147
97636434305444578072216275344778106036750347934746467541071165056536797562924933
84908548925945585061326965311939497137311853665122018991564628226911806092584467
43509249811741527395563025802371252974225574427252980139609615107441348873255901
59822363169772432495673679764167660724757530845421427178744440385551882003513939
94012794218015743276133474214014791136720139066926853735830008820868986018442823
17735736816845483716890830376967162998660779205517077231834162103912128735045523
82716518165968918711082057691495440309632164913833616606422226532639927498968817
42031466413564616127538938464128942514734141240889140688916281403235876310564330
47857117123554866746469141658008394927670698130093299789923162935576422416276385
17716520429427237882115511327320594803668147082749620353237506933665426257188179
30790032157002663331601894714977020910014321305995374772245039427944546521969207
41644695422515972252665969056846066420777265322548878259103627714243454751453416
45602977128745660668233502951438076079529549578901168680259992219177955344758978
43375516804006197926986808480927618056408638435410755721613567001496764522565736
89691278433290573770482711835314469360123646997063391180604388793005197440232757
26544790752807832040702386255202257974369995919626772548989261649660050282661613
14921920757634250951870143883798557388616129464419065849612046179344287284701255
74198658102923264077534825264910541355479634594938109774370743990627547777651487
12058035975662233906500818506355863593718343503136183762724867375962825807503323
08784882484906758730617355246875601640130061653865617091282382359103820934179208
80846080613364861940630736545171737289674679098234153750264708991423681968428551
04254437671786377584217607702417265218556879666620141441233840506656488756248717
54007187594322745933959650230635509651849325099547779727145249203400534462143792
53292508133189081367262782764219014262847437707041592445873371750518484003406455
10589072250306751068676569538561506289869130083348606751647150439846680397822082
49648968774133139466901687225891704653475853471788933659431491429965491972465593
56848328632874006483076620433533304423532122545730524393750491502206397479186169
42504118321565508004865489809657653806004176588304464517387763600735906992272062
40961297637973955871583785038680176710731435049306883595692444431750668779555149
16965013825740410136026686466694758192540922146474100234849959511064048736446897
28636587150996032013000226366524084154434374574959079028237387206656097458580277
27353423182916651265824267609451559673864396985616664024857796047569845014573762
10127217483257506557470508378419055418897301657958725222998074993325912953907767
46649586545764292221674593421196680628568245783769655870537361592617433213478639
37701176208123631813456095872665267872714013347780821144507796477933316195869108
33078698046119606523664424126921804416478036547333971795366682347586580090318933
10227196589137437510562890359373051408595155520153098361606535577047184962888840
17513190192025117296609186370580941683937295028393153613454556851931647945199535
65879182032092412310137410269961980402739871143569202889390755020429811252055646
05855946962168723085105419589923143257119015819324078175928150003007027120436749
09880093980471230939985034059560508775053886725563969279248318454515469862302977
10426514596828929119574563357891399281239414499314619784045538798128412559747787
84500903400838014352921781326146518739865032357540103616030404154310276215502614
22592282280950641609838285718743327842349473715635496255213311827497255041525192
08466748689648686779625983044313242044892742207997583649772645831713970024433707
86625945717528733702942370690533284383066019137392604085650561491353806416484489
82087459459570304108258824271182820887485619835527607115096102764101989990471237
43760150365186429725324101595061558250900398494049976750922673827960698319429895
45620138542703796134565905391272312165015837514661494612821374186991191768876737
79845402745333345961325399941154953431951478828080704647487507248749622963199204
14816075567576244901236356418323553913987615098709172732918243953783160784589354
17579499576906054199324232766944484770839444201765224813932073609821603407028425
48379511960619232601498594455966211694632855577139780982990005462488648169178769
99253969508498896423313836498425706920562477415256689556150764986077030204794622
11989730194966254102262414987217288097699310871117617489271417905073782778840460
39079797367226238074448988331423777834082080093953129361136824303639566687061260
23027215720037006075534029781503228643381794670949702289384044369267126528058218
50794280525532096812746907343086097822826434944736014875247777217615313828063578
78903243320650909927158363966714997903406143311831661448926831195889155690477495
81596266735549435489390825103233231248997971155591056932543851664403054748045623
28458021681241520809496907837749169586459471800079237277750927639135655080070933
87408568717307044578913082511764552330660972963393838788985754656658854196023679
40303047228282885862711489460092260508921606055279502279108597315668940132154244
06349999185978911894875844780715311113271954143716751224949856396320193616118018
43260390090776743361582834637860709608002758622960862428074952154968978276787411
55803605371120984622471852967881250720536207485836257701974239079874953296952853
38381970844587681701218937009898170689388772713406680365428781196010141739754842
45411703064514180935867248877451635389140808311586551399226834828405692314296849
95351165592894033996039664580927806809692264036903346357833326772982831456499158
95825099000156336483032534604590867541602151213883985272432205357926218956573447
34327961808206493702392376756130738456859884547677870251322264991582616708760874
64490796632490350608399671939070118025025366121023568412532613202993045105791018
77154096175726504593838400373631700906105757598495178590832888899140348059289147
59115003968614799658397688012854178142467847975890524540868800632974593111394120
75022701198446833813006778067483088052995689523212000288517526864265095540666658
06488289086134317877117119541135908446468947774565060945392152504761969363728313
72810724860377678117303058265933039040141779278720800658518173332007021144912519
69226078322831702497619502500010502174970220673304842027574879370321890083412560
10538105108044091923831664910541309345528346538796045489235369535961474102238969
41819716746852747291600206619053857621516700527001511043165761056629875844139836
61827387231026750217754425739018657493964172444324204207472232538580866449961963
14157008709522357715617800812580992181632022412138880470740907740507972237337397
09280108291199321059090463180245447346093271249437685558670581754435261796894915
25992218882408090529516447959576038567724270334254526557956604609802314132008956
04650721291548863922967313414277054184452899750501504424112894340850396485485093
69454639174446636068266570116713835759236937653674423657667387407652631707599243
09203728356488121211520193177211599152361003236545088632919498885088271626966353
49544569786260150723912267917095394065417445996079685857330953269478958983896126
05413096342953812308941967067640671333820353584120234246397528685631088335866352
42316638988742038350189359818062165583805819608866515042246584671376828956083204
10910853840060671316020305953758585355041595369096910811162181274918198445855953
53719895318639152805152375437297566555290710469219711059832961071201706350868600
05966457750720484750907764573188157162013510402815565568501201696172392060808169
65730968369544139633492845001802922710424133922928410165139656009757018168475686
31438108175484788010687051842999511388146286756080464536082821303408459326579159
43624312987259719782871540028928020241965608620799262905572146999825442550463924
23222825667152000337231087653906982097534084283261214708287086555616765925199557
89442970913202948890851255734958092010787719522612298942325639613111903912119182
81804126247943465591907523287130595878439940552463367307099518257387443946153157
21656931078998164674412650773968185749132433568493488284910377464261068348536030
30458502149336239996154098538233318121118784345284452525853029175472282941093484
88877114628840307985983891359265419143755660145759349270633213314927022085911701
61681340772330628002048701495200669580575070830163327302951447140569631477669399
84039737311336533898948448968109071823269661696966201301770694969375398785359949
47587408877513322213513924401698801617731483228418875617634304514736421337767342
72047466602119951143301197688797219537432948282399935993320613723014806060537363
31065528421533643144810382143962383025909440141932682997585195823920735130632042
31176162273590902183243185645258419227580081161045360921527739169416320805601652
87827504490577591657260493883476121229758537331029922589936541976323997325389295
92787768659644903656103131431304251091513120312794591035182647078395797869414503
52859032431791679836307303638091870266271089282686567775089532899383506595171358
47252564713070277502188747008511351870472987394890156558057752078090265875235156
71759596566171442249033267506477390778788854498721939661371535302717205473626638
26396055732269362266263181106220609830534983616286148196806114719596068680448632
65149946995643137838326136817168159209533482833364840949009201259430465886809060
67123354905525039347727774337164263636747612680504798417099317602951650838627083
24336846028308653658148867686530205193332149508376949912471476915876197100150896
30388573581682203584864676290786683982371567253450840774066406484335171092930788
20159606186993315458321157186572979476020518867129488804934921467038650817739531
66307719460134423387991095301186652496790198048769585478680183641899172054243837
86130535423217456480111174506390544969128414764402968055520101932541391941289761
37136030287758855998084596445513127065830681044690049908242697639730401296058669
18108727216071642711977405483871283496676622468610430970189026619039221940267804
40613791440935392016253735451132131172725874328344816517121918574837986104550829
08843438904501999972586245757657079045839474158285405467325909990343212387026062
63481340994506039387342504654342742538649636740268923103086597263461564298690992
10782892458973064526555248185414670685896938070754262457581117499555834240640050
06009391784581966900897407044355260689251725487998974062363500592981883750118362
44426866590710156022220173420718285163231262743331894073500150974296187983937580
44429185248934597329379921629212045496442712378362397365952185768718447350591286
81189256988066459799113388602336344888565395227250323710751418926516652573513751
78355301496054913927390138587616679313338678789700640936706137578081608369644271
78076022146190472439677824740419881315152080980970943609724039845149373189376985
14987444629006004525426081207594726544268820043524298952190851224433556835799875
44662634385408920897065747250308038313669608705790564527278414454827436940925581
84164389597058711783961173707598343493109773266243517562826573699948248776506574
37539314548532408435029968068211970301211466810703768921759679542397627175406170
27013940940828997163091058002632713767743194107980436353070377621413436462633453
96259047509588051688520809588783177654364018803984130163872191339106572846892072
09605622382996783903528233811223004547112402526032635940633656878787609671812365
66602598210960941728023899092733426723793317895215158915912839511703154105912120
37618690855614716480672699642673318547538684198549358253920725186917356488126156
14311496975099635031655520360239328682411080624592970385322336077707697765365575
89713566995882900457641613245017332503182330627678789780298681389537597195311299
94095859406444347791974590108556088876023144711402628085734729835102447243465662
03147481310431897832495932908441647122381377594863264065107152756910190208011411
59446312999007458974609030979202924487186632336742560073847906870539713369189394
85756635216776481197618491229880876288477738505741957353595985478944982495471057
77471978658026546064671022026253008406045110589120897847681638664321458879812870
71339901744685477127007018930111444495538928440679984627619186433005242633697865
93507587224301873816184532316282359108232915741261370640690150479642927678295362
81913077095331974514615490569008079388891474614386066333781052210587969121110694
96775656058765738017721545203461674381572397154531336921866014545542884626069497
26702835908923930803003523387152904173277171615234359331074735873721957814310010
87153266436992570467685185310065000645767779607708698604976599832674702737703763
30500642535060706566130893023908142605137833539681596482644034992259724365611206
86302564417846797958574926465450741721266664155481072891885243838674824313283685
27010545264526086015196801586428999472284734932728335729793847103244380062511231
90383599003463464513977072684088158854603987646083926014015647795688577464311555
10265998276557023359759761159850611963850107334011073380985871399500232581855791
67602503855137568070859024048786231788531083864495924336712214588731088068728909
61611509605026875332080764917886404517758697310683539520232426886394874449332745
74532638860151155762280159270890694736835093462658646280836739477398471930217688
37910285584506782747111235018669772446048414319345967275654314661220503259316083
91319974914737013318946642413531916890042934771083429761795697303867989663853060
26747037647672339463901142908705357346812468781332620989136181211487919625898375
52935413983764917155656828589146683221843664160914585039268877493850476524343986
93646913353212655174152087605229078676093685154821955541867822746667682180125279
51090296633555807598121912693515203298727039631883029995772544220073205903936506
31494657225970940837058554262813427553308080623968157415372794984484677395965270
63678077142281580258140443357601709061809797230864254162476464804657412004640104
60843520791133184755053209970569679792173821201474836107649366982263658899225152
41639263935502543612311667372084724875925532656318965999499950730137836014231576
34433543435967478299178920726830564049352777666002835631472265648350028432489784
09451710991584292183251657825590855826995443465109998527942697743519298583470700
45707218205136929370756590208884110405621705223608698657647208281873252927384795
42670905764873026603976251997344745761958607193278079299682935138607249966201238
29205061304471672616515648673854249728614374587029703949356314502254984879057636
41673820168544860897682948700854893740491053174883705510443708829278634102305094
09385600676301041351934472394123930086149129287970068903728747923981814847422098
96912264925968896354981232821514749109546652334448807455065502103039262254023530
36468968026622976290616929997639564236587859161801298819786429570643821649007276
