4383256056524985935820787258039599246028639041231839499801661781375224168713875
4014289928965756913376343540645086636085015963016698614456322222270651862020312
2399979860126526135531643993839761386776961001969523135952837671134313776232480
9961854511872741947120772385359799419904686612030646901870205594711283727997605
5621656040860491784240317597473907083551314638513414498945766352805660118849905
8151218470672030686696707845548013743861776999543995100035632161237486358757845
1962976221241126445868112053270021602764383868288862608752682313791458976839302
0094889696393381743730770302024425491749180065170097221587181094314455837479361
2495976220982821936032459564444800894856733200409173674320332973893929750022146
4163132499058921471527854633394003961443845394930567704251553936696543431392447
4795635901752185317916823886041748291711861554988985267901802205

Euler(766)
-233345956789730406185924322867598171703186010696150839206469535962542391196491
3939149904293395434898285029757583804519741406952588452805869832872958478209340
7288507499828185419736517112493080039222355313837798893450500250036595487690265
8911804400596565367541986526503064729684428057128228611388004457559032472840907
5961628106347455863489315354596861979465656798253718147926075276316329596935510
9577510213148326294015810284471358959429405818716521446440477552015227623288820
8819990654573836199906282423023183835768084800099980261271014107985338150514231
3878186180715782804798149759453632822852431435018603821903085283189396093259415
1529144314886466767733184144582665958110736893395241398160802797110995600425823
5274391983252974768028525917601839850415192863213237604643273594475467254968363
9082685141545350807516660706626257291746506757553389539898825068467448151348730
2738748591373903124685694739481348187860730668179623301779656106992086788343223
4923736860412858741831117809730682721330963578346963977034514477369849892554004
7743620786879519214337318998233853570773891110537154285263273538900545184143709
1767767032445159274488088514329773740519471689007127227359568777216442045945497
1226465836404420451388077962108084200583462686488496333042905755454706192291672
4703063054586711256725588036765535519710357900891524657593570557399178521432351
2665195664025832869149578055886615324223790716292745559060091482611821798675787
8135708585095243729468979984367199587439068215668723757657512429288539463908703
2567327153638712346588773435816366398146800221381317145803666449280809081126118
9004905911913619003317308861473632297067690508653549290839786136959461559941590
83507916341519564270882250182100863307561707698860225931177552081607461

Euler(768)
5570794140748334456802083626589671931924259446861314496523678344872631577030234
2408509713874729078118524544742278648960351983900693920076081884709191900850815
6328350126805442902937865246410264244112143899846458263398176333492776669154162
2875920581103734860968805246173120664138414980716204441617732187391680435652245
8693436298973067370737596208435734836682191257679603294740948045146224927104635
6272427672884207123885002729740970575199215434588911510057999032771264195266520
8262272623253063585921475649172199007850626786136966888016691194764380468544305
7307224166617730129593726080733644696240835851248801700560507120668460013812048
6289907594959125657774449536437381664424991376256777252623833153053149748564984
0867425521446479171065741908452663527463788108874681027371598567820778246163071
9528572186291978867676337788822045521768915180912142354940192156251754777985331
7172884203151824250325695610404529675608562801093739790958742815867010271027031
1752861563789386047039595098054450953976631223990570446417796839504793976685059
3329030570349395881938925041586599417090607061182165131338180967047171556846544
3759649974134157384021628970486750313747204824265529381642608810541410326078577
2208456525451628332419538620850002148721228320788355601233786730213440778308921
6546603141028068944237155401455969082531232796330301851085400797273244728539908
3210352564543292014105204894866957962565215925219946645992116186105167318913399
5373754291823670905893822395765016122646474983459013319487814205149219696200819
1149812343876521427677531348879745180166602607154505559400656555377995533420281
9635419556934141164654137538738681311655420834686734941141466023138843904091172
490039047010331900095132272314847627228637362299874949874728253658414243585

Euler(770)
-133688614072402908953744587884256997516150066354849630855530165799436317741247
5734525845863815204053269681834566658567416311688183061958632271765961054861020
0342710557684681941968760598515444710939209407705298169230323888629864597968283
0713079304470889659953315161911224207014170153098487206566776690254028733883195
1617118788897205446101162216953241496933250170095123545048887230069712465325344
4958825032831006607194199714150363885300095644703592342702106408062811222880459
0702782980138415835624944736409863040347930009818574310239915495409649673326313
1293533543943610195973316580970518622025499268657309454547734895727961848873094
6157146321788534730356086091896149851700479570596006846528035114030206654240295
3334681335537980885848642738804182098372429573007719664478321028013742325915556
4126615988270943171948205417386377385040193377895376379209779297706291779774606
8652683800131511258558537706029099069781642283331713970994513951831637011488157
1017671114970199340242476999713469464767966623767896904766061334984890501114325
4060764758060280760634128337685535138805899806971501137698302635902507529549925
7218517785536326596807552443283913453861811363956740259092054764480099811847540
7136752196354841568622534591482384446633693410074972630877921468950061861754090
0003964735340595086119145905782792090422055145189014075638324942393896347422800
5645673034352519852291363536741800226883514161800817465621070466928450221994699
0977795791077104965230468933392918913905934255754484502252452969199411983856176
0744421426619744537672561368880530385148999022891791307935117290961382034137025
9098797389315206236564273631585671477307676890547928387377407482947377716189147
0758872695758530274094734944689860757200251155587785876059782528119527870254577
921

Euler(772)
3224974948356803221226646972831305619528863364225811678069565505416211050126669
0799858342747465442463204639936650173217380926991175886763619892348346586438669
8396226081637611028994777781111392555834417944678327086000982313514885910464842
1212034155440997998035903580776256526366707844697763472797523563215421771549754
7039704103054138744324559834282605277642385794927113285095775009192802327861365
9053899708599604595305762725702806530601944981895599277847105927216330086575928
2833399150473348700366174547526436754924368818602213910564756676101015393298500
4426960759839960211679044692469489645664233785641396089940406264832077918546688
3454969893474121900755445479955915273102141076069328470841457053296690751980392
7165699374038153901898946986869396050036438082831280745784062178682401447459545
6983280795315680303923550737254194256699519865411829052096494218413870823901616
1231335719839692295243245292928799080123831687014234674698834366472171482017077
6094033081619902394511342435132059767665722358766509952673560485041956408297593
7211951950775680904867609240472770303774314276946800273424073999711504284985275
6139088680128523407779355685069548347997410107047109104342477859462770044320539
1083297292385804567002291667074143080098159658263682101289513827264171028083850
2013511222552790907006320587818303938211434621585657025218970686626170004818659
9890193497945887584534381163077857785103929000159925474353631725947705210200204
2233084944176648333514136371574623154538230382727295738012610368462912466461799
0787032443379440950391097835635576551685421656731514312952226957055703933063822
7898910112746284976146166491448232270808360212410319797242769330956529585254053
5327351907435400201236912306731911188300466111511756037256981222603901045599496
4104965

Euler(774)
-782000527331694197295636624324513580675612523751421525402463691999892667767587
9227690096027930931117606298467650866581763412397371196604693226393385648367835
2921058469367176189557394920320273948016862021825722883908840768265836428174950
3422141768061242051200000876668332715522681518312139280961848544489928539096243
9639690195489579766642989095127705350348020356783179705753320384916969934699326
2538073424197432691355124381663908189280078184802048808726715618159365574657499
9556226814170933991083057619293134709255388966580621644698057269939680542005707
0928674060151726753083910180683994720066442602932643639116002755119231724120542
6871071212478224953920448328366966798018991538530893892317926314048233152868600
5351475660455403788913407337067830235749795535710869159334052960116301351957976
3430159927287261441694902424644302444591965465232097264654987799786170799717876
9600361431687813221952302800292102367686452640296395065468153337226486175048102
2131908366775502878017987268457868527848107054931826539515931850514613085994788
8094249737060981744694187808169849949312704231901668769977837511512994942121997
4005340076385915205653729473525238169223534605077952599439612289424559352621508
0777465861358224907384127428436075673835721335805481383542330293414560197249646
8212754018279976039180444960787669922252703152312975061384723692954125400571774
4634039447401501166440406898583727887040393806208874904568605499754910187844911
3886898825568805420492943322775359704200691916654267884371981975455356937608159
6099068287604191860362597212120448485842852228382372398689983279009174713595483
9715862441924100866507008876015340426575071735169135240488271865139790961090807
2231041461121458584421577893366862468305959194985927940644076280436552048010270
2187534168381

Euler(776)
1906034317182447626667470213006998100526286161148242597018659694681148626018396
6740344642535653909648758941792021933027493603512541415406330004756627117331085
3192856574839100417713689620975669646686027693117261403462634841078963278458401
0919956646317743859014162512755474678058982309520319672007969046014468974071409
7582525668816416419590779713232994550064918830276440836214065081731803186621459
9392838723659785749439903366698804823750809161778864404314600607131523233633228
8021106722413211260418470550650441367010875716108687275084937815620738040574936
0552333337587200012240427707324244934302617455860309373466501712936640327729416
4261200372044503568864974613028428768849250277602839309024861753568737745669513
1267162088456128387305471446096188879364960958695131292766508413956163842395313
6603897544006929639893291931439756607988337080700147236930219765667404973453672
1573163701469895390385730669554937270485047005836790328126384749804500916364724
4998692581431513261241392935799805813752763197395076706975041340086556599483206
7189596597826364818185076028400687677373256039586029556165732763216328322993319
8354567470722835315650781540674171548930687451974395608628852336608172773324442
5583804471760957071270184331362295940706681901995845576622315437460801169372018
3939979013811079758626229950865027708336914257221765709119154241772537700331246
7896390490174855133310730888973228888276204119131463773416251782794959118431000
3616494803726642781002105221607243389316938529138214625581857702642185954697355
3063192714076725800497673402421717025244259535948605866165386288678359840482695
1046657766969512787776387558137052932551327487606361887472490362821304848171465
6960651583005957634570767188106829801932795166832933163870719764783001357579190
124521829619594345

Euler(778)
-466972792066728622296744289609326777594711740144167138978642992178989454156780
8293612654045579023328036943881060046202611517083390278324993377660364193476319
8511335090419399029107714078136514372686682788863037584149338506235968138433699
6919682129673494803546724775333054790053552861016980681949151333569852130865272
9016705996391786852709425934138953000058980691188111614464787547336340248168514
8572590489208741585534101885715558297203793279260925927310700753653001050522998
3571356571938749714248425497488564488577948411374836524168453617629514190320197
4801329387656201301544947104780417533564255323060662389000046743346441640718388
5343035815916307498550989412978015598167616400425219931658252151571554739932055
5972618346746387518135629480932337804773780450222955302089994353811898556170145
4247561773887845551688795388052758429556099161933480248496621103311865208048288
6525158687880373640435650918593435857760664190956890662275462278419678533298149
4139171630225876675558055164565017860625969736074000878793368465260193740039657
1445381158296040159461676314114708175117019878410578275838040994229432733541182
6568323654261064980729629233091084806697435751241975178759886214611331682940665
9225725516268893266194862640991392751656742588291648774008656890786123721734775
7792781591960176609288550066072208866814939715106773043128059844290045885993686
2622263191962086826220361911857845188329377323229554559086629531492953388758141
1946671735040441964553280943098135341846140050952303682923479959365011029070836
4220074894428273317171884583388700988677155714564148538867412220231592394832483
4911142308765855588815208210978059317083968242772796094405086041699541573552893
0510865760619977797475803642560386819968471067975094594237908078808919422278557
100763904258122090122841

Euler(780)
1149963043642428430694232007775508811411946106801868134870540201151163081906181
6623786786218553051574709172668919222538865844876845305054122733956915700853085
5830886630116749184860112055066017928283200031538386374848532777223355430297802
0714718322942824521044656740330474953561319925845267560132370290192832753882094
7775671539215894368143643322134417062174384143251894947883601427526089469781641
2011936401930852207370640704292139150223742247212936726403217374117254978897594
0487871856638087144289224108510532802791755083878953676996845045689207995533171
5464893195088816755488921691288137191906646032884457552742527441067622381820002
0940382502225895581900155281480905738165550021803727361467889082481407664926975
9122246956296523549034779728359157932259839356194847358571987941748375439619026
7129620927660079267431853451832018152604125675533995699834838633061032949965507
0550676031943961410036816509571333231905669694679684948256703968846374715131705
4713705650980888590111937859260267797186721404377803196717351601268296794775626
9952311816327414291114650697005555442936616399293146426809315381047769337443475
6846560390351828465559275804876738881586038098911480259036126704042962479620816
5970379640767758938148198473086678183767094617297354570227062515031374257827027
4892567274300985921713184884644726360978433058933098187739116511303518741257375
5760220234472987376288161856040795542964820592251728218602659680921172002601647
2593762495887091026972407398867608731725340204259352489196619543837540125174523
3083118962881783826765356703783764645015729255850136034403626432513363368001857
8593898498892515749754421074294175524557552846396986663998874518995329021787400
4369479063354255349281490569825830386056188139066797242035256059657889648069790
39452755397662782294922519725

Euler(782)
-284643923163827801191185347451824693925453667319229975482638288463143680899179
1581272478298644901045303174615547353007017502660580314757822150074373673972706
5878647573248227057628165169534985819586941462154105810365724546442868482898569
4082971728534132123769395591312206610054862571024259552473796025544266594305782
7873555123342438110902144521555163553156585204218703343039445193990586388092303
9509000343065032974474727916923603288622814968570803682977287995534116607244080
8125361310983323186589781810965340181260882659304233968698287965818341179468655
6314450856448146520533528192108330906550900199635652795301211711249151041003342
7029256220924205070633959308493208398746607763039178950446271987899496831729449
9202784510195352583904816771814295471343946752087691834933045602454072795099533
6301789944559371391112892258560008189018083349785620230603004662584412355990227
2545246256275300326415627643248059208577298271597302767777215060824043158530355
1477615679040044172061816893205312043789010986385948570884198304904783106771307
4985264877103012905267004860473283128955904518435595422497958955051949383210899
7946700070181992027361579585127058117829586654808903099352522835270793826770760
9409364697378533112649993010016510737685793654176656537570192241160733124780239
4631112144809980649104088102235558313087017753195228667876599546933399502615573
5428210248200860139499859928581363884914173779535960314602906539673821403599265
0015955924897280235322126429444126722341179306890850421549966878488375672530595
0332132256321187218648298530793098558176332675012911063138087440314084331227830
1105185038139409372767772053866291136856480949006944300612900947754553580765929
8190315480623421465152647757545140563038509876876697515775202187178861874183295
93508101751188024451998766402585301
#---------------------------------------------------------------------------
Euler(784)
7081740150846934181015680474089423929921104587546822314692874677434436634938983
3491636636955157743835163382045367978424454797238819920379061508326723745203537
3069499663126250452534023467828119004269564214572125908643175243126628662775621
3286426448522294548256355485445157700827303603830682866233197217068764980350038
1269082500086642078819408594789383081544076979190561172354902213548620778831022
3502322223429481960463937907938040480731341573042235469075897319912721831174500
1489039310066319517707153991626429322536420824110762221304176619964285003369072
4230928108537092681240052248930292209495073087646946140269022321832805474743072
5710359750106617906363370148135642930053768315063279462226005206265797187939343
6595797308394882579420350544659206742368569406712993235345346319774683910838780
0333331611496674788149371061879646617382073638850040849162489754498343558300372
5438623819733593463020230559824317346332191190458810615279544977953187762819005
3416232431887030815233927338350099710249326511608466893112425184225400253461805
5626076305681555157221680093781252466766917624508602995663616161795410230791834
1044786602887485161571390523681181048751417871402010167796721958018785837732581
3839065620917045866312765614489802874442583273222383929734266747081204801479953
6390278720446215929143222329162052866534422513513143486043176757355458917280990
2543479378966446687141507648969972055725404819293751510963472025630350684133046
4492568669345327828786402520528587992579509461367590406864878632820146213550997
0544571979779861707572347121934460074502862468765127027856170891985592348126060
0456848911944325512870537584781296253862279800030085347415978344205845298193281
4223434428234323611921935983370385948086404351935446972518827314192263931506776
213664321039373086199841355966109089105
#---------------------------------------------------------------------------
Euler(786)
-177089346762136984681198591639723510629157933895216839755413822858921043503166
9038062263378803562713140535728466326547197211888890291075304728635077160326940
4056992001023614643056536872414578767936281835841859997237161647817101557987780
3703241932383769155896174789045326981993367771171072372011285227450129709540838
5699391770582934931331531010347215516516291021556141254200767766458290943910760
1865118812966541265119318143635126743237726904940613617176272646019814693916957
0530086298851933954275476854224474510181158019893542651643125345996389836644689
5797011635378695380850420819410668610006373954953107619399372691843853271856544
3246126849460380178991090638595627353853100540274205139871236352426951689527018
5797803166352837099387570252410017390417656426776339632177201030789107619418178
3636394841433683061382685361329587244118505593763679069716597669673269510237069
2405657126126970502300914986440299770519013641368083959679178619755048807567053
5647951521971967557295109021926669596989630334580873258749137977806466789037680
9228997449608947525760987253408333950545071064499118059740969411833999878483592
5421602379354072202389878200383940157232807020782564829053770240510538280245602
5685261992130519407637470318651651413072741831906915737614305116553030486090324
6699876138600243152400332964868289163616206082863792084447323338284617156272449
9481968688882467913047384869934960392323724400725872218054805681450201267609863
1991017742092465179496323028949814780752200726428142745585502404900027402698939
0053866864945446034780406820812265644911981806620733489706990795371089236968242
9557745910876211256971967162833132844511706568634320014369192372835918706410339
7426769134125795609617578888993576856098210727362103780890578558255887197653677
5086932475777135841905590979785929080247699761
#---------------------------------------------------------------------------
Euler(788)
4450959388747054398306730109378632888893348381849014254129558919552711234212009
5846354175097370555385993304839410175441118052048264606759945746616259025993840
9879883513417656213003943124189157326278236482273016731343403635530144584057904
6250651757981679918836085990828534156443877906534718894588099874135498461174330
9078855112515060791785681453506933509746045706289523106365809445438636641819175
5583665901208632774533882245619771580430669784057795662438270640065254888892817
9685044765505306731255987994047426648359217626702776295852526633290365782230827
8435235449331582421271338742524702378004123126659593914498226017006832964584005
1350487064303424698660937538556913796208298140872572514039374936199909536486641
2059440419130793398417002650790179120244480873915893915402245771263420291240362
4120167243551366216422479267727850342132831486784601809886977987159638430775850
6507944795744050306366759543531108374100555354303662295900014688987280034314839
9773264872045936557080235111898880489536480084740807200178273516431528861478367
5328216490082195145661341457819812455104464459337181711916519229411928017685611
5723268592049261059947118778444595889938046878316263974831798848959986474284629
6624760413279433151758784578732949847276732195825307954798428938464021325875344
9754062844891380749865136172798674467952659427238014721761882733341780109500008
2988115761658346225887994318729304616336739638772323356488911149530842255239687
4821013091153122226630614829074947151048353795978766440026465087476016100053026
6143376571911803532492028898270490750454956130351356630881731456612302173190754
8626526567743121310743450353578647884012559992681677380833261122610933608472190
8146011467093601851604254394735669196116746693472572300805515875396805953063438
12402171669954364893652999853197485091098370710485
#---------------------------------------------------------------------------
Euler(790)
-112439258306795347914001702893838552058654927249748470224630792152169163920432
9065612085536110064283981596361523990174147748614370087514849369449926098038887
0071250293440130538627744444362891199707107005142081498122534479434221241223665
3259245041052723161900871216506200232328726536064237589612746295462325079096557
1878456659167466382919507374532332454113467790920124102733428711871656593978685
0470587583672228763817716549149503776753102485108905459054603610377220115939733
3929431187504931411791246118372126660255085962795599683461418194226141207439983
2906363949051044062222538318301669779949644570684048726558084345564158933828804
0563081632008695495919428671012618672762228625334486311531009398147496906105861
3427975821962121846169064966632716721618511365887779640436989501105552210347943
6884854904679883391144620622317478471594960002656824239306861199280699866116277
8650815770729186949556764496735175143366066672754356707794192165447269623743601
6082870006442242254728014760556370373119270444129785994446076866472180507009442
9879913787325899014312320530461697640174538718771987453303174409578003289660581
7098629249284119916980287771803259764564346609882911701537083451810537085890386
5085116116021484544966880009036253597998419975402179132503251074888212670987244
3846148592163697781752599459301664886498775398400951850215806725230499234696276
2346997111783982013750169677279490840556483650700187440352132601472105187786111
1445949203260571629121175422303662972453057906587281173115545683179974651080620
3141607631398001973596489627199261750133970794171142445736958009930721045488900
4325781860858474076427700366364583640779340712874329042985555096182210639580887
7131973166236586284427187446024060033760998803768058009646529326691148656433783
910563579762878174077661535485231830018203843305763210221
#---------------------------------------------------------------------------
Euler(792)
2854827576359590162880134222661620422927789587543819098711498460498760970679817
0191153948233365563677805739510486689807818749844426601527327603653532914663429
8544212236884143768294741008845305981244831928283118033150495168903100881733495
0305347164405852045042261602692629165525796270463195987961854048184483064390724
9925412837617975314710300840692833294931501769025654968965464714043628634108113
6607008986418440430974773569709685439532774912830201321867207682361569413190463
1196356436773402588466994766896417201453984913487004014445586770062885545968492
6943006233007859528711708874764611401661996699293176555067227518558356326294668
5792629379977497167361067648195508908951254958940372394347661837091431102178414
3233544433332250167424770104592981655409774946654048036049566603237736030601427
0092073332809225735621250511229201113567419617362964287658890059544324132452282
7991894704500204258279049357785453703748188478868187621564686034690430782954831
1312081849954110263123534774494937435474679226581084743219891920810265874114840
9604376267650878633010187491406877860453472679619519506746545912825771179560679
7287355916661791490598123957613584274982880789155518689276078171052776089534173
1352927487945378900482646723317630590526406372635133154205576679702688758718954
3093574827068642222501377511259268023096800957771630788477059023077300839014761
9423634773751035363481909474886520667963329406435815914378578141144456861402022
5019248349704629785241493469763463114927300163997985374078149929805996380400872
4132495388466212925371163767261140349476875601730308612839984978219239954368118
6429965578409607923702154155117592753455858503627557669765222613167619666875397
5069164062471160440678711496389300554408120129357273269540127416056079671751271
3263461769536229164669189414222374625552312684276701234791865
#---------------------------------------------------------------------------
Euler(794)
-728507150554404666311214766349887846434614278244194165556281491725628589452182
5115046270902884354811790420973457292007046072966380742342121170633059876197785
8975284283092233710203185951395995145837161803131626981376251197715129633629261
8091975519174674498515977102429510442925664829535641921623497474419616510058981
7749354853328077596144829201937916336372931957846993895374146938091066989188585
4371713339896173019941738158925664531155832941261472807739330184354905454930169
1893522901023020602836504431241595775449597697717764399967003437066087070567803
0706114311607720584005628007279157905703389292274570847241460595962584580014708
1907194677862249626628979466179733704215312489828364033699851156083319941492432
8467626066911353026958631230024326928483179173959898714532489359807183055010732
7338276176467476344879878823371370381445152712632626680240832843564662093442203
8083206895234037069779065337715418702504986238004397689738666920178201479495731
7630819404181378045186845941867813704206184704249743872986377341279588417826290
6732651295208787384385569923638831722957607596371701695635550121083879544530711
2486120895634453352179994665991679964683920824592037204207745165449379573887310
2905902654029846855380277494110166450165677603637763786731746724625058160058472
8567223383793583715229811441245690852471295826744097983428206723032738242430600
4107893003745101765519272789515851620895995416375392938299185395723307482570493
2686577356084032866770833873758604764094818829401393547526567108019630696163898
4043720977888930532725492656965174973062701768134541917075545328712937171949187
9395586183698759587752551645498249086610413032811040909864428464909120426285696
6332437822148587817796479640453921609314799461797195312412005694431385141689775
8929654521889113594366631339938531291477126390358586958058034060681
#---------------------------------------------------------------------------
Euler(796)
1868418940734661681142924370297235148587547852692270628585202379153664457889954
9094476825781117236073129645568844469992369004166689912179006043104279792142347
7015106863124896505055595831939509538799672110818753329948483450871672972722617
1892574511642374609188824011135345547639922177819228367627055744901052291831063
7703999378436001013080989080523120048411237898991525569954687558506705866936545
9513218490530811272944275080623437077051679511556978214800183311707916775197811
1378831108121014843022431800195721518923559181516039950013217496903350146891664
6005738232958648221290929595574309465595640827609405935014083296776251035388293
1080114031585388782251029512068562061337295502069626670352780818836680648686694
3312448391377502713347017270877333352577462201224971264690458092796294873027271
2407348718947443273600611654086946389183964480555382624344305955315244200527446
1620386651363131911388194100052095225442244955551868919769723760513635405557513
7769073153568075523480382130011190485800398697131358484243233554266734844753268
1520726386537621373835693249994059535991192019485478746749813547940562541490424
0635698299845019129217098617799581317401458414271404894197435902134556202684372
5087641417702474802244214690208073944571448881611201601881565967935098716079611
4816565353067954975285848466451496400370560740000364640290969595450918371977027
7133853894698190943354380131178193704305758344271200611293643005766780847424261
1956195622922241709722176067465175870605815948391531997002357726125856745221284
3682151040767376484726074134604429787361024043161703159426423157922470644087184
6160991438151454804769883911215582108369059944977750653196240682432221146331390
2389152361836923436591461181362710739583460582625584754883981525385284456251500
165586251788692123776339024818017317841879965235439909539395776145541245
#---------------------------------------------------------------------------
Euler(798)
-481610248406603883098616688457328879329375436714822517177612103690645223984386
9127094873642768938502068170511000313656634295551501944689919896786951957529341
9539693195322957185123328766214432089642340544409360808129431076717397631940950
6592904343000612307027106295134536591401542681280304712385949641331203109922629
2307245517721149570857286176944348126863810486040451522921542295481013426203902
0106276520270787814697760718412179990419852976854761417423421906194372806687324
7046137328228110441870178229427892443567507934211492187137315259512844543582847
6096571294263772170735856526596283573553465339229822608761819027126234183922006
4779363551540032972818828516045566628221623873276219671960034037935552233023376
