740073150630803759301338324109314314416641316696537365909456939943407957863617
284265583871078515189620458316758563349451609834895918047386540090609964068157
000984340194629305180785832563692455583247059699192452289492101739431016731095
840750555670083230781358504068778491251881999159004055487965850280969055505009
867154973503450445111554567497532796658494264199349637331764941469074755411585
882351419875797438428733960978766247701690067357854796974564602248827170850342
599291998290750031092674782188882579099479011161760985541425254082803625623195
548135541643110530138306422819308897424633025121458531624112699274543444557536
035728905191566802014409459255457347557376850021958993162113582085017724557729
877040762029996945417777381754400158368620648959721734542675638139931078397243
049701904483621791234819126719465327231581550321747455921821831074939840135062
251575157917552050547856888862060700480104165336377297088887442527670201058142
746128752426101277323367075394024175744580450544173806067267750101026480084234
587884428491654018879780698571814984091785115440983095247630949373998962395001
298449789819071385145405507915709945728689713227491177018543512630521036745908
986335790654837293845619481144296962923940637688727896693392279349962855035910
252090341513837658971932681959180516282129479342525966626158604176332973021572
444769949353925739769603284976466182604741745094783573453362759315222710502719
490022749361199064360483218987679946693078986180415352358379175628850114506180
962634639888579200867785968797738017559450082153396935857754676545457686446004
819703686859022398067932889042938001130124214382649540820351692883277247650774
935888950181809459057872629079314969423531370680915520280299801976074741325183
378484013239803917684581568757352236437634900638226844128534142711169011406086
498900890155501594298242956102375769196480781570838252499844903792052293705371
667588379570424997265650182370729375503505415801012915254233795199604541342225
580928717246486578562545398778869046194608277110509333001206171449945786846593
539113969873398070587203753623810503037860528082863657135812248920924568208747
496427440933069788291647870715688906152213594730628485530289920972831036705236
728722923611731649796878380987898436287831100932603787978957759468793824572862
215870724735349785056999033525397040914743507450329039629103701326841627481197
680341635445654033263973417313725340330327170918469302047068978137946250386929
636987736230400857741862403519417142872449064177239991654873611845312200680430
727268057041029456124345824979303502192521446264807366583877333662250725906311
736362103729791355383820228382185802877537415477443720871551350903927715070671
592213248813906319951979321724331805919123752358633179297145625919179158144066
690511917328978547793419156197951079920219707159363022513888163254928145313999
104636558809833215609777888092509187802169091287442024303054308915847182995764
490030408516530355483616388724476593643032219980951258151584729795967479110556
185475071902071386168218666871606398898138488223012580151080289578010206882690
140535956991197523130797653356903518848156359676332406946684344640717353094174
507346274251096025736786913916739219154703558941403270090804653001880178719832
440469935163712345983926139533115313330418747463191368699648786270585768626122
478443423221107284111449662755158243745527055270173849687278484286959083297127
245541786389611770143364579599614959711897963192648780160059744470518057919377
829984035638350097674713488608957893195772994684179793831834339503323140059759
400268233777755892082159720095065171640968017158203646504559938609862495401892
587086789824009872647427567308227696254615599329559956367557064887404869009305
053498387574550425150833689884449782563273735985820390818676226863055088969510
140123604631979474192190212786790572754063923830529652988045120702962140848484
107139708065578815532870404565509722234915722333330214102496190519460493226438
961215638701015841141445044012445924862228388392845381825239390973688177928543
797119294281572082366506144457875965142211813620135983576244711521176053863546
378443602811177260621696701443544103436329194248996123422179760146677625748945
006668047030579404270857652863843858737463780049379731410536060251895503610586
330729012907435313944738122838109423067765419616828284496167516791416010025164
984771866397535431078135089731045615927717733143740331210259047141794971092990
031681627116381194365612191646591799944662830103965407890731383795913697156643
217882127423178324756134758482712740962631278370231224675528617231755344300012
906606523936533022705865521625109688376164355040855924887472503399861374685891
875281125513609817238944196858778948010369722613176461214612027548485585452350
897799915691180500161579563347315472009763575415035918413866218647683455840085
037202168089023071519695396646631062999427922651794328592052156166025576876107
777396958685004672604744539084988781653356130564344501351024504377940754072751
729429150439929587449735872446602082046402824088441055479623708770567517813925
746436789128840711535536953742417513372707023189431574597084199494747105825591
553459426305722346708062347040918891034210813266589128905885492524560569853256
474440263213094169786939853026390618975874215064941826355427383335076683420646
536101485283871226460278272619518641970342571729478091549557048420264976375721
319593562839693872722723912641052732211416184921527855522906664111309786944373
922406266674968827025813765686563758888627664255342133037759674937050920946630
439121479923700334889723896152396436067813033384328470475859562295225911748265
910398440113866034523361416837856636750347021526382967123583164799126284812371
097068008564547575341801928154725760005829117833711754889752754352097891967743
853752684996803688182649390904905302929946354986979816677413225993818728190796
711126091100425920065400382676724512589907498931857629268941379679309119879078
575152669791251664114715112972037876077725226391367457625262430275884303198361
288799770343595905610329002466714431916236922769520162939541849431210615703519
505934414652188621543687864574826954953328269238261848129551743105935481512334
409606618377431084556670971376315034580636905695560148005118666180907626855193
417186332486790674134246100275968851317003395496921043193837787230584029552689
166095057980588226432105505621171495617129160385855131743364371257866816493250
889457263734689832478934880809063866828368406943960980806878703494744707406644
490559840011068767295484732914791748642914399547308277617755249322814651840148
421654234713870686350644655329286409756459703802143088460393112512928380384279
397948418727772281319906172105467321951924564763158727750130415255012081149269
120703600965604712754835299999145353845481411001053715382564914158800142630902
646329877409771273616420452214153598125223227879360560901134674628046335419472
524166114890992872128069617403017236205769227692353225564801570905536067738690
722745034689488422169736834026029266183411845449861168505446383469835143462650
170279474940229047120622340864909548649183858184731345140196353820155808218198
179255772594950911992989149877996247856554612370076075508683641454179987097937
320718284223725031300346744041800708691020137224857454528059311625507403606053
564985678915382997499185187285949303843180883369754089774911641672925172823025
106248566627049141060715733637104659080579978257152414164247462560441170878168
647110716597186632195518938187117849153004865155246142997135684047661529879957
479940596879823110183689029555691777148435116640869073314368941056263651064178
870472877357172811333428921663653392219912294549818557821026470233756687242310
311528760632396637982125680818604732234812747235265828647607652676524649209154
521039651002974607734102553720113809108072680529042132509507799098044534834270
271508990298357728237289152179032689052812046220657176934807756864504808024271
021632272575789490430678682200488957078598112619662894229266834958955362167684
617120638263263873086653365434317406313828072050502529788646853890111244335921
386255253260246091339513442415154684207581345994620278513151667848924256817818
349482314128455287760104647095416512310013379122597206735051858481584576683118
221986286487516385931010430254559301744085030014141247242263653886282737068099
068518128167420091484028234393460865997889474566718786870075580724402035195834
964504437877921508916991523034309416629233227842253070290879387722762096397850
463498178302881745416228659992698786537395460220737608036817750702593573385469
767339915514332052730579707186267825979735114033080517535520336535997112059506
476726390166902303813395995593788754794149884911595537259216145118646797016259
739113729657655391122825529168680371455471218929799398521315210927950634969809
860874276592269620148272651022375780228077807216572477605382832014285839838743
984707778138104889780560825806962099210570661057505531129295473906739055411988
220040260327860664353784537349451977083062374777537359730302121020293217100335
139448169254441801164464286280569756239150175521076555912205073015751422312859
742917940938153046165437835104413182753863189651841362824428600160188833351841
291523314846348565183245215530725768396703197030742476422855656369915701820704
352259917761050961684716624084275130505532257883899575762189085124492467127514
779867864989765213083653194473850825760614893100372443779855956070327637271737
777847230896273751557571015893142741381298474564536469310157925355282316898625
574875911947928319220964937817650442023271355635376049039964984608814377066340
481064347503583091097075598614328715210098827965926959101800302021586463955363
648803057906622154906432055556374064423331147208192335052437303679971382255115
057372961651983277256619087051397359178666626962564200257437009385684994363986
491467540288910912158747902792982559856100334647004377272902453363965762690062
240186351535128455018035810390586361146676369202856040719504771938702644108109
251748587415841151388722368258584873679431363317932799733033897676490496361968
625765537919377365195873726502042834855887211549784535620859271104985781811489
176793655151039053309035698107033227875609289034539612532468196103019001989266
181780604923330557403229219472547030892248632696499696635003888916594344034563
569817156282380876436132381853936330811350357625427654009956869174317498487881
485849753921533443281676001464893877915018214130919164962260407474939145464959
327022758150102414642653598484397429879482731074711803549585309184480072191919
543731547552685558076079844904365530004128813730788802934663645411104695090384
444393169210144266866874115870617128241158397938374568818220917602101087120904
084017637061301317891382045881689675736324242016836320083988317533615895203901
691917150004828523616700852583545508442487782014027519622633170401831277112703
038000330064369330718143531011605095642606816556122927893074783499149570894250
056757054858337672273185874179952192597207106273115584437337263436258336559040
032672196660305865786073189266398154477244923723492748404483737087623839212893
085531536012692266512797674450623447242020013494334572374175402536133671989327
604859228817060107447419282106222547974590334621344199899552039868851796749620
926443410874824769389762192172724166712781857958066851727166204038625949018553
313611773179264195012230513843655329154195389460774839960988305891873188493845
572668372175074839135319128186668827130742626200133361429726540218290102518042
304093769707142429815091619825235359630103888545647575683002377112959955779507
112930107616152880332313798857242478772477331056070426917049333443843689431073
191255782113317465172528669705547621513763035828524994918921178276700361275708
464259612715469616214992177520322234014411628687138108221112958713923049598111
290956692373833469437405410515406875288497775239265097209486215721000833181410
772341292509906795802430340383211709464321034099109816365101379304327794619107
417161922437267703374371766550496040562121173747350183777401208191171739579770
224809178263702837861995656061188308584163173776153039038461379832782596685700
951825032906104301420564574083116649596916417827498005024072930169423248173608
917408700178362683635326767426914448044191498767558402377512860713295814108862
158084209040057200382046628952829019636793068997491025303615788081744956220191
660759936928375674510601411674490319742807387021400031477375569525449518062741
265161666501353712640725663100691438051474235458739802194199097812271656920254
011266952180899444500059166833055898467729503653601470091348096567850500187006
370246554809907458383487605921593254214630446209512031910417387837213654968967
118590410585754297937572766334481237972870311191301478776444190688981342868636
896391711073034092121533500689409904114888121712561525650885070747400336930887
020292658261443547575794026016952532285501785566136321132479094216817103805712
125850270401239428008109761455916347271396643453113179069720788087777580056871
260869451532590073819859807768043234390066569308561403354422167719011840718326
015897800825608482703942101783190968698624367880399423479202900752076268272552
336644794704333618194583054742201972528127571009836066553036459228305089256383
805622843660467037974575532802030717249122991137909462705885588273563908393504
622216390172802326646806873340498167262420710487043533634483773799552152091269
772489209492624608456712693711930889599932856738060677709973578182314277523339
021823986865212535831089446708619738273828722726352137797928735666539397349812
232000347112999603114417638356733607627792261293655655722182239755516487276475
169566225004600272132746615045194956856140166554922967919163616926112770337703
025191482825837585087863239556276124872845468949798692941065624376170368378144
492171770479292806389366737037964749233185731605048200229859001686095544439421
772150616177696606750659352618310089997491420381405811540606932832766680526080
102748695771856286804419367337394806644925991928042809294540524047037205980876
545401091699266299863660406053386414293852959243222689596376223178431105992651
486236982560205467833094248046684043172779532264849461997185532694291631625591
361630531554190708374896541044847616811176443868965787646363274862768501929965
312143402447213849062181255551072346833840301914269649850845759031079884275993
452297418302094504496979113159274049220087292250117540523738275310276722351292
100687634041052420429924744307566320299199364190606950431309701941952933950148
169414430981594656370180711492929551782396614292760031435844552411766446620968
060127655738788893300186511965797189968396358988244331991648798075187597075606
074825449451411575985219887604358273819230842875873940485957307650790601688707
139524366669745490723836474274981238948532432365970111577491575979520863745295
327331302866280421064872095370591362759887456250722373740902668264866282416065
175743086229808852651105098586327960861399175352358702845184913572579233256155
980516584880754208222846528052800386833218485955749319640355421001610003357021
532098875613672312220359345090484293004293415187873252487573219420851947089885
872667131643773557992547345515378467852235113925889686854687155159378057018619
427870189174482290098854646134521519149750697741155063713416250056438003433815
748853342033375481477559473333213717815947559160130729061546208807457701808435
422619859691188408701820525269766350830023487020958682763646738075483315485439
242156704981073446181052170565164023923420033934791693074669341347138167107799
798282761260013530663946047198498702457269473398667256335111146557734124820411
959945318010901965685098465982588899754046464366566453502891704576387931178941
185509454420212542139448795172618180248846901476751772319430624087279917058529
379930930924202058876480373363005421688892700765611021996402350159227425556562
541279853169305436011485804565366942940928272594873845421331939317634449275763
651237602693595989064896801986149857751098386855751708905237567472096918593630
368212421741156696682578476812952012535957003940944879333950272794937187399744
207043255928368056824739571120968872800358363643969974527208551131390214448105
967470646052231865030245647442958399099950676030791159919200826457948734361098
452471398178669037488939567496798323693617064582428184756578197675570592432026
155328519726665114649843653833171059917481147644027247570964296100733779720175
128614838277075970476325594353102342051176816059390610181544766022739254410762
061961085861148741153865569161029699045182166260137037346906160843787467578522
199707806788515964787138459364451761215891960288066541035903357926839645218471
962079176513972019477615818570639361152678428935380901683889723775019770194886
256307185489975620948826294930269553875339607883670372213466310553391635787228
671576021458412441491679883140687642041499635669909452061486004359386460801766
770963762861416223245261351567917914591065033574007375129316286037121233234549
739575493827305665818334898877262525710808883222928148348388119284786948021617
762015272181214174830894462688901184006540201373250557975706112210413784223522
226735848962957608271174368999965469452437028989380581975700713724396042070266
204490184368070740565680241677339576135254423254900525959939181038189501904730
740201354244030594849036958077434364070969170984954409707341566068602941678357
852332660376039083431373839160950208378260049163200188853466322990819501200669
674180646788198114746488352196763516462875404103582721400657585392123982117909
860543428870659915012369758869985707649240331446699097835119651906262437690041
563301846793820136283053368167553882756660437310992338765805906755996830296530
679357851000193720453252047449940699787831020815888453664887444499480371346498
854667562202012674273142450421585175400716915207543917828454632465362621158182
209833807075831617151117432560954919021510578233021178482749724150808639294321
094728959173824753289602574738690942809130448069076036494516427236840412522302
756540997639885189397026341829027772114378871362580214968289940277021248250390
186737957773849990852989085227617706573132070571040905400049984228649270245743
366037082275597941146096538656204668841074346956798025692085772683120835650921
449096191075000989485310552106545891385792275583890761558645694618073206533076
391072550937060401169108705386491666534603559568199995351908125376094083043919
621110073432407105319401244573155961723266235544317733972396344482619692647704
216425261891332194549836592506806296850169414024400444657523856678366241658884
544247700727829043989955438829071727891735350871501312036508191618881826180827
463378734230254159057084306205016499724084716646403594544379122837905747510435
149032671047049342250398956872048302719583434435713505204513901680729946415628
240913798815028828297458205483112047430941164076042838285288590162681730031733
417209425156523564025047691529454333604178039771971709781406462353610594040841
588368179268727793384208894734957153920818943608463707940266520697027731396510
599785555427222472700324990010420220304633992208814745160254875719366055336979
770160350163211997174307730126847657027923590357242759116950047134743676471873
804991380171687481621737591012945576770982661174807729159438576266809274254409
667315046406983316670442224087399303039732647791452026944877558639490451265303
990337898363156116251443977851297051845378391724330338526861686781490405192660
272700791017273028159539858739590347356792840656935368827955492555856280726578
436941653135484559783560072001703996146805193014457335973850577448800341472803
723109409480242780306605407899612220557454413234889240270817892174444815973482
495353118328472902277252941296562904309792241013737890338138314581777193549644
773857050220137834174463902044163709058599370378672723398780904061038034844462
706759901442986418498749883440453198311681418038436822473185766873194026642524
302990300332856520759053570313720754600398985200342507745021607472795789933496
722776198790009753599269413174719586352817058554452451140349063776888167283371
632344299040233490279915249956021999805373904080907199888871338607446525236428
696552398799011410932063500857846031416428906207496443945272011770804649089289
908046965756860376508459505028144422248240939992090723094756427151608014251735
082810904963013683214123859644127272329167131427037592577338422058567031525319
011944504918897580892429762921088263074605104501281854440449273522457577700915
887608919201611228935597854323199390964598219650645435409375121254329566426111
552226977749058131522857350205927853396839916187986704407112710328332758912988
100498402721072655064041193275528684319974444721124167632972165385877460145628
818484310906075221109559468445539400769331628652861959444439678310877193492797
788365950360595630728727362725670618116799137629261560175241513274417484981911
427944888344203420160949408155451494757458972171610121098292457971657296337543
661207857115696771357319316594732390933800972400605037347785941854490310485546
650697457295921451483389359024336572124091511263414729544242069480993563556126
408208476828782055364494568215351397497332283455372174194703378177340012410660
775767650689442561541802523637329979733993279921125053482844161692684740869377
347334036393034550002532816175881126876083876493474518571866782232824839477733
031082164903890665412589007896109375733740299067366325259199362699099333561358
879737027220593052256749878420172905833451984551877616224141975542528500549914
985331976934871202229651281250419431794161010448648861199858115725352035464232
599139043082777534192439448882512930094422849250098990226391098074063622485435
294189809041767590886654736547045958209605105769708690114341183590918962808634
460212632333432061476486476805543925889890918335233682642971806252049309314859
710974139064141802200933927709782917513580495258853898219652488994421918220092
915078205775403833842159814345595798872983252233569615346039881193408683685202
438054569357639649640804680280204081049593765576936692871524569244939896697568
364357900313087878125579298489187225463351842010395357110370134270294948132766
511282963626696129999394339734435492072785636024666952604791872182618044796602
923251595894578989353026034157856451659781666464070684703143471234384388037402
708783059894261596592487055144648499517588432744459013473411586348410297734355
572586804712123863481461126077593706230439749976188398379400497114545199349497
837073367060630914631902732998200428891837125732827428144306231401217560522558
884789349557939777736167643306530867565361757683040592940761260516389041340244
529857251179205283325217648020979921972120629002249337970952142931453849713669
881937431925462997587643523368194673302774929707576541376866160214501636800964
031981100775274839405512414376899362183833688743695456766213799356872342243634
953595813519910454761405967232652308675760744066651137554729073591327416684901
646696073624943256839229330971532258924174894745874892116872429428442492253611
705128738614505907963053512977119571670052212531121233807311547836561530815341
319150955314218894338723692530306424332639137572080482255942371096575042182387
924195678205107428914048098740807165720022558112812030627573014784569249159329
347838501137563177671572171929460651569394037179588592186401101876910977718938
078313708066404214817197894732336991290898677845884830714997538271750415284521
176725173128361342580978596569700665814323482566879532753231792329818411570444
853552105933068535826704105071673300169088434312802473902034988679577060793554
791115322354579553796108380867980085865168858970025204241173979827722259242079
803433992099929981082673763381020905449649071475188971788638908195558187286204
421338643314767919117664493803438741816645266431769947529680712760057599549137
539743812927408055589570720418131076523302775541932743452430890806362036636405
064298894637245805837060038040922910284209987993385538188913295788904936558747
802916991590281873520929919159557318325802882114286399502693296093978244553441
218859583479749034224700321099126567098165155439550167126723950050942360350973
835503598278572829603303183452227227139606542214779384625431441521660167163685
664992972094234343486297850685887287215383982610960928814116444673361682546254
784284899494316894144775495501205225270774158386836017312380262895839460714587
449560114837486075468859957751614029152595323739136923439789594020536092435641
855063680148900128850764428553836917370458701490205580236221312842864046991520
563744933290009463678333993583452201387760305795550979592019147023816179853261
783475163424996541545156714546020992309867253768659628832112951837291737499014
474500765475053246912241086516167439409099492135974758612755296178030543273281
657847676533877535374157384399796361626306470028334003927507932999642534903282
400527849098077793564892712747070667242332008984205732955548599150668942375405
860979729641725695464709120721045685154176717124517181658906361458173644721359
622707183773237154895713895876092016854344340834244886620053548442344735756058
413828201305461996818366073932560150734922266462464547195738258003074809720407
766230295892220908924836994198724888543596454563948482563294598035519397093769
281463798451936203075323128965595435245007911948432184537359403396850130858831
963091705634535334306856642368909577406663521981582975376839760710084771193647
768361674131424784663679151630210387519568368801686110670451001045122166827434
624003635410687065060979421856722118049391861715854050838377172875323466714909
705724805792946885820030436602224859690657950619106880601426541103331437443483
501487206981221532093246674416085645933748308321889700077663605238273558893142
198236044068922805394808824184967116333939018050738656691171120137009103111816
671229975195377248355103374620760570072169546208450748241541138847794883282322
870829071259707277279919474879158301888061217960863897845566760631981802731142
544825939820400029771226712595457334533528834727788156135742850631150753579252
646509807376714272867239148501855537978947729044796289483474744469972099722682
996996729473045217142467249909802592815199264783417677854104709678943819670961
501441645211146825565472230035740486916635265383560541994345220979627394209608
937671372044875750585042254656591047484216859837607326330717990043587218612975
207192884705825548353016181889626132474092391922897037445913359735938878933301
033439792736798737726593646020499846233601069483975187142872393943270677722887
772918915340236310963851618800832127984729939010924933896160371162520900607878
765157672233827062190550005863442503180967063858348563000431795524890031251765
606550729881405043922694127933481244747045783990973196502493640511045357626308
272896666929443442576059214562044096768393897777191660635970634676281405570066
344285293977952522482752736093092475601234157115469843907471028507346592972503
252727132702661469202717695844631854662082100509286554291001683298132926446486
530192442541903991136075033259027851139165322695271403608068840327776591932376
826456870592193580745890172105697608517167139869182394217141127245460161298387
510452639000529408232945141316374062527492839901695860360118709722814691256429
218058068211270075444594886343795232125763650274725473582318838413428533416574
672175710894402335257214778016295282992661878287925717928246016028627756080725
964000582125525121885868849005099184869907249844101884624779673334738521098399
133610805440375294806203379278084777671317591447488897188840097169451281805001
262135451651880947928509176060627747013999495944977663922042874719278586206157
047967716254490154532180726009828237636696456650032597969762113494301726667995
350991959565756583303971859523873252947968095162186698485891106460701169085098
799530293071359589438857175143357430370708569884068760842887393836574091984028
993960229431466000825041007451504859879907910190245342714264065205796101727248
621595116167075849594490377802727380080407106467316518869631377872166358632083
715726014577775381931443854932230388187664509592155840708984800468921466171969
928208540453807963613243178042263266075021969979059691599271595839817593905779
642772249352780828150696480664000859305257259314383569815879692581568291384750
510808978046312215745061167759201291752497890578878844556112336963902598064402
065805290030304307961634490696585628118256089093169052786753919175140863435643
602405370860365225409433045938521682653945155623863417427877249542443912743821
542339298169545046796290262874391186064001930836224817726201249690470079720608
588578211546830758543365205130677423355181949233600744938269700727453738101576
249234775733662865372782389306689188208535143585425434253166623605638612740131
775656623013792778924414193301353529966424670624012712865825390375913943263346
872068579439505933176597609398983812521555247514322701811008995850347623178016
914450408496936204635102514051648792053633336485650252468030812294507956093556
888222695564242882136935635075197550267197423907101470119163871423251081006886
409101386793326312377579989331898247953797793625341114678519556420421433808697
441021511372468031694213274031682329949722134086484665813742373227504877555160
953024701394305619964509197260942640870352882737364770100024838642402178158774
239974690591272125365046241065850851185899787776155543322667023151008091296804
905889535040000571878514732697097782708011873372254806225798708896716088496466
485047262179819628434969321150286453006101186810892028678555633008576461812827
680209690681875839465576673692737985412798197246012975452587498808175970862087
306385773809865491514505595815684522015039027970985974106251982717362802082930
481611395557745908620936617163553787595549418277669441081344031865218464054704
442841671661786763827403383212093961637708701824296273618513898539294293525814
627750030066731720096132899393910411315725374626486264662324134463117541223039
196072590390844276885103754719416206943657677827035604103306207980015629084751
875201555447988282020177907279482786583230257220180061493935857611557378820848
659772234322146819024971300433773344675880271918707902600063747540561124196866
945812243974893792309723772265586803350731469246802716685138931714029099904465
451160505970756100140892949654828737085876082838639449800824564786442402618052
726969551444473752924521676908910660157497003653116436179830906052779319223444
403939774232697710199148969555562112830284984827274931503166317249945196623736
574197506797076720674563838892692163398757751000663012943376396986946788970284
442341446987493171774875383301785413999944026452525292363993228653645438261561
447944380367758496714157585889028413046431674909162884043074113483128114704470
844917443028011588662929127428908879550005467098197333373423610392793918544841
232314690352454732059467686848352441312427742859497144320168521997466839686797
484249589078411025379015763574124966913430053173590575024515520776147289023348
330129249600445883905733396575688668016197004531923691016223150053012161218103
891338567246692943268037507377599033387480093404095618174841810693167579609394
450276604539270029819098722476858740813856065195972608128768825491308322759231
267360102161284434900492116139680088603426830729432900923009117209701039672655
427001989214258689813702160161249421846215956878643397311898484801973960464514
732145426992431461392335022166119571826736356731360189382131004746021237755364
348484679536951729158629465058615805452267942864251254640084579243067745620137
513713873437071900534693593399025643809546785152047591663867963384736477208777
622341230315643774114875029652406968500183515301264183160825964227688953752268
054058089185661022034907463161611054756383941967992845395606740448247547537153
301957054529071552543090061080264508388330623001158040574788352061415448395051
032558232705354885239551536533321446238110363767654492422536072747578044357419
936823566106468866513433666055223797680625285596395845355373464088898345908386
594262558713441123954171563478748347695664195942284172583331618926867384640429
154228242653259251153126299254810041547214821658592891680784289367973979735637
862238609977633495688318049358809549111782786549965476101160808134706058054955
889051220209368583388262484370005324146047740825818910282504856205413696137827
418909195242092856815597388262362510669879177554581841784084531986074714338293
930426158022204330625258110123358313780672646389542238536734316050405407462645
517636168308774403628013730196632254319884390118622778607587758292429713725905
820567464110202419691367726940860150346845174860392662861420800800661382154875
469162200157797731240562186930782397250793625885500972990286616994694021930121
850517529855023158489683593206494884156401662580506754581467766818784490090391
494058896656909709006224057411953951293407086262816473894672935100917673606461
650996035606604857857551481596518018342647931509304992298663444427398233818374
781703999418031505133856467059101287190737877366558868097043631472404780574914
559058270361536080986303019577474911611224101623765911746822697626392084261750
550440577706610801127747152021488093787828420257208607260773369192257983472696
026433883235304639170459230102871253671552862416016290911527023426362192264293
197104584628486892117443500802437227111345618521499896403454565862131506823400
274779043924886084236531779951109640791424443988438609637163507150397101992503
208269804767456560925831636031991153266750184006560098089259680450342180015497
895200947678346046673306752404536927319543782495955506261081114992279934659199
360609406377377581354992516965808372028923517377311053245277411722662888169200
623963490201088688666247553779553926635044170818677494775274452839920808854168
473712926832471414065462480635729622884668801150079647264757731986797896555828
842848230974908403019834059852862054329177294275649405322319266548764392776947
198375446136515611944214831650537471905818642669618709301926521140577333314535
790098421139410575089776327251060933338163184771484348688243110022330684355856
859169026112452048306291244199681685111850936656919060259368111943753215268122
