0196928095 2048237571 3894543884 4241621756 6263735180
3364327740 1734125942 7455820267 5440278812 1409286880
4120300022 7063180825 9318676648 1490447257 9944670459
4238281114 8786117712 4712994023 4353193476 3897789484



4625604174 5478020529 5530815025 4298015709 0392382147
2145748055 0269684443 8096038016 4437261953 0044039908
1842658748 7953263601 7477343963 4741333029 2755818200
0846488609 8183291707 8621243703 4594042815 0160414770
5818564413 2223188779 3921639889 6127369924 0022516053
5128293723 6557373193 1938983417 5384397083 0903585333
0857183693 1136503700 8190565450 4329842209 9381490045
4454004486 1822140550 6052871683 1341426278 9644169533
3980296879 5175366678 4755096725 6739077347 1816933997
5900118989 1113962465 2061607188 5649119266 4269401606
9590616104 4378014986 6699828433 2465257608 8257101089
9195911118 0835030365 0797428123 0709395198 4025480169
4462620592 3636351071 9901481567 7440001231 3072541025
6056015931 6840532816 9973390707 1537208809 0132654154
0840848694 6485133762 2748284991 6127474705 3222550579
1833719782 9980217375 9142434471 4866343808 4599101392
5549446596 6742373011 9121569104 8473306980 5081712972
7313806629 2296784931 6570700310 8305567889 7912329813
0375103174 6783401120 8135309146 6073367511 8762187223
2478968370 3827950123 9544495396 7588537384 4664134720



2470015885 2017613121 5481437213 3479265672 2446917956
2586330030 6994583628 9103812648 9523388807 6384381880
9211807397 9276831412 3086880946 9171765526 7197134112
9027158146 7529442762 5213295015 4301153369 0389221384
1013378832 7539359202 0905194209 3938979412 8938076595
3087027355 0773042219 1143004325 6684624072 2890340217
1151273168 9053394678 5187382278 4851582247 0484127739
2682805651 7260376445 8440068284 6673735448 2592496916
2142390338 8931811701 1389131501 9222854107 3818145229
2592185148 5752524761 8384807758 3829866667 5567628883
1008601526 3589358635 7127421777 2895154458 3129347098
0084717828 9672734129 0370760715 9708978389 9342792625
5738188956 3194050727 5208732599 9456545608 5868553582
6313370849 3406413934 9137491790 7721822853 1160094982
7036679278 9235878843 1608491838 9533623615 7657683342
2289592702 3939153868 1195815299 6066452081 8861843896
9720018935 6785489494 2216512361 0171847376 0460603829
6164427331 1730402586 9985215372 1647753632 0660720612
3292932396 2407800474 2806780812 4542992795 0935051439
7602119291 1303780217 0395082950 9906994439 3911955003



4072157414 8017759229 9719328271 6303971339 3800349267
9133416508 9113946424 7966132094 7250898195 7237504911
3312916698 4273711489 5866286493 3613397030 3624716301
2832100708 4152026276 8996306818 9695266669 4405167511
3293786905 0034120042 8417394295 4144584447 5412467718
5087103019 4976373064 6456618634 9406566159 5559022203
8813571361 7682347784 6310988547 4803141607 5183130544
0342811270 3507195990 1420305881 4923214884 1293569445
2964317031 3190357793 7739190165 6912577178 0698512180
1152036378 4718232894 9534446551 4626784682 0263039666
3019906922 6106232408 6257493667 4402658139 7192480133
1606041280 4309403011 7818395338 4569734777 8755496505
2267198920 3980646508 8098765959 9040268354 5829084048
8743590121 0248570719 0569558518 2299648163 2457015703
7483350716 2561778784 0260248079 5436431427 7409752046
2960077059 5232159378 3926560584 7631831645 3946086912
9139029707 5293245752 8311220631 6530779455 9970935880
1910179547 8468222029 8137949673 3900870993 4835236592
5215317478 0914929635 9576803641 6453157419 8408294970
4240390235 3402659221 3525985308 0332431785 8577406056



9003951749 6624783114 6154707471 0152410927 0990190694
6055592396 8305614807 7265373998 4996188802 0452613695
7223089073 6822583697 2534673293 0434907962 3158386261
2634442408 6314103499 7403655086 9216050046 2809793942
5957370775 2242127755 9627928584 1773136930 9036459436
3844939823 3929185489 5536764735 6087898997 1977807038
6620927463 1851985085 1926852624 5382587024 9573805010
9938163238 7082022856 4474021890 3503702051 5868245711
2552023153 0878090161 9437053871 7681644829 3944911865
8976812285 8228286305 8898610296 0528325443 8604524159
8879043704 7737737136 8502135393 8226539490 2342171088
9783710051 7498175970 2068682570 2725971239 9904777313
3208906742 1121200821 8398677787 0565629424 6938200423
7813491306 6630287587 5209256477 3273167463 6966474625
7061200346 7156409034 7896314818 6821345980 6127296825
6545576749 8591972867 3797538106 7421738580 1948693932
9232978545 5610079000 5472533051 6708185495 5082957331
6453038966 7280573878 2805825883 3867439567 2132016122
3642719023 9990318506 9780948472 9803770517 2000913056
2696720528 4316649649 0463110313 4009037815 2174924340



6714466245 2624788444 7970326708 0920479660 2152536229
7779841303 5291824916 6775473338 6109757717 5208925700
6270953984 1927672468 1021271464 4651636182 9038678557
3635507001 1836724154 2895404774 8343284348 3747564304
5274450680 8442943288 0032635348 1326604760 1721422694
0034962856 3970257256 2837188280 0895476023 8666306549
7470453498 4376640385 9894645814 4805319509 1992594514
9823361365 3904412316 7407129663 2618704241 9884078656
0346889440 9807356511 1719088416 2131337038 3284752715
8014023337 4087460550 9019733708 3604720090 2016509576
6376037863 7218832003 8639008631 8700252115 9432783932
8479264705 6206906139 4036488309 4552023943 7276001155
6448767844 7540835616 0399848851 3772923034 3235300979
3967833698 3009127779 9794971704 6285314100 4353493338
2267484965 8177523531 2719601590 6172828462 1371401030
5334392027 0345130194 9107034461 7456577179 2191324143
7364969396 9048965732 8257566913 2764531083 4456871594
4990050920 2240475799 4214851413 9245457253 2607827164
7130569958 1372348962 2724101513 5814633935 9857391762
4057344627 1578414318 9580687674 4880080349 0104731595



8190724146 4172911598 2896970259 3777767500 6732038336
7599920898 1411198985 7577054569 0088066735 1053470372
1329348905 5455497205 3530105573 2469661053 8066099500
7027547522 6267638316 5272527915 4833145361 9391671955
1030251519 4171781239 1244827611 1453221886 6777176734
1740645237 8993015037 1042110232 2388477693 7314255347
9838888837 4132460169 4849452299 0510710895 5879321620
5632208515 6530074079 5055924944 5974351034 9190441133
7915663666 1772461772 3425057713 5160442663 0343126850
8796541039 7347392745 2905140551 2410302983 6258933623
5834267865 5320477807 5390909094 6014043806 7643829114
7830296465 1821538618 9201400711 4945518626 9299132473
7572992206 1152524782 9166545756 9566383251 1478672525
6097578274 0644380460 7071542461 7738733768 0719306797
1913031072 5974717095 1488737474 6950349152 0242571874
3866194207 9828728831 0571028157 9364027146 3453279847
3494139024 2082297386 6014373548 5609080295 7134692265
3311826406 7965254434 9899969780 8629347038 5536157001
0379699864 6180680289 3285729725 2901428290 1970405011
1709396040 1799400772 7907300595 7406453592 3916663881



1445976418 7426920093 7829705225 6405569829 9485145116
2539665867 4223630839 3508148778 2114697145 1562642183
9723245197 2563939261 8648161829 7743853241 0643492525
4168626435 2270431372 3804662598 5568603693 9297507794
0069921092 7268702532 6458806166 6922557296 3522442048
5867181204 5093427166 6318905192 6245014908 4600688052
2350944434 6582740225 8290512950 3049799614 0166077255
6448746146 2709786889 7325672101 9292300982 4547654380
0864374001 0975723666 0924137231 8680077447 6268629452
6391724897 0267674567 9273486954 2632962933 0779938306
0695174258 9565375330 3319825137 4669746258 7161719676
7115785959 1293894641 9005195942 3116255426 5589036040
4261172499 8909306405 0953199964 6107199705 1693828158
8424916149 2363960011 1384532591 7165402764 9547661729
5659031279 1649517360 2942136281 8726459267 7678276896
0296649722 4763374234 5885325543 2357319176 3216539724
3501468576 2391656504 3387680021 0156944358 2360863484
5735010253 1746380709 1205815681 8796838583 9451042367
9587670566 8608026594 8295232559 4202921026 8875291154
3692228947 1789836330 6284089773 0393136992 1911471481



6289438323 4242910144 3255465123 7764299212 0827639297
3771594064 1397405209 2305309640 7841631655 4355424023
7060821781 8229921582 8215654017 6766976612 0899144806
0059529906 5437623636 1202630598 8951007723 5755651659
2197145167 8367435512 9084511136 2955595308 7586708377
8001919961 8165568310 0455702282 7891916130 2403618351
6412231627 0904542939 7967412823 5084330945 2202160626
6842689197 1808149654 8307692214 6809272437 7218327397
0929550675 2479298131 1566988231 5933109698 9939122543
4479357745 6066112690 4642965640 7405419288 2264785479
7979744559 2299821353 0029315531 2717617221 8631970898
2235311610 6940684881 5755289481 6208209181 6672481312
8908104623 7699070132 2935328445 0081408941 5189311098
7965407214 6182757480 5585802435 3816151391 8772004445
8506579847 9202545694 4114779663 9922979053 2027713023
4997864403 4421824961 6320189181 1804326478 3111515946
8111481647 2645477617 6349787130 8668875695 2976260303
1666841214 6343026244 0794686978 2859874183 9503171394
2900135590 8772255770 5373858205 4889531696 0180686323
2587915107 0588932716 8594220715 6076389078 5976077655



0843037319 0771766931 4552391351 8622363114 2711608544
5804084750 0024799875 8230058708 8265491462 2078726726
8063637453 7598067416 4794484814 9738923875 4728459343
8752792867 6644327256 4795561569 8313724625 1045428885
0073348951 3025043675 0092419290 3435436010 8566920829
4261850388 3972921380 3592097852 6334813384 9959272530
1325821086 0871562799 4119122426 5330135185 4683014758
8361727164 8821814983 5028778855 7539659788 9061068322
2861861952 9827640257 7225660572 4744655934 0325286581
6014386518 5373616114 1630755729 7037999446 6511411405
4079427147 5377811114 2551339728 3496115287 5330388644
3281608116 5190097196 0558504031 9934565279 8222234280
7299181713 0543227748 7592302825 2948026550 5717408619
9252370629 6814981242 0426377685 9881953959 9684750680
1203170391 3507600700 1949208483 6887963851 4240583538
6068968037 7544207064 2716519419 0884481774 9095380525
8104482473 9134996228 2964378356 1309374571 1476150935
8959457926 5351844458 2440734844 8910093955 7560229105
6062448456 1256004382 1227900342 7907039318 7107523808
5638921136 4039358354 0105820737 1156598072 5630307728



2358517313 6193707794 9085709984 7401336685 0020841298
1911223595 9696822259 6454588321 4339357119 4834778926
8345889740 0760306939 4540213572 7476634284 8666575966
7909377976 4676816301 5848816770 6460389706 5832759236
3081409299 5503945837 8138514377 2011353236 2892642037
7834841213 5950821407 2712089533 7331687881 0000342084
0576180389 0377556602 6792357942 6458250463 4285826405
8246647041 3641994747 0546611833 5438791076 3314524200
0537808999 5503474173 9824797089 6323065778 8066150878
8209327159 5756544842 6168832058 9402879672 1171980537
2836240656 1189079991 3802883209 4343311246 9126814143
2182067023 5390665254 9656361761 5132401567 9568910354
8807955825 8253280000 3740724316 5059153059 0694165524
4026442226 5534657082 7097143842 8418562650 3226274931
9629589024 7541653457 6128240935 3540627014 4007091148
2095483336 4938657662 8566250273 0215442597 9845382948
1913014999 3816839032 6408029823 4887741471 6824958784
8181800555 2066910156 1370253273 6823984640 2589188012
0337650092 0647729115 8684977059 1281425393 6463325614
9381380988 1934729589 2191223730 2958434157 5051021773



8760027425 7006713072 1327155850 2718326316 5673229741
6556993878 9693238288 8666604753 4639873633 2850561625
4877385435 6883005726 2497407546 8515505447 7920664951
5963229258 0229326617 2296221390 7725474952 2646217975
4608682099 3904542065 7122232019 3765629382 9780886180
3061952849 3132084967 3872332603 9474869730 7938567850
0759409394 7867425498 8202420415 4706671982 4068073770
8036607512 5464173710 4593569506 1956103385 5527322098
1093912275 4665443071 5285653966 0824821860 9920130748
2570769885 3489469154 3197165697 2247661616 1766706519
8873444896 6245862862 5152225384 2901560874 0899543421
7695175410 3353363403 7347503819 6456961620 8605048641
4145849222 4453185569 3921046091 7094993512 3097068124
3367449929 8196274387 3931320970 4016695375 7317336392
4066206733 6606643546 0951047803 3905319817 0587577123
8273780252 4734990313 3500461177 8877727476 0720342573
1481597071 1634540909 1842317519 8274427763 7794025829
4921372461 6142441229 9249358946 1434008809 3891446700
3203465218 9837272897 4239743797 1531983072 9612428502
6965615884 6639448405 5677766860 5819505314 8337097686



8517186306 6764959789 0678887068 3150525108 8021562700
1700423292 5652577553 5714748807 1703303840 6465942131
3222560288 1837518818 0027781993 0167409986 4410627199
8252745569 5968061642 3014905837 1294203283 5260868134
6582068661 1208819994 2560871923 9598657559 9068847944
7989572847 1897115760 1126635233 2118719974 6658400358
0218134043 6535578951 0224096323 0644670362 3964969102
7401415384 0261860400 2521040701 0782659915 0449718939
4637653897 4233959444 7809412596 4467938810 5954017706
1710349317 9060102858 4817942869 2776802516 0634698186
4876158623 3701525160 2363718178 7999034379 5955115086
5145402587 9726423200 5725044441 9433171201 3746825419
0708531072 1520851269 3984662801 7711102642 4456380791
5882495667 4349287553 4221533673 9800701841 4596890640
6936381641 5346937335 8041348621 6823628124 8551962820
7372517116 4471004843 3926771290 4709544982 1771245997
3537949895 9250181926 6700991923 1981513968 7203924078
1317332882 2740618348 9936891596 2588277943 4181259782
2374682335 6556966161 7070377394 2455538602 1304334936
4007531953 3984910869 9633356133 0849820046 2205237942



1261127386 4697734352 9840614120 2933574769 8542837985
0731423029 6086006458 3902032668 3297106647 4859280280
7062228941 1984685237 1184628817 8252337801 8175736273
8656338576 5251145897 6914251738 6579768133 4553312596
1089216796 7599216200 4777773660 1739698157 0051893055
6320934768 0575208239 2470930750 5648653540 1470969258
6332447535 2400235795 1420808860 9935236904 9792716495
2973307312 1762702277 5828058433 0992778199 3804392172
6811176593 6516774634 8586811523 9136038172 3993804361
9137087041 7832458368 7073268792 7591512421 3279306924
9368067256 7164093795 8115437410 0844743180 7984798184
5622953378 3159209437 0585987930 6743149584 2128091771
4693715998 8393383659 6763332855 0845214487 1734987298
2802287224 5972111003 3706788519 5708636469 3267471590
6123201811 2861922070 3781668982 5406153183 0765384398
3956690719 8048513952 9940333118 6528088123 2170777351
3270097093 4377286450 6905524832 0188640544 5912131117
9044127994 9017804606 5119346213 8351820079 1941711869
4779020864 7877508811 8722447763 4397287600 5334911972
3576540686 8201936808 6771886415 4368080099 0685123604



6326960994 0850990396 9483621715 7071869815 6808599431
9275507836 1763106352 2862443582 9757772397 1617124439
0007852725 7874425455 3882651665 8015450494 4151640169
2449890426 8345734562 6173402057 1401179382 5315539669
1786508532 8616022779 7761828448 2128672946 2937149110
9116351044 9320107800 7237074496 3492569121 8904931357
3617672737 0757948988 1987081480 3294560802 7014245740
2799289156 9507497718 7763259012 1855832116 8332456383
2463542641 3663047442 0695339068 7461804874 2695730825
2892854977 5570446553 0725372653 5449091655 0585449050
0908073608 1330077728 8059176211 3407812702 2071577217
9918469199 9647647655 0010097766 0172796469 6655224452
6699337699 3129003168 3521179052 8327287495 4475129813
4025062913 8109549668 5728387795 2905044288 9661515542
2823760174 4913735138 6273975389 8374287836 4570857778
7917772282 9418378625 0926281394 5141402838 1810712499
3708570349 6006797685 6336968647 6720810794 0134332689
9229203210 7971528543 2230936878 3898249784 6997755897
7758416212 8896661183 0971893956 1805589888 7347882238
5862983606 1482819706 3885376638 7023699719 0568879142



0015005893 2781576679 5541265615 3240777511 8370166626
8023336345 0787841366 9795089586 4028584925 0404849337
9617118032 8045570796 9321708308 8711762591 9959435644
1397149528 2622098711 7939305641 2254938187 4381430808
4727553083 8917269346 2948996786 3754936115 4624333630
9926769946 8701922308 8148390348 1460666095 4452470388
3761208316 5142010076 3183375893 4939996200 8248009986
0462830624 3249049275 7335719180 5826053249 3551274110
7358603022 5305769820 4994600214 5986397578 5058321391
0161582089 3810253664 0432838562 2156050481 8745659654
5074877137 0455025814 5886878709 4158414236 3695825390
5004410260 6727943451 0615024772 2806223509 6633157361
2514266794 3414074665 2063534546 5839222611 4632355783
9399370970 2620191622 1347388562 4539830201 6554714620
8476297265 2574642687 2338636231 5313553556 8166360519
0357189524 4664237586 6198041144 8025219901 3025958934
9990701834 6443127068 0599004325 6138711210 4506890557
5067907676 2563050384 2626225137 2906522565 4942654827
3213499848 4160539500 4718249856 5601847314 4907426919
6457452658 1135702651 0716238773 3468833725 8997786436



7259174115 5701655292 4842063152 1873791595 2464483195
2515980633 9460374218 6735024198 0390342917 2882058569
3526786658 1582011958 7606982523 9649292348 9146794430
8478657497 4508366962 3296079018 9307962445 8748437251
7492298595 7167812557 4842331673 0358061373 2387207900
9336336925 7424578919 5386758667 6113412582 4716030708
9431687496 4912571672 7634443030 5543587943 9672798391
6055021351 4833324054 4829591240 1218783134 0304592944
1621292750 4998450167 0946484953 4409152471 8377825576
0029397942 5014893421 4633867588 3458963870 2611272977
9481845303 4442314713 1244078498 2148467358 6273265362
8625501039 7360301794 6321255354 3423298346 5042878299
2697952507 6211766041 6274969836 3594996032 4349579121
0300046219 2014621172 2288584413 3017429091 5199745617
4122142548 1510127488 2630094697 4835123007 2170223802
5163626542 4573166829 1547444218 1002777612 7607297892
3682586116 2066670221 0658425698 1663821798 4120387841
0264487735 5661996291 9187799243 4897623591 8131207934
2126285808 5245471431 8097767637 2136458404 3359927672
5551587668 7292681898 6466457737 1815671372 7127327069



1744607683 7023027879 2424382140 3830439878 1254700621
3796556007 4412906471 0835313042 0289291215 2146345225
6753566839 6813627818 9995449676 2854591729 5133246231
2686271207 3070316867 4086601595 7099166315 8646522388
7456234496 4515990749 7920994590 3431392149 4067984830
2722545724 3051435304 5490785504 6857565598 5031418630
8483486501 0575124492 8756718289 9127645724 6072592552
9643384645 4729452076 4118443817 9028342584 6409298456
8121756169 3893596597 5740429295 5715291507 6829707802
0239789169 6925219956 9167435795 1072811013 5844878034
7612045865 1798666327 8274801506 3649022752 3192057452
1535572880 2481958656 5693666305 4699706295 1144220612
5550456869 1480327448 6028172682 8102742488 6402616018
9341813654 0881702751 9036327982 2038270382 0898351245
5779035361 6534469844 2851334548 3864352548 1083128499
8328941817 2916120839 0713906848 6878921381 0103679650
4435251204 2221465614 3647220149 8942002143 8344201240
9701466236 3438582726 9296108625 2552511892 1290714836
0456679559 5168653305 3105451019 7832165741 7626828559
3469187149 2472425479 1232715290 9308767435 3283875056



3162595363 9199685925 8022570941 3045416467 8572397376
2668711162 2820934741 3738395309 7453856228 3954012484
7808174876 6221827151 5701356954 6601451452 7686148821
9451341105 9801959086 3768978510 2904745476 6574382151
8113451025 0246512821 3078825731 1518251357 3208273422
0695504162 0563142444 9297757854 1810479961 9444293639
4669739813 5936691118 4515777799 2643506435 4447789078
6688566763 6555675101 3302039206 4109944674 8697238001
8901857712 3739333851 8911517615 2917903357 0357835979
5955444897 8594989542 4664715432 7706708272 6518943783
7948064033 4221433772 4047867869 4063066207 2056502773
7002585237 4393455794 9437175759 4822239484 8213090905
3923116986 6409648373 5068307724 9445046879 2906337053
8796371011 7044090375 2038526402 9625703004 4175089847
8007785474 0069098315 9410928873 5871895339 4735828847
3512024777 5144152864 1433301523 7602025716 5466393135
1516958028 8664731538 3404234437 0579637648 6698042917
4989729433 0983715121 5686192965 4197679087 5435900658
8519119491 0142607559 6946536884 4561880990 1450714928
3559365332 8658780734 4656348810 3298867967 1646781357



3843886039 3567548126 7316383463 2608152226 7743361034
2562799044 5807102437 2908605563 9419844097 5135534819
3689894438 5856295365 4998625886 0485713492 0887479532
6091097703 0346501294 0402286028 3613342235 0547868311
7531048043 7887068288 2815000408 2704666900 7244607660
8132834861 6471638169 6784460515 5176165371 1887635152
3592785897 5553158127 3539168302 8019688722 0255186609
0543478414 5591634664 5871317346 7524042320 5137846651
4548485210 8274337280 0134867245 0682567941 2532619761
6598876523 9668887392 5240799849 3528141270 9665420506
9769479109 0919691843 1017573132 2507064339 0879078608
6732900306 3983535165 1598000740 5308268960 2417037023
2670697644 7029760260 4698157613 9529220964 3118412199
0812443297 4534969714 0355250428 6138984205 9873557626
5543534721 2310996418 0755739430 4984758358 9778675340
8277752559 4534690720 2949290138 6136911719 3813173601
6464766254 9743551192 3723190337 5664039955 4244778394
4298351828 7742464123 2791662248 7261166153 1195565153
1837930374 4830710564 9190863769 2464303925 3332818232
1026516298 4382479889 4081615315 2609817835 8205420475



7574239190 7906610890 6172633363 5275358836 7285253235
6699956862 7018308121 6740528018 0002553689 9293369386
7881167440 7772991654 2788044678 4135620093 6297554569
1518076713 3129637553 1481657990 9072931041 3796284759
9417790724 8909988399 4658129887 0509883672 6884172624
5600654681 1448063717 4295084587 9829312533 8228957064
2635558951 9574792100 4748780099 0674713490 8177116597
0278740048 4855846184 4362188045 5975536139 7818771100
1600120973 8065852060 2274673984 3219801950 6909533162
3045898291 7616258601 1360218289 3530594673 6287128555
7042048740 3580738017 5224160105 3644920727 0031358736
2744654707 7793526648 4464080671 8320237279 4201434472
3474168049 8214353219 0661854299 2546902783 9023946936
7565855047 1520114175 0008863744 3752809863 3553566630
5314474278 0108559946 1612399029 5628653163 8308517479
7943117702 6166211075 0667259113 6795657312 6107906874
2527132102 0893420430 6864426562 1908898010 2687881677
5863339198 7936068177 9680015207 3864581118 6433222300
2760660979 2372849188 1652219262 7682090188 5478038944
3560320424 3307256873 4606173702 3245268043 6617589619



9744461169 1103048605 9055319970 5636008633 9357467682
5493273026 1029297265 2219997013 7847456683 3692781960
3268412053 8725039677 3387410094 3023310659 4985975756
2894408874 9450232447 1045141157 5928385431 9043656099
7944177869 4565059086 7372794050 1810358913 3007802251
8367047129 4785839325 8945203373 7115409652 5172614324
5821365109 4928649637 2790675667 7570290788 1082452198
7372794038 1999502492 8527363407 4361722349 1460131337
4188261577 7539449981 7582444937 3817062049 5051672294
2428537471 6677617880 6443475674 2240965920 8038034162
7847256942 6829022925 2125238485 8533734791 3671592469
4997360835 0100908415 9991613780 4841580776 6179309191
5947188569 0996102325 6006367965 0977588295 4357381862
9851803285 9284770413 7243664895 1461450501 9206944691
0055451753 1628065330 5226400767 7708933108 9867475923
6311424921 1964737983 8595425577 8544792305 7506806386
1269020901 3250630793 9519222133 8609185950 6512594966
2111567524 7703172613 2363270363 4237172046 6923617527
2964371717 9484510462 3856042582 2273820574 6694163997
9217811594 1355964646 9298483067 0920142577 9742380093



5295307642 1311879630 3250033849 8464286036 3407249831
2855593980 9627486824 4319578185 9038887550 0902591367
5504375891 4720260583 6213776664 2009090107 0593053387
1909593483 3833029991 2816614493 3023488324 2862780945
0374459419 9622771925 9121297396 1871592020 8473155346
9808229179 4557411069 2956227707 4646829225 0640769884
4047590191 7347741466 4989263523 6134717021 6506656059
0473280364 9682439836 8514816737 2969698615 7231072880
5030865542 0546534599 8321799681 3769385218 7938647137
4152993484 8299188089 5775760669 7549607425 7348997204
9994459247 4776550655 8813098857 7915322125 3482542661
8429008335 8153300425 5332405321 4212483604 3612819221
7295783844 4800154600 2989505011 8238964630 9785607091
0788010264 9379376565 0947187932 2583388446 0889554615
2946266400 1960838911 3091285689 0749524410 9929559185
0870862987 7492462935 0984305416 3189206518 9010221083
6873850768 6044955836 7008844971 9941471180 7644132023
1950290439 8729819740 5881795755 5924943246 9415479940
5009578634 6491078935 9582772786 6007415601 1277589271
5697466918 5672088046 1585956897 3929234646 0865182597



3480987627 8032735783 1228242397 1491807934 9952189648
9149874891 1954466018 4648597939 3343279816 9521734810
4730074648 3125306807 5519706380 7910667955 8987664530
0045068524 3345844501 4194380760 5732159724 2893329409
5357769028 9281327309 5037334413 7444842404 9652672649
1230745760 2800339029 7467260071 9069651789 3056846085
7048624192 1921895529 5012064993 8297904522 1890711544
9969937914 4340897775 1170261408 2584014441 5357391257
5268782112 0477956764 3328875396 9726244731 8790329525
0147526864 2593745614 3548799640 2355502556 2412865641
8887114956 3905477942 7685872504 1127991197 8525278635
5553260549 0775416372 8187879421 6675674857 8561416230
4336382407 6503788015 6019880957 7238048798 8087768681
8853155071 5521356754 5824862107 4536528904 2299172215
6412432965 4859604047 6034010896 0793000197 0188160340
1870668767 3493011680 6762537583 4101944939 5995975179
9294529013 8196724876 4294353034 9403840454 8902069081
1451703580 1938191590 0539925385 4990428116 4432095981
0429725600 9893982978 1428018158 6790336160 1288340891
8242656076 9657275476 3199672245 3307756635 6514988924



0332801785 2909671591 2155922079 6605920051 6647151130
8401574719 8573315595 0814931327 4438609677 7289684562
8669479813 6503135660 9445293868 5876216472 3841947266
7526482797 8036461664 6165460093 8432009638 6651058793
8358408749 6361419706 3437324407 4406175963 9504054302
3084204531 1689261869 0547745512 3081429286 7131454787
2493672262 7140194805 8072089560 7295402660 3573000165
9184622869 4429707353 5927977913 5141545723 6366805613
5103373594 1605798693 5094459307 6459253643 5012949183
4074656822 1068024329 5447211988 6042088970 4487725978
5222935514 4143595866 6171084057 6191296480 2496895729
6336190810 6473429291 5801249233 4159507279 0860874734
7297779283 1022117036 0078554576 9509313647 8690591301
9289750813 6820693747 6624409797 3906085819 5703694795
6217339092 2423568787 1954488870 7655404175 3864894947
0012505326 5954906591 1585793127 0481659345 6876477106
1383451657 2863565673 0814481072 2413625202 9771512301
1521636643 6175554153 7773135312 6073673845 1161060841
5135837496 4999144671 8312384781 7266127832 2910119023
0569342678 8974768845 3059278879 0534903105 0776142554



2996293875 4841751963 9979120671 4877105669 9673222538
9139322340 1564458501 5038358971 6631779696 5033760872
6334162566 5152168570 7737530402 2479440398 7545693099
7611847595 0363021128 8883923449 5926700379 0422257102
8065129805 4546955321 1495375827 6649718670 6631970791
6922605079 0892188740 7617766347 2692934300 0028544451
7296016471 8901564120 6994309986 1693668518 9833401054
8662959489 9465690353 6055415702 9370869503 6832258132
3917400113 3578912283 8643818662 1427639112 0167628509
1701580132 3940797165 8678751993 3592260677 4097310151
1742268902 3963220013 0165011170 0896408566 0915964199
6020206039 9859516759 9336164608 7251610537 3830608301
3854701146 9178633538 0234107417 7249771296 9498238933
4746097814 6663308890 6239419319 7079768488 6220394489
6652185530 8553719676 6750963598 8051779747 2617930326
9128318267 4862057809 2652565290 3428019088 2705901405
4663747001 3833025889 3616017150 1548886893 5910569440
4497217202 1139245648 4749888583 6600119303 0933405042
4819094808 4678987600 3827669218 1719086769 6601829782
0355992071 8977804292 3618366306 6794572605 1889605382



3472875932 8230119515 8655518017 8283133565 8309861373
1652593503 0805823962 5590828657 2921386547 2195779312
2433591473 2375240378 6908253602 1646294813 2048845739
8705136724 6382465059 9873114603 7622534977 8221030101
4542987511 3822448213 6735267372 1070466677 7974242250
8385846488 7294909600 5218614774 7715199660 2465522606
9621270620 8541687872 3951599782 6861207922 3288649559
9471294392 0009967608 4626144529 6688181911 1809448899
1955881471 3799314815 2932958251 6076010711 6624951556
5937202893 0345139657 7612021582 5001792716 5821147493
9898252164 1313983316 2921591167 8786311490 3503708046
7291134675 6645736776 0316704471 1872286977 7749372049
8411552534 2283689364 6994865992 8163890293 3332959670
5023331063 1864547159 4619892117 4696044074 7930112114
1664974922 7696638793 4136055436 2801356521 8859169191
6012650170 3473492198 5779121559 9655450788 4590280024
1979283614 6886166968 7294067326 5794485514 1210293316
4767805043 2030238929 1620949699 4094626811 2688477619
4192988872 8302045325 4835559564 5610497507 5261052442
5580938627 3420635892 7768284422 8129581464 7347367073



6225597282 9437263774 8776839928 6376323453 9366344505
8464032220 2749734150 2487576599 1021519544 8391414894
5282238326 8148398051 9970765592 6889831544 7157695118
3155510618 7300676856 8040571230 7832433568 6278130316
9868434085 5208154148 5255677208 8289519403 5878583720
2454478168 6346084119 7036059946 9204205022 3895050999
0547462252 4732812866 7550756059 2665702381 9679854436
9738430363 4755135301 0142231318 5966598355 0172909122
6635606839 6272443084 0465236286 5284232381 4234990867
6609158081 1529985673 1882700013 1093821576 1913296593
1457997811 9982342630 5914119833 8941256260 2152147455
6185978394 0816914555 5130001751 3102083825 5631736162
1545903512 9106180015 3799212994 8114092826 4215227003
1879995958 3363724143 2647124378 0519752445 2586298660
9139765363 1205034855 1968701426 1642737394 4255387041
0409340117 8690284831 7324446696 4383927413 2175880980
0049498861 5024556839 3213699722 6039513159 9909527837
0145480127 5952792565 7066876033 9430121291 1978505936
5743941306 5417846820 2190033810 5036071495 2969682719
3408249954 0824216163 9655390093 1007144638 8762031349



1340775627 5562058777 4807984394 5811949518 8200713205
2594033442 1340012436 8874611015 1026668901 0672516105
8423245264 8551398239 2400435721 9566830736 5786346362
8471394771 8760514239 8707775353 7119885446 7657293463
5846988478 1033914667 8478547087 3151504290 8742459239
4613261089 2919503710 1182549231 8420721043 7942006267
2244936264 3509595503 3758381719 5105443116 8732796056
7532982916 1312575435 6825245646 5008122805 2263681461
1597532119 9170660364 3597448082 8856219322 6739368656
0625429382 2490061995 6077533306 5246484430 7273487208
8797672926 9681479748 5326374608 2115171227 2174344612
1372624336 3240118432 9188986371 1234758307 3897410591
6818188166 8955953718 2399583109 1589558651 5510793911
0515371592 8239197272 3851893459 5024177790 5515151572
6497570872 4287679440 9731453020 4095907691 7387500961
3264837074 5595341535 1331344900 0387528031 0133785644
1911474235 0224523620 0886553420 5354859562 0977763485
9173787806 2122554402 2592527384 8307765179 9963738230
0909619759 3801747525 7830796156 3233626646 3730838957
3846711167 0927506441 5747632824 2109681866 7021420776



3268375526 0776111089 8894496467 3277534390 1491089616
3618414435 1402764581 2228960506 0381554653 1573231035
9157359227 5891134925 6900935607 1479776887 0073195410
2283427174 8757490709 1871630476 2388723409 6963025340
7824746509 7250027224 1452603350 8279170509 5244089375
7333312319 8203021541 6350786778 2655093217 1378171231
3716114212 3181244080 6330981536 0743763950 2654255747
2387777479 5160370760 2548634894 8281530335 2021941346
4669637514 3271528080 2910028162 9344182641 0827591952
4951817369 3711365151 4537697574 6303550396 8815577039
3898348715 4988401323 8769153330 8860839615 2038792659
8342627243 1774927686 2696354131 0684656244 8434931165
0896687484 4693471034 0534822954 8440424944 5480290150
0871209116 7917658606 5278724812 5797753474 7880316689
0035108745 8568174549 7070497359 9571133983 4554368894
8216100537 1526145300 5639912424 4539962580 3132802285
7815556753 3705179614 3359354831 2607199002 5851110866
7542907999 1703537006 0643683886 5760343284 2134674936
3284798134 5995095244 5941366688 5886365358 0165643967
2455889752 1380576361 5902148421 5833508687 1769121384



5760044375 6081874548 4730537879 1606854309 3840810194
9720610599 3813537730 8743093608 0254374618 3604369148
7411272220 9890114767 2877947895 3951733778 9411265620
4674800771 2938053458 4076556161 6367140328 1364506738
9621785209 0789222464 3916798604 3804019848 7605953575
7297848080 5364654179 6474341632 0801881522 6299727917
5361841901 0572539102 3526100666 1285793861 2848287211
5114433121 7481644040 0561836018 6728632793 2539692823
2426014000 7259899509 7051264681 1985138070 2881169297
4703651388 2781618018 1143146872 7933233145 4315102504
8027376973 5906929697 1888893454 5315353695 1518987596
8892467578 8779434750 6970959483 8918709199 9856782139
0784326370 3165798784 0807613470 0595423153 3063135629
1972347631 1123701263 7437169883 6456993918 0204023601
7065484741 0448271684 9915119737 6191570800 6875431889
6722949153 5191956193 1247877010 4883649003 4307122021
6932716448 7378907486 9716889055 6697893495 5748268599
4538815934 2379901066 9245538086 6035693093 4748516271
9970008372 6662594609 1636911918 6683408760 3981605345
7187304488 3787844599 4564106619 4649282790 2987144851



3829662277 0697710186 7972627483 6234505524 9868433462
1758253519 9489358389 2640008216 0425785815 0101486886
9194413913 5668696883 1445986211 9923349722 5849337410
5532462372 2317841154 0422579197 8377626057 2497686118
0888568657 9798004500 7436559961 6849105084 9723073534
5599811561 6755131668 4195733447 5132922964 4291365157
9966325538 3479450766 1032896848 6987628172 4653418103
8300169434 5217588085 4960747849 0075673039 7047497994
1243512618 4213715027 7561668273 6902616881 5088921349
3507321826 9322806605 1823157630 5416072303 6713898748
3779334050 1584198071 0583153109 1345171439 5671880125
0305988695 0631165440 6196180647 0807361237 6753683950
2282439875 2860510511 3518141919 7379569469 3638681274
5316528106 3503834682 8357384405 5142293480 0799366821
0804493606 8621646006 7663448303 1922495893 1559540458
1694972413 6805749636 5679330791 9636715256 9807186187
4731197459 6214344478 7453875567 6792302136 1485972863
0338941823 7450498917 6974007142 8842397668 0628317290
1190857403 2503385452 2235403375 9894400897 9329603741
2054603543 8418200763 2588093628 6978935955 8085094975



6506799535 0334583706 8005723967 2681329462 1407540131
2828636882 3074537737 5496644876 7066237058 6745285605
2628768437 1031208597 8307077429 8894233319 6659933706
7247096895 2524985445 8209814394 9212079393 4365568025
6945592260 8937043796 8088305921 7354990280 8187239423
5008316672 5862989891 8865217070 4858091843 9451741645
6009022597 3841145776 2210305768 8690926001 9619975636
4983572315 5371164800 7804190340 7349958308 4414551229
4281776021 5210493581 3182396627 6787157371 4998284140
8036881971 4227388302 0874501573 9858523972 5106689569
9623496283 5492727345 0826891202 7147525704 2705061118
4594647182 8532054542 7233451594 0869862411 9906327074
6182667956 0117012752 5835086473 8849204602 7857128502
3478467533 9031318786 2966495520 7064550768 9584383918
6767906678 5694775621 3003776080 2451808273 4525214320
5516063315 0403699415 4860613067 5953365971 6800235921
6089478140 4681853314 7106095468 3369162184 8065587071
3410551936 1745103710 1599216136 1995097086 5013778053
3897593988 3669378739 5482278968 3336138162 8700251093
9802307692 1640166695 9917739312 2483908264 4791280998



5780640532 4340913718 6218853230 4910289011 3716108308
6808748672 3811585974 2181565370 9296744655 1849292875
0040651580 7192028280 5299224441 6273543223 8256495251
7424671577 4826896121 6185256399 8936569445 0558351032
8185664131 9976266974 3911116778 0948717936 9657369037
6143192238 3476655463 7308885177 7088449683 2380581866
1049089021 4787876907 3115712614 1234536496 3900842699
4470802551 4624680875 0232039897 7365460713 3043284170
5373441390 3893234842 5031816883 0269138738 8458847942
0355798916 5117728792 0689338631 6827004321 4700842467
5785294166 0469640375 3841191237 6432743868 4183406337
6908656334 2469199412 8446600486 5121778043 2768985518
4022775180 9879011069 6764581909 5323132112 8789090149
7686946981 2633598854 1954556717 5712676678 8371557631
2670276152 5977769925 6164372103 0108499313 0354371898
9924700939 5752824298 7296922410 7111180096 7264157307
2618623927 1371578280 6114143002 0171114264 8258488927
2072257212 2032771300 9982949992 0651648922 4551883661
4215959589 1282375248 3606217204 4495902485 7568099691
5586234438 1651671463 1633100487 3922932262 2194319536



5465767781 2098448625 4203960830 1127767452 8313406762
2943688413 5422093949 6071825983 2600135575 3099690969
1637349665 5974503738 0554178792 9382030075 6984307669
5439031187 2706744220 8400259867 9309241436 6290522730
5487332037 4993181703 8992564161 6744964935 6926652153
4815077105 7177730318 8284522175 3638550909 0287600520
7644455852 1723466926 5970493470 6045532756 2960679060
6632310267 2442059559 4961738355 2205881466 7667226152
5390990922 3734700140 6561397500 6335694487 5096877152
0848323518 9794212322 5929201006 9507200894 2754098085
7268094505 9064154821 8430923520 5988084931 5619983713
4863086316 0817753099 3431356826 1193911313 1975531178
7891831559 9227750248 4615967066 4664052848 8092119285
3256995495 7327013366 2891020185 2959715102 0987318184
6394428005 2695190904 3300223556 7601977870 5309066426
4844723116 5417685422 2119167486 2350821405 5524163362
8561937291 5602656303 7485196337 9831249371 2512584668
5449441793 9893950361 3056358538 1465349742 9452024282
8047303931 9639196656 8679509781 2119450371 5184948395
5346185707 6075329697 6206042126 4450505727 2373623975



6574400005 1885064382 5547281839 6964755953 9802630009
7329759096 7668112501 9203508629 1396430856 3802687805
4242269120 6708466695 6677938084 2887975906 6333385191
8316580733 3128864107 7969980277 3881216321 6461819722
9799382327 9225034392 3207155706 5563693152 9218829355
4619023650 7169076916 6585341141 6202786881 4520633343
5182444586 9277959804 6627970127 4348819999 8367141615
9300403854 9093477123 2162308539 2496688136 7722657236
6504800742 8664506672 3197281356 5442043144 4220544279
5569289248 1651067906 3605431422 7622982051 0603946839
0735987427 4419025274 2980580057 3784246772 1405075868
9327578238 9649330295 3931675436 5582636829 3342278667
9969086201 8808955961 6889819483 3665683085 0488836176
4603121668 7630865949 1983675260 9718937985 0864296154
2780131573 8842262690 9720754930 1238347693 3259946850
6448850358 4484386598 3493006017 9435497954 6847118805
8153183483 8854670090 0036239016 5675090985 1974382608
9176297051 7516264463 2104682240 0453548606 3995436349
9876179329 5439245093 2753221167 1851255361 7107202565
8333543526 9680085114 8963267718 4139489710 1579682237



1232377799 8170453134 9779534409 7553782240 4146878310
3118732043 0287713984 1266742843 0830099637 5651519942
5640823532 4995905280 9366080177 0815480297 7468046987
3018442817 2248913336 6907642573 4983149530 1549179718
6038684886 4164136682 0315278415 0730160382 8760904785
5070467970 5102972376 2400497326 7965404437 5743461492
6309232993 9531021385 7334039465 4643138039 3284754601
6682894570 3985202898 9705619905 0058566331 6810254247
9612249799 4161923808 0817186956 1768335559 3082034329
1711186119 4066142459 3023416858 9283254022 8112237514
4878383804 3753338600 5245983771 5219808574 8474091159
6560510126 1021357390 8775874485 2230707278 6751026934
0595258400 4438769166 0888998376 9297115767 5464446866
8682258216 3159384153 3402184543 0200445567 8786165353
8779006847 9648161154 6147742567 6643466678 6165714321
3956058051 0685249293 0203486311 1876979067 5737306130
8658049805 3996249830 8851629744 8323420918 7093248655
6631685998 8821807634 2633618038 0330937080 6856552116
3083570426 5987849396 2774257427 2212686526 0875537703
4324279721 3162471865 6218150212 7210015338 1435276404



4674384081 7921398524 7176560645 3271666305 3443606587
8850200216 2008322243 3975474388 4656908084 8229761095
9890936151 2918143246 9419017754 2972016826 0292606936
2867759394 4130399807 0048562472 2707461638 1708027260
9324491040 7161694311 2721693245 9613466992 5072649358
3327369223 6372077527 0567953185 9869893932 9745192340
6580320289 7787347160 2317472274 6080557162 9448861637
6900498802 8768178344 6200622032 7101913512 3357703649
0080845554 4255768267 1091481559 6736553858 2594382219
5135801563 7711971679 3670206222 4568634854 6905987780
3465897456 5844785240 8819268830 9227770546 0494635561
5841409745 3554239477 6734275305 0083936054 2653385834
2924088679 1409368144 2328587900 9223052915 2799915905
0090651924 7441417091 0047708499 8890303385 6339419441
0486439219 0202256628 7739846266 9712962868 7375722161
8817127821 2356334904 7154994707 5886804059 4632498061
3245053389 5452386272 5524564400 8130368634 6872684137
9219379578 5077498902 7824315838 2732350331 0967089933
0157066419 5240164048 0259861958 2946661146 5708789699
3126661948 6819119516 8899785713 8260889720 1650221151



5000045916 7591831413 7952842924 0162630759 0692810259
1504769068 7227211554 5836998472 4422211012 7830084214
9489854275 9892875796 2681408284 2462027344 8115637761
5885856666 0628707597 9845389858 8853973591 5067846667
7440735588 9621176490 2638877304 6312288150 0824148640
3525126070 0750590426 8551545873 0819944836 1425175009
6919881214 7177694290 5584636475 5781593888 0662395420
1893749084 0322751020 6348923283 0934102823 7894088989
5317257072 7814669839 2546761505 0901133856 2734748228
2653535901 0089528178 6892385130 5483370801 2163757061
8687637859 5480214881 0067207114 0270517244 6818076076
0129942225 7578378515 2623729804 4375489744 6037591002
9399148776 7534772424 1123099838 1469118795 7254447449
6042009487 5863210496 7562261710 9806570375 4579778452
8755506706 8133301194 0370283684 6318300506 6807530624
7064752243 6185743826 9778398335 4212993579 3422513520
3492355031 0322632422 4496188486 7197753558 0316521471
0619958410 4062211908 3596690789 7963380812 1363989284
3731074315 8230935296 9442335189 3330134370 8243264385
3278990826 1497650024 6622336013 4797174646 4208079836



9546513329 4537755766 2272524462 0507851699 6720198999
9340101333 5072075807 7104038265 5836481700 0188252048
7386269472 7977686819 8412449713 0143674446 1773836037
8450588677 3104155213 8029551148 2941381968 1116530162
3559891014 7759480759 4117715701 1650869218 5411471004
9853076615 4450326362 4343420505 2785612868 3711788698
6242284537 1122780475 3731921404 8956991086 1835758095
4983844456 6013084746 5276512015 2251640460 0863882540
8921010246 1583536189 8855615679 5455594341 5393774502
9100661215 5870640166 5298168145 4915048709 1045363602
3369626790 0742045245 1078747671 1108581603 8833504907
3019845459 6575431151 6272250132 8826413273 2720045864
7504003597 5388411508 5871236676 7330536716 5176672359
2347410822 0556620738 9714589673 6124428601 3184480990
0996619418 5512659140 3124482682 1505050968 2117223862
1231152652 3007131658 6542736092 4785213735 0152630873
6450420970 8686975277 5065195387 3468375231 6717031793
8647078333 8125470305 6742160675 9571812448 1724154900
6779553950 3394974344 0651101402 6688323398 1384072995
2577942686 0509803857 1003884722 4848237875 8702492339



2172716067 2323783759 6682806558 7790533662 1109097334
3419979784 4334852653 2435072253 3603987194 6098706430
1678895409 0843383183 2738009554 9056808509 2791321896
1619966362 6200962269 6371104592 3058598579 3321394571
8121849704 6923974684 7119409031 6286548267 2781602334
6641245867 5531537220 6986570758 8845615920 0392763767
6159553914 3811410641 0712803664 1827384857 0213166476
6755240750 0949113768 3189196875 9459457677 9755050543
5913958847 6862792044 1607389943 8660597048 7557360320
7618939929 0784732570 1218938635 1243450402 5611153110
6159816041 0629347212 5903381033 9622107691 0135920641
8442727572 5636244992 1884192969 2845048865 5716808147
6678966093 6346427193 7555630095 8026571667 4060696704
5070055976 4523975309 3566926721 3475656322 3105217097
9726788201 1756733844 2025858585 6309958277 2237670124
2619501402 1412415170 1706257482 3919937573 1539805651
8447478149 7885071568 7141423536 2443327302 1226810854
7082779756 8225700932 5701405883 6963664043 6028018657
3558394491 8479033626 3501554324 0087944455 2885841494
5115640942 7092240658 8405815702 7469906282 6291235403



8024579975 7493270182 3914476262 8671972800 6741510646
1578426087 0892100884 3375777396 8560088108 1369285756
5080184359 3099633922 4874822734 6979480784 0647767757
7435081064 8131138541 2026681801 4621696063 4863869351
8228333021 3466133693 2791685950 3079924691 1478332513
0820766910 1517857971 6958660185 7927299671 9400552366
9049880576 5228834054 0382957232 9495666610 6181631097
8922639940 7301157002 4576283747 7357630818 3798161638
1190797360 3158721219 8313819620 3449769816 2064239850
7522832773 3732583324 3728821605 9788610987 3551913778
5588140372 9865083817 5116326674 5475940834 5296967092
6281699808 4488901044 3639929417 1335504917 2185304441
3612755372 7404380196 6167062333 8297380240 4906298258
6095139350 2749589875 0528072067 3183786473 0248913057
9054815627 3669342031 5336593480 3545221237 5932319892
8884374803 7324107862 0860562246 2175566914 0664965603
2562701524 6939470098 5147116009 9408912835 1947568274
8329672272 1766829934 9444534067 9073655254 1717488658
3901039319 2874133368 7055929138 0027727314 7754869775
5411984013 8896045288 5541646155 2959673062 5328830411



8555011888 2984158691 1577081853 7363775060 7133505432
6871353825 9132850979 5856142302 7436039576 4960678598
0108937955 6543087594 5538732132 3500760300 7730107917
8964083799 1887086196 3208679051 1588913741 2620483854
1157848822 0395923594 3327045245 9141147350 7805455040
3358190338 4706481014 2486891972 5638116863 1933216497
6298148495 3964608387 4849543969 4585152579 5180911626
6545236733 5174501636 0833352973 9655892210 9211569119
7831672918 4425792575 7550040307 4904666422 7090664322
4285132454 4080760503 0997258302 1790257921 8216908237
7943883480 8656545165 8032249266 4139624733 9605115247
5958393563 6607443829 9366773118 9712438143 4507144263
4906683367 4626796514 4875760421 6490046578 0456681089
7623735246 6304486513 9464823196 6040726712 6392740537
1480600202 8814119479 1417421096 4506313055 9424100563
9877803076 8315454955 0715730058 2014792515 9590460246
6115178393 6785601612 5324062752 4204371192 5061379648
5089198190 9587770580 9924908420 8560010388 6023943155
7064092622 9658546194 0599098696 4765074089 0903710204
1073773228 3300019434 4131318989 8291146076 8793479475



6379260766 0871483258 6479309319 4260650376 5031220789
6059737211 9426458074 3339322946 4562171529 9286987757
2374421745 2435105937 0152244869 7613048297 7756125599
