25243379926199410835827205249719923702355530948163090453938578121092973288289936
29870620201193071289123245436783294171132380015737497979791902346903909181934790
24006805520440180694691063956760566730038038896482854824229611042084003824484081
45880874229146132825789974403854399623092986304147967627755057569286934438980686
68815856667477551232495864069618556975411577803859840777560989565100015364861865
59620036312685008835282913856181181038803760347897159482284137561269682890020704
15408453767934390223521618743161950980879925726253420547533099214210202718514583
03911594484898765046044702134147742638243371460677807576327751730694126829078852
67988838352330527262568159555876062257247098804903662416816950474307677872950776
50962918132406411997700553253269440523126284077244652721967773116605417835693428
76918638808334211557532630358208161758566212774463407703273895381211262391704757
56326587831415636788375593934502152931064505857586621081233083624728789682411822
29687555636607361239160679304981543334063077949608629537312405232767164203688728
77765415681331529656524045816768119660764800178381446168702313408728068720924304
72059413415724736721288814550693536087888959949130407275904829342291268093950879
76987044719380638903141119275168845190428793726342761183372542992653394696403121
48389483684578519406033673189751504218061600525958920591119504874312664334446514
93441032025217450387917068754879633272015827542038322192361661030923783726223769
93560580630186600127097389012028948860575256301332816498041427984270618621050586
98775417624870959322327300543140576783733915707455512766839935081585212246649443
84612204284655585182443150799861141826624269576244690807579725864005428642601739
34889666008333213170499195637807203261265901860559296695413977754126832674885637
57175319127789249669865978959808160057864642631216971858804217698026141233980417
23952678533611989025023392722859902694053966598663694468053132051504405275131011
25617972023505863473663205209249179665989613334029054941363509588465990694165483
02781675747645501496819527280546904032913197126302880743245393871107017156146258
31029172541766644804693753156051425015563484095795469199063820633693922821679994
70921461697953100439472388478213095911497149566499877445210239971016337251651153
54086038976935253098154904360992294212304541688955216908937467318411680827359786
96525446629185211765221416532062420983230145437383887966885157043845210746226754
80593437731640338530151292405923299996661486660495944338565433337909382152490797
55445255305454838566837847401528524933086930048724127149766216253873200660669818
77504645640541990465801268724657396743588046278957300833186021181626899567256930
87927254102903196890605074441225079723372204417433694072582487200122953755088500
39556776275411905029248096048133274958575842899747129151605337977708280498132125
21370192082756184934689690882291811259492026483830262355281446807601743701637276
04944767238423625830910446845257695558992935340098012799311605647668489173419542
80270189100590789455997661275688935881955730629716168913355505723414291840265354
26070419165213307351883539202622636153968793803393456378537523233773883628030745
71094048089852605798705466415314632343003348730716819552445061244410784298898100
07359888577814396451806391649792174034838681666340994666531901625084480748344744
12678340562859575697823041885816170135481138711381644177491943426142527202443241
59151870586460783503726850014727201220436885711377213717548766773444950881108609
47401287775915336583187625346213186653077711544673230403207021280179356527176778
49512265097401690408252801913974877381288385540544879883103071998960838460327003
08745149611139715923565684075096926876600111726809288822223308480237271511328238
95674549288136632238317915229449295079221416018367852511818740114515044506340985
08424679226527100511592480334896485530906027126759336044475415962675752882884563
80565262199082039195990489996472501919857415531205701072932292543711776818621217
96016196935910305389739351062756067296398328180972253984209197983045451984542347
14337653624374969989954075843184690186465358984972309181207388564889237713133983
96931732501339649185240104640651600778880357684949654090563419362822269213456678
56424867848698591919505640031627079132445773432669069568585323954765764776541070
62773549430825908279268168256377521031220737925185412627628623441719313818475810
98589294431946783067942394399057241870252090687177713852767970044818145846701882
59896970377364817020173785385684609807567705089830064845005108439370388889947990
16715681726386432619715953117751463862319282941380058585184838470470830773106999
20387921829029348332581853987987018354105520318158860831869457358682140778374043
21475151270913640670670215234332870683481420139602358172284105226719240145708851
74505739585321092318214930510977464970855621337125598411107941865277147635868523
81152858867729375743439673220444696473989230227700995858288436911718694696364619
45335567547063669071388462501654097491107084809401483882937390367184588932015883
12655206865671706864905501224938359679438003347313658391820620474579736268167758
60545045026461590965104549004048279853844359319971934070324927450736547398499198
25294702217779411310093171152843928891143490463394209944979642452497395333449910
20217784662526245354607867077641104763329628385939500180398756428810205776339965
34285360570623881991914017144712309879676509859946425704292595144370286245296819
39812356166079011647143196585643775052651311453591269281105112162204803035738348
94814495878770141321630778444906636561410843482494900190990407596690904600529649
07550119554340841043789951610623175403074244730481330012410811050102792633509054
30532266224951809701925393823701662756686078860630223579393140575335842754780432
82242142315725276437047809633951073240279803888740860977562164490698072889551087
37985490885008510657842068159026679850101837491813425683980656894788506534362077
36134032353529916854669244840977301156344759033191547793808505510882611570087451
32098570319138123073599306030279570367810517262471078251299685660743589374783961
29084495610001986252476497090034339168060162196918749148628314929690640104392566
91050951643676595658334481690082196291284441015804449991735987709333402752680886
61681635956803365952692466302578810516328828925779989766353443535546454966031296
11145144022247091133419984493392383367559515563794359697478123446403511056566470
90855387507710394163825348567841176415981240132373787860953584399702285412259924
93182125525855178273972298941156742340917932612948806315773013006865711543428260
19386182571703439421105207903714933418947493279172178590984407566679565343254197
32029950814455345725876125659912541211692881257690394609176983017796925639854638
24485432201543440759290392628813671206843704523822674109796400643554237112688053
50797647581098231176277327784033170999004890430199836228750095407895943586867244
56614141621022465786514658218547182979026178769632343175805355071050536965976284
58188446008005937873675941969203634688414035759450097806298787076028289265998346
51489089127902325055328434589877755788058850493050859189117835417713910989259275
92668636005634582226404400607806357266299690491145743824543921650125852762401880
50755126944222615279373358233125945828542198000813366908537732193516050999164694
12231781231262464360747391103853842213558925347292145781025865826156543062435621
16182056407138317687989202054283566261304715567542850994786980784012672519384946
74957736142794667646738216264207650458945704293823647136641421554641177163784814
53448861897219247886060180814401743821219229614066037380530000537062765271421981
58917738089847492913234401852818503688983177003134507652489347008873052835039621
92657207854128601732964293866472168993222169885425641209619040978198800294560977
55856824234263858776539231874152682845908332434789984351260996576407394286435580
13206055788768512417862875291406615443275799161232657961149625465446583598808852
34607866235553579232214015332168469952813201589700862042295259803438895817840699
14558374147422093285187544843803355895387375597692517775836198701839356701056779
17299797891382771798602461873347838911860790606940657940250253405403968344389189
98563444687306139230772941213974874495294831467113194385595048800385100157378864
18341877419144534853083011658315131118661487592255838607257951876613922733961702
28077097398336422202441143217392051052016861234338470056759301846749370517373279
29081529892901709545804137628391320570713329407394483933478953114735018174484882
81488611990342483765790111222730505236004465349198024119206437043327221583013076
96235639570711772790078737063557304448706006975854435449607944428108663773943351
84458442511544785427515789457930072405058374901310103247520940979566667263823236
77920100348703382051552564227050176359538206394245928692210039506476632387579251
42373414421878527467157114399558838617944384196973471158162577581575265705487092
47055270514268719771963950052334809771718252840165793051542886545571938473032482
40398573892867334620886425275729744396700672660790843664494163019164953222765679
48805555849281806257905661324206684673755658291905647051554832208128300091706531
06952717685741459592839959927782414308712363004422272047847499374412236431243947
94306138219144667576316525005049919492527015777334346025721492951877424249401563
13839403653830804067646812267380852046478232222440541239208651334077445175030289
34258198157394028261312389404415368910816914750932816073691246996193521580632536
87556002109652597189673161902897784339099199872368375837149907705290180177539862
49938617417087214188133303320387129030615641809311529663369592226721674988955084
29962309048496035345507452758453842723351399628688384784867356314540270773139290
01190760541753713220805273776535665147164715456451770656475896649744976312159069
25344810635833916822186767435122565104778895458601751541419451027636916681123180
98938094828949347652904556450661795331241619712864966197114390569090367566391567
28088072181158787255020916207175666222402982049748373452204514402733192286173596
46957522422407839473872613621607523210740994017660571294645976944584415148714927
97234376977983178165434802870732590667186431610265276280561673565964983871506857
02315359794665008386130423856487657251553646500153348405992000981336133516195894
54558893595111170807019650751673114035979232295057692259552312965904123270116675
89564492748845113500402671597145134767332528241793317193460471027273432004962970
55341265209206442429813694790185337985983177657771259806133664997793910792549975
47698525912849359850000928735473048780546169889232875863017131968958330354900246
70119683636202873754544535031235139260349973532722033804764026771702808957435846
71260927509553540006201377665771695777327950212384625319840988214762554278330928
75542940717680412014253903469949776427469399585258221405312997285049298645015890
90555590051067402282033810391572694614137744710671230848343816156727687610155261
50912591561051052979014795776872548478815228042442238514835533223775698785137055
87229238857290937928393429941664614438339695527861838502815672810985643124733813
44374510897298111270669581203954847523846092079774203831763031849643048183466064
97687901631656337805084149313281523598408771293149172236061910986199529043399102
82642003633480020673607721782927848115974907956063132411232503521599458299271244
03901022572930190410694027361489966273485573896425675938247171870559834679596168
12608880518087652034694298701155914908426802378845388950867396523994398896178926
87892671096796848387998433242360261686854805626270669871510567884376830431475783
94438229731645257062998173010763823834647938185149322763416993225551654513879320
76602572657623482909553440744924291028694925502067021257689772283229623403568776
75423764145692915888243247100022357156404450483361936394320850924283464024677135
41148708491186926385464977758827746641752938912373995939559317035681341603428396
35031545656796109915723165702445061527691494129071261833809449827855074472036647
92294338609271186839387546025886001338247927698213861915658626458425639521599882
00936917647800353963609324288712949172404334311863953717999290374310657048786435
03293838190205223219210618568065132070566969626220962106858519909386337181918311
52249106936813152529444142589989992871199526009003179506938994038314239882230323
45798806993051895752472800617914305770516612966570061025497828990668659524833190
93481234002709716313165762667474812026154583854398761290389731482504768152488012
55701922418573198947988007483023283061048891605842118137409510122624988725231023
32903415759336814854006435122741380326813947537200609498843969593670787565289774
10313066070071090187515114413438369627295862214790294865525436430247395892925294
85887265379594017133082170208267456699422302934191938117153508694102957392062686
55935923613175422127347523632468609465212548034063470267391401428154257426356609
49113699365940220815314679596150211279304367603242516467080550126745467986621201
12249757533542143956658627474531978096110693904018382305623731520296479300160546
62343085774256240728368572338425991977947045910575155726825231826620292779363654
13923003650364826996250466660234759323008638698688222051333278473596391392548178
64241590097420674102547978316412025702302464133255956703667140130023244810343113
13886707181014149004646065606721559693031999655743822715138659103645139288294883
87783770055989529441244454863383616220420974778011744785845679901559811215872826
24149516222868039790976697418919996741116003992838233406632498238838102779787942
25213534205710633866555568849120408965503217374311801192679235590173691238777566
92870154451166206602373067838649714539211114936861170724038503274657075224083156
05146723811747041342777820800845285349345264299925014898060381080470595566646144
12212112020326010050655331566369563718598309098202300062732980734111844079980436
09509690204788068121111586497374654344510648976391007449061240397627750798296732
11938237820430779940578640029046398772445375518552285155693195774768431053864501
78383148445873520710679445167435412284033512905131749222671621624942106156768570
47058715486074361363229485119757123766346373018522258376546382427261216242788398
60231341219514871179707112739500779330559372502632129948432426953029112657627024
51518176376842077477857751511107330225860192473175816352052172573037063926047697
49477189447282815803340347435223652973029058112289870647096869086132252787459033
57969297522310720963835283842708434238376439817375621855742047181789184756313249
16985340813083025548801650714371014269485872816845345390921783200399572646605552
23956632479648485088827306343126776506579993948311418034547031183266408355426310
69850492702514102183251577413922378826938964212833290745138589226341209596338052
10752030074787924851191775563231885370125129553691281896336050560808958162721797
76331101196921326738207419392395799175988614626096964591742567239699969489678500
99198562046755224217043056452900989946792775485335016535293882481902211409827022
95163247726680638685738300530688213511435923167534153567466999020795488076603791
11764778227347456221740357873982674029348181144921231971315350160385424602493196
45255314044944241739716243909455447254387710328509057364784177512526970902685886
70181187495757558987956266535020514439648661698209599351740539363588203934141383
68667506984806005630501083149843461346780394485040186013120782080326896934855166
76584884731927928248940059757079450952394238300081179105697261043117072379909991
74856101031389653754328936965097038690896961571021049864492509902722097975918468
41137419985532007643345784023205288336609498077207842945779014893989832614569678
42184452363745109246946969169913788686980951757760707942078021441107073649459969
09190632219782753307614649951683951404779268987109067122665321527557530237086168
24195301885656998880762501176599325683365421674212595637814842409541538615911443
16313081482390723352619575793547502392501448665609783180568296497996126772394643
96906695143907224352803676867272770297944236951897238910753750649112670486655185
59976249480792545389545440724464646001726932719343760751437661995927368897847307
23369254167859154175750743308283050869386777315474398298449066020419933406212695
24667306387379190887332851969421706530465905346895798642581687156513258765772508
42719280563757317079312750531788796749960556957636033493062351944269568378857425
79396495578784576482997880022197800523156052075320139968794062211951668544902461
11516502798429040291937459215582999076297842964086600156106689355064462223893830
47238577576014598418994641707066677791224620970412952067597405191511816265113188
32012948431926517929885446034044223042081056755940115263775056867608307120172043
70576417358951053837776384523868324801948582677598543818361484273515601547460295
73245934341012295186272063570671798907175818571014686083428367294083413258450013
98346493299103301213305670808899370871190955467270183894871390406364308578954641
36333059898510004694232989174327100573557363636062723884162636188598188883607434
05739162968921752392724863885850743566881242727219849678231029852064461381515352
21161968740227859426586017601192844349146541328921293421373196027856270618493044
51334118205778273051661696297807384976523493588955474178469754976521392165845364
66350441536945233496560758533582249494398200677025092373511057013935738315565046
87891612158765772135919076283656266236302566932401293152076722100512384784250327
97846365035670041053257988872280986015386724426296678591917466781179459326290558
83510278497661285390943202284047201375541434511574647680396679223258930920440899
76949146897178359272614382123938850983490333989736124395148462953966544355792849
43786530246934270112189667803833612601339543348017457800642579614907404737218042
93399484100076130611505272772762600770426710249943015730018460894018495717151326
93233267465238787798737603629329364970431287637651271560362414822005425442776989
36162918810563260908190387962973553782876217171602607506356488630840652505130112
96463461415321172892838582167242203381407454944601666335802094509956637762632542
05977806465650719566776604917424110283512135993050104332716485759955372150003040
09178642899124010166754950897232211611412241293701946179481895832200042532089780
33545148277623856088536713120249125965416076681923852448553515669384222633460106
47838779792428770818334419631226766464571448051808689576222871786768675289999268
49106189345305291452443430460008777211888962794969124350608338150495466196677452
15764841662574948817125044031015245098532646523035002037563160129106595683064991
24403060221698231792511514128276487582577036895610334306050261588676763596267490
31046363640009930576772460887046902203422542933455184337835864912073231529683186
12472678756998411908201029071922545473252768399276310118591378655827288753092982
45404643573796824657607361660072751060678361968758803038212919068182415383038737
49984047203739023292641437402367315294954318402779683555864300568046478977446299
62298699413640467219451619115878555713895831440930601231617250239913957936251392
21440127029242899227114526156590023021213564393793153017440224565778634272647990
30804423408224614064485380440486025918896230870824164484408579903264019486888252
98025977751419504705107763076749199709949440761950720502251678092717718062733617
29672121765495818043461002242272091281965003749839881683522586125215494468873547
02942289146799800484120245637878821509316373443654776801753864795865599918313707
92975463519292503373503383332901127985300045019043079968270088461903507605306368
02210768757703822266822626761734751290836125012702228966608260902156255507946799
85615888869595674252677772584327589103380890057630991716609657814430113861417388
52513206152194528929386923462293484281906017817208663046161180858983433189930936
10855328498943598707439410576108468959412315983326239495280635878149797996299700
10812688754852302391940225545462445161959761466411820181350111478565103788209819
11410238270984963452058138525486790964813214580194505969477873330888961606153752
34752295618748198572327232298409349735563920405167069845086144215225500931175890
50137112647197690256369332259235712938425925869786003560711266598384170612808454
32328633099676331838364117542940369974041320762309188684991655112671768134091752
76457424650383562394972201892247961992565735723614435618739275147015965814617246
12421772634111157873474903576700168934376247336574747247550576563220877406417533
94932356687401674419864964904195780404469503837361970535784225814638381543037605
03667166189426539258359833662967340560072505143568645447390561892684576452455742
06345945369133867110027354808230862881634434668128116617175929367778210639350019
67219492878992055655099126317924141823672979679717678291053773724426135904100862
78301286972868816986035520515613982026959298712250043053452265941062768046697783
60349575912285861715693629995946269140056286504931411113190987261769833109491888
33974152022662752748454548747677130510417428332534364925480047122315089893303414
49537824551695052140295445338771410809276265131906366966336960104179880919336197
70061907159148792262836877953113311699688827310339054951258792917958383463365521
81733621963969561475459748787220329083016946209882150618012729606083541206928714
37298627928193809341398033647829078923357374955148046806813005559497262855469366
29457814047169735105082931462680255297630681158061511236326484324337061002468914
47912017773696553209013845343650656912027374473367588054381202536171028831976756
51398451441730748848765860589709454709339224219472855034392734414367553040732264
27561581002483381726570238896487782056295417798437940263401609438152528170359492
05339419294478616701797352455340717559972298112057873631270731986314018935384905
44735479415825706523800332802773803598819851890323963846045751626863840505297403
40843025581959930623560032268198080565443205493735866471361209987209614783416439
77200762352516543549671152687388729390407203758129847682062206227040382012113003
16282370049599558071552295194139249923145365284981808880278600830618342527330232
19079679272827398670131420977179342711997753272422709292384905991727567604708669
87579400445452112995700672658678106698642323404186899846330085200527756864586445
30042922306910822557643542668801346553390052802552550346667409500529683022590473
38888438851946065116968449145277386696056000264047550547598219891717074241357877
97435674778239792617095177522352387854940424198132157732188580949098173951040863
35710174609333973994823414905571368056539224405452368981742585911016258136832038
54357629485893175507169339684594585246521548181268294580554347120451675782292165
65576532375526997949190779029072147002894591090681016854719600989663155204076477
04986630116267770436975762093879622441495556470815336754651711245254949884483854
00372995438064710806665801009423348619287162930431656995466046417008568005039796
10516542917873495855858818010016576851922780676255579894733482099568220098524303
12273503957104665578402365782582479509603058964266705178629460397377822190877728
50409128779516423149224122765967215463169374421902685083707923175763813667543568
47890585509262508795394828888739146039656482715626061512048197544281347890969457
70577408530787591739789070390570538399873336815800393281691980235910739826931870
57179974660632782058576913020768710175899485644217763147436650422599326198878686
45751621519302391254622715424892969915170543355429491415645267101673752205127441
17700310935047103793139165609983198520667085969471237615997809724434104752835555
59106086053578620243535439119805352324623001328120051279990022512338672726675167
18718294341711081720418692382787459382561218258776159014816754906103612406644701
63859376689472847368892535098471159976471961021572164454457342261964339588076772
26603868234424328201185610510768033400138490040532609412741929203330373631939193
94083040036568194656786006336632526779677227400641012037388525046217994082389637
59429792484003406600991790741983834092635526391983286069427176848908961157470688
96102981817638211554966822238786527183592855307521374010080859029245912696076775
06390712555114939795521518260470182169339955158296281142846374859004331785970928
17422433380500167202963554073995237759140685644128647693830821263946153923886134
89409679897402634838958947858990496324243313237924745260463500886385596307648523
73340388668669167117620834792980862815835142305900313962925341383957966843065007
96705601484423588083532560011477213818369359063746260740642228875995293947915395
72284979814003842690545606986553796880045262598018410587831715751876359456881879
85163585682024972249188206413055791660940801823065270003056993758423485180809679
35125872926524466220284341515763082453664005759839833590228061035717289294710372
41128133230324134041721413645231389065071596368085886421170628880360388281839770
73603988522260538929545016242763271308210173983104485438879594959578979114406670
11153492213688772435256037401747112338565714727169746408695295078328219145738909
50760385879831714617498953147148132958875544916403881642056047481590725876741532
47136909955890318780276664941941255822452836188502456209737796338273594493503460
65170123136607400219151780425758788458870293714784644952643326211927096097520878
83172705743055656069568010583838612822887039163172442366141618783301135814389419
36194195714593118732328197973026468712121230329355961509287512461356544067762112
09558587284007204317682094334016121144201091468120378227031423600909964037809786
55611628333707249937785328583291159944239190345080740002069568531940313412637770
94205927529703077501003041682127539024457915192752222607407916285759522624356263
01185010585512450064583175924691122451976165210456766254531781317682997791278215
12743943144431883431948558702172128021881386131950455115371350708759618525261855
07883062938907734750175908069451473866118519912848809787237110679871965468966174
26594850537847670992696025836325460696126115998673634568564349820041994965283685
73639379515397801021126889307399273355280709533904194966152056901888528126932657
10134636050129808635945955381373917480471036914751135011310034267117364983346092
43209790113672060176512121791601866408925886550954573597123557743085720488933721
43544765618103519649425279527641871738136221125954230127709181658980510796714370
04931868909195409135412926370730678282122395251208497032128194896778675061063169
16833280602684806631412512377282636990579972240196672174684552647852730524985684
20378838621464637238985060921726780530316325655283998350475932972649378040667851
36614134462382479293126924495914070566400394854532864937021583324925500708788024
99278193269040450001287683317430543255569996247774085769218103063111589380106834
95286341106576601994438977064599529265364479274397311621118970667524015383505701
80631538519967654526771545563610727936763153759193450458347302474306688455943143
67273976630855010815234060117627765570764856218805419665685013073729912316168822
92568364590767521177044072521186108107437609155450453863810731880874454333843889
16404104755325739493689909550887399053638175701381987834622299369216771007427157
48014501159744381483562537392380733104452711742097120296843047736024164844956034
71249558311766994433866621951198671674971907729161510209088287938118788666825001
79880619431676674408957396655605588340282745078582317462228929944725472693604243
85003463141950680710935733072455079291126859242773498459184305082161254579008035
66660359494447045215059085982898823271140694831015290978419901047780240663733889
24639269630421120252838710947768244947233697280235323422903492614501744340148959
32236466474879000571728702855428884346189834213627617273038358261073083053960677
06678805543943261870300027306156977399896695731409600768127782672239938255575137
50050405191818612934026098504320511397742285430527668047113531745958743822580026
96755873686525525087557067402258463433476434145899161133578476542214902728520385
36704036982123896992401722872219757765084248042841005150820970129672304674455867
06235240870284071712927766695197613842828006385846975461239779159625240104679732
74623674068508043307464894798779233987969351200612843201372907084167812085535593
10499112617422886036942170690778250841962974961066867832641878985807843892374517
39702695925536664301731608608479181772338385042009257247709229956285587712527129
40273459868428662319396291142343675777401934296758370027387097971112158907753473
96577461037797649164370697489008628955707220537100022962686629977701491653291954
19819373739985563014590068483656613636728878399713469856216471534307783226512391
93517333266291692246297742374165453500679646002480698498147109746947683431254167
80157347683641178717918505076294925372866835032859919062681981600313342303003955
05122102142567069911121493989630508278607156278005020992852296205495834022273353
58571096386958426749588221317098363946594567384620318878597861378971697468949461
02123876846911602277214760664504342004569008457369382702818881992499153256674986
86354965609397858549990702544292296177762574097794995386315089831161490864983903
39019869099479842117186610283775706310976627700029537730280440355873660123465411
04068360920951617574826318582188111058345550761284538171845618514212909548468913
77354846242965922483845093069274335107459336369056512120433876007117015414132610
14810127962480025464412731807055605162651452751877717183191737860427494859080141
77104361663839607950665895920240197831360675863997803737632594608651248935092888
71253599040135932908318347290801334537737184561393955022715443456806786778406236
40893747030560221440910699290459424701942077604765021064837723400195610498491226
97203370453513424660904316998366842961526646341339189092174735111452357634105441
36007451424372938208436069600196439765505601852499700259415019932700678473714438
36445939220523203877516670298640519038201701963889939938869844656222195624603234
64549027280510088251274918627965577223388910218336034283547315653848038853014832
43008067801941409649440204546569651734580301787099107441671991041103305142211079
80165289956615574991402040102672604822051867785110219697241709787280292815545058
13001381528598958207550306290149911399305343114672309435529155904017353777046862
64970489188744807827671036963852796189061636102754679885461835704612540112026216
62618264475810052163318635744294425302202485133394170569488388853572829322750706
12016511197891599805904596802185517200515086019027909455268544582053650145703323
44434738924477789448656955166315161654358130963436091049203561624488829117782025
55814585897778304715584837746590007603953805168078760863519800521696135127552688
31437404898288498525747999781223864963091625318877607917623973536312803652374086
95846429251653713760943518387886149436122837172169716607834795158669060822365127
61085083802969258949268835447839974916353357866794909619259839115472696112492794
89740096339349700297638510220255251800836023404026125200779836542514377145827678
23318745372606377556929700069355279310450237012718588790927132196886136776356448
27992540081199889155448673003875551710981309345150703863298595528236654761114053
20539695947485483078986196806295319041628421597462789700542976388663306714110330
23090849604320390447200908767763155839249386904947301815432798827319567133654469
08694471402804470482837637406037521139894872535479828910988984483775731331531669
01805805544416858699648065556133371030251255564064074341325595214380210505709631
53932056424669566945980122529945636577884927710604454046550025106445991064746211
01013000932580330700720946515593051002920069821686028354147014994283334180716413
46014961266272039407362574578843761144599068694725779537800674938286991353603917
65862235031582112961320067098747751921975219747913921480551394841124419536511400
14472405095519467406862590003686408369498957195696561937943224155573687747246553
94102976651553852837450334827661757777895622834032888212529756853415798475802034
04933574820759401963610187670025399687520895695183371628002130747908966304058730
53531323653057968531268966715099013216217662779607400676182463496017365286430650
04140701322867076627968331832059990397920088894872716204729605117067742693891235
14102126055756040251624008871780958518826021203864560002446234535440419516471942
87967755356533628714411058157843505086621722886901548530033583595422134672267290
00642390330414365431824710693786888982294710311813344822956269820346622483196523
10659398415415669963709848073292452306492285904159195692486483249747783722663675
41660346230037863769620824461332182456586368784107596055426433444570459907619532
63497242113265197474948830834036003892550368160286054797187920232964728491563683
76604465475880315684515621336159127198622889367197617976291082470793970462017772
51738170158714521261409002931493025112686603219432986867942993566728384217296392
11803972802776162963796882607757514650641345198773310343344233612356134552251570
37256451495607914957597199274446181636937966634233026892265990730798295594051856
79619751511948326155964777103930097506603090949688117391055100481124056921584291
81929899932565884999342854962049074235090953263887491267993307978542762358486682
32969273216870015471801995273098507329392936496573144341346398725657073285328286
57134854757286609801629997356284484334245256661897763330550472029318156255179193
63753349242676488081400409966547623893986404653512136906106308137119664247731248
08185512328426834584300811720459855652483660082278887688302435443038917548225864
40309555392845278036161616589764816513353589325057570145959564557112672572957312
09908002165256004174372403985633432133171297394714970216005081005718544571730509
42148246234193094449249091763615621423396291891455872396054470261191916449446474
02144023618133073887084775709720776930574761355036425583071392813166491454678497
52324989946381002587211418416403638946215266453433610666198865434758175363238097
07147540955490695062000649772987633825230843112926581510586079380638396648833342
90835033980345768135545692430547448025822585935784680581378302455719279076185295
42499377266141956367125822323707831570216465534291981215222558405487277180294151
72270317562349735837939433866973991319197957664591906647427738893808536383254874
86748781636777781333504658620022936163162719401030312645675875061677853028956507
11310493800475059038614732363536972817278836537908729679195496379666387041350099
67017382756388837525724233311438363292388582979377399675494229631448468270794143
98078902841336348249771054015121609647977937189081684123208624554195624063529622
64752885649341892596344853453456948603250937977929654347568962592797357145974790
30417990300211789752665217344670736761338076415001449369325029674186613660766975
07625601252007464376666305252500083117534817803755133679772226406180283784498434
57018456160395088817039876587008150422324118997767616509170700256664734296832923
53007198552325973605904582485765873550980295677363063255976512718039730893546986
