19134 70240 00932
78081 44942 3917
138  (29 digits) :
30960 59884 79651
13057 87849 2344
139  (29 digits) :
50095 30124 80583
91139 32791 6261
140  (29 digits) :
81055 90009 60235
04197 20640 8605
141  (30 digits) :
13115 12013 44081
89533 65343 24866
142  (30 digits) :
21220 71014 40105
39953 37407 33471
143  (30 digits) :
34335 83027 84187
29487 02750 58337
144  (30 digits) :
55556 54042 24292
69440 40157 91808
145  (30 digits) :
89892 37070 08479
98927 42908 50145
146  (31 digits) :
14544 89111 23277
26836 78306 64195 3
147  (31 digits) :
23534 12818 24125
26729 52597 49209 8
148  (31 digits) :
38079 01929 47402
53566 30904 13405 1
149  (31 digits) :
61613 14747 71527
80295 83501 62614 9
150  (31 digits) :
99692 16677 18930
33862 14405 76020 0
151  (32 digits) :
16130 53142 49045
81415 79790 73863 49
152  (32 digits) :
26099 74810 20938
84802 01231 31465 49
153  (32 digits) :
42230 27952 69984
66217 81022 05328 98
154  (32 digits) :
68330 02762 90923
51019 82253 36794 47
155  (33 digits) :
11056 03071 56090
81723 76327 54212 345
156  (33 digits) :
17889 03347 85183
16825 74552 87891 792
157  (33 digits) :
28945 06419 41273
98549 50880 42104 137
158  (33 digits) :
46834 09767 26457
15375 25433 29995 929
159  (33 digits) :
75779 16186 67731
13924 76313 72100 066
160  (34 digits) :
12261 32595 39418
82930 00174 70209 5995
161  (34 digits) :
19839 24214 06191
94322 47806 07419 6061
162  (34 digits) :
32100 56809 45610
77252 47980 77629 2056
163  (34 digits) :
51939 81023 51802
71574 95786 85048 8117
164  (34 digits) :
84040 37832 97413
48827 43767 62678 0173
165  (35 digits) :
13598 01885 64921
62040 23955 44772 68290
166  (35 digits) :
22002 05668 94662
96922 98332 21040 48463
167  (35 digits) :
35600 07554 59584
58963 22287 65813 16753
168  (35 digits) :
57602 13223 54247
55886 20619 86853 65216
169  (35 digits) :
93202 20778 13832
14849 42907 52666 81969
170  (36 digits) :
15080 43400 16807
97073 56352 73952 04718 5
171  (36 digits) :
24400 65477 98191
18558 50643 49218 72915 4
172  (36 digits) :
39481 08878 14999
15632 06996 23170 77633 9
173  (36 digits) :
63881 74356 13190
34190 57639 72389 50549 3
174  (37 digits) :
10336 28323 42818
94982 26463 59556 02818 32
175  (37 digits) :
16724 45759 04137
98401 32227 56794 97873 25
176  (37 digits) :
27060 74082 46956
93383 58691 16351 00691 57
177  (37 digits) :
43785 19841 51094
91784 90918 73145 98564 82
178  (37 digits) :
70845 93923 98051
85168 49609 89496 99256 39
179  (38 digits) :
11463 11376 54914
67695 34052 86264 29782 121
180  (38 digits) :
18547 70768 94719
86212 19013 85213 99707 760
181  (38 digits) :
30010 82145 49634
53907 53066 71478 29489 881
182  (38 digits) :
48558 52914 44354
40119 72080 56692 29197 641
183  (38 digits) :
78569 35059 93988
94027 25147 28170 58687 522
184  (39 digits) :
12712 78797 43834
33414 69722 78486 28788 5163
185  (39 digits) :
20569 72303 43233
22817 42237 51303 34657 2685
186  (39 digits) :
33282 51100 87067
56232 11960 29789 63445 7848
187  (39 digits) :
53852 23404 30300
79049 54197 81092 98103 0533
188  (39 digits) :
87134 74505 17368
35281 66158 10882 61548 8381
189  (40 digits) :
14098 69790 94766
91433 12035 59197 55965 18914
190  (40 digits) :
22812 17241 46503
74961 28651 40285 82120 07295
191  (40 digits) :
36910 87032 41270
66394 40686 99483 38085 26209
192  (40 digits) :
59723 04273 87774
41355 69338 39769 20205 33504
193  (40 digits) :
96633 91306 29045
07750 10025 39252 58290 59713
194  (41 digits) :
15635 69558 01681
94910 57936 37902 17849 59321 7
195  (41 digits) :
25299 08688 64586
45685 58938 91827 43678 65293 0
196  (41 digits) :
40934 78246 66268
40596 16875 29729 61528 24614 7
197  (41 digits) :
66233 86935 30854
86281 75814 21557 05206 89907 7
198  (42 digits) :
10716 86518 19712
32687 79268 95128 66673 51452 24
199  (42 digits) :
17340 25211 72797
81315 96850 37284 37194 20443 01
200  (42 digits) :
28057 11729 92510
14003 76119 32413 03867 71895 25
201  (42 digits) :
45397 36941 65307
95319 72969 69697 41061 92338 26
202  (42 digits) :
73454 48671 57818
09323 49089 02110 44929 64233 51
203  (43 digits) :
11885 18561 32312
60464 32205 87180 78599 15657 177
204  (43 digits) :
19230 63428 48094
41396 67114 77391 83092 12080 528
205  (43 digits) :
31115 81989 80407
01860 99320 64572 61691 27737 705
206  (43 digits) :
50346 45418 28501
43257 66435 41964 44783 39818 233
207  (43 digits) :
81462 27408 08908
45118 65756 06537 06474 67555 938
208  (44 digits) :
13180 87282 63740
98837 63219 14850 15125 80737 4171
209  (44 digits) :
21327 10023 44631
83349 49794 75503 85773 27493 0109
210  (44 digits) :
34507 97306 08372
82187 13013 90354 00899 08230 4280
211  (44 digits) :
55835 07329 53004
65536 62808 65857 86672 35723 4389
212  (44 digits) :
90343 04635 61377
47723 75822 56211 87571 43953 8669
213  (45 digits) :
14617 81196 51438
21326 03863 12206 97424 37967 73058
214  (45 digits) :
23652 11660 07575
96098 41445 37828 16181 52363 11727
215  (45 digits) :
38269 92856 59014
17424 45308 50035 13605 90330 84785
216  (45 digits) :
61922 04516 66590
13522 86753 87863 29787 42693 96512
217  (46 digits) :
10019 19737 32560
43094 73206 23789 84339 33302 48129 7
218  (46 digits) :
16211 40188 99219
44447 01881 62576 17318 07571 87780 9
219  (46 digits) :
26230 59926 31779
87541 75087 86366 01657 40874 35910 6
220  (46 digits) :
42442 00115 30999
31988 76969 48942 18975 48446 23691 5
221  (46 digits) :
68672 60041 62779
19530 52057 35308 20632 89320 59602 1
222  (47 digits) :
11111 46015 69377
85151 92902 68425 03960 83776 68329 36
223  (47 digits) :
17978 72019 85655
77104 98108 41955 86024 12708 74289 57
224  (47 digits) :
29090 18035 55033
62256 91011 10380 89984 96485 42618 93
225  (47 digits) :
47068 90055 40689
39361 89119 52336 76009 09194 16908 50
226  (47 digits) :
76159 08090 95723
01618 80130 62717 65994 05679 59527 43
227  (48 digits) :
12322 79814 63641
24098 06925 01505 44200 31487 37643 593
228  (48 digits) :
19938 70623 73213
54259 94938 07777 20799 72055 33596 336
229  (48 digits) :
32261 50438 36854
78358 01863 09282 65000 03542 71239 929
230  (48 digits) :
52200 21062 10068
32617 96801 17059 85799 75598 04836 265
231  (48 digits) :
84461 71500 46923
10975 98664 26342 50799 79140 76076 194
232  (49 digits) :
13666 19256 25699
14359 39546 54340 23659 95473 88091 2459
233  (49 digits) :
22112 36406 30391
45456 99412 96974 48739 93387 95698 8653
234  (49 digits) :
35778 55662 56090
59816 38959 51314 72399 88861 83790 1112
235  (49 digits) :
57890 92068 86482
05273 38372 48289 21139 82249 79488 9765
236  (49 digits) :
93669 47731 42572
65089 77331 99603 93539 71111 63279 0877
237  (50 digits) :
15156 03980 02905
47036 31570 44789 31467 95336 14276 80642
238  (50 digits) :
24522 98753 17162
73545 29303 64749 70821 92447 30604 71519
239  (50 digits) :
39679 02733 20068
20581 60874 09539 02289 87783 44881 52161
240  (50 digits) :
64202 01486 37230
94126 90177 74288 73111 80230 75486 23680
241  (51 digits) :
10388 10421 95729
91470 85105 18382 77540 16801 42036 77584 1
242  (51 digits) :
16808 30570 59453
00883 54122 95811 64851 34824 49585 39952 1
243  (51 digits) :
27196 40992 55182
92354 39228 14194 42391 51625 91622 17536 2
244  (51 digits) :
44004 71563 14635
93237 93351 10006 07242 86450 41207 57488 3
245  (51 digits) :
71201 12555 69818
85592 32579 24200 49634 38076 32829 75024 5
246  (52 digits) :
11520 58411 88445
47883 02593 03420 65687 72452 67403 73251 28
247  (52 digits) :
18640 69667 45427
36442 25850 95840 70651 16260 30686 70753 73
248  (52 digits) :
30161 28079 33872
84325 28443 99261 36338 88712 98090 44005 01
249  (52 digits) :
48801 97746 79300
20767 54294 95102 06990 04973 28777 14758 74
250  (52 digits) :
78963 25826 13173
05092 82738 94363 43328 93686 26867 58763 75
251  (53 digits) :
12776 52357 29247
32586 03703 38946 55031 89865 95564 47352 249
252  (53 digits) :
20672 84939 90564
63095 31977 28382 89364 79234 58251 23228 624
253  (53 digits) :
33449 37297 19811
95681 35680 67329 44396 69100 53815 70580 873
254  (53 digits) :
54122 22237 10376
58776 67657 95712 33761 48335 12066 93809 497
255  (53 digits) :
87571 59534 30188
54458 03338 63041 78158 17435 65882 64390 370
256  (54 digits) :
14169 38177 14056
51323 47099 65875 41191 96577 07794 95819 9867
257  (54 digits) :
22926 54130 57075
36769 27433 52179 59007 78320 64383 22259 0237
258  (54 digits) :
37095 92307 71131
88092 74533 18055 00199 74897 72178 18079 0104
259  (54 digits) :
60022 46438 28207
24862 01966 70234 59207 53218 36561 40338 0341
260  (54 digits) :
97118 38745 99339
12954 76499 88289 59407 28116 08739 58417 0445
261  (55 digits) :
15714 08518 42754
63781 67846 65852 41861 48133 44530 09875 50786
262  (55 digits) :
25425 92393 02688
55077 15496 64681 37802 20945 05404 05717 21231
263  (55 digits) :
41140 00911 45443
18858 83343 30533 79663 69078 49934 15592 72017
264  (55 digits) :
66565 93304 48131
73935 98839 95215 17465 90023 55338 21309 93248
265  (56 digits) :
10770 59421 59357
49279 48218 32574 89712 95910 20527 23690 26526 5
266  (56 digits) :
17427 18752 04170
66673 08102 32096 41459 54912 56061 05821 25851 3
267  (56 digits) :
28197 78173 63528
15952 56320 64671 31172 50822 76588 29511 52377 8
268  (56 digits) :
45624 96925 67698
82625 64422 96767 72632 05735 32649 35332 78229 1
269  (56 digits) :
73822 75099 31226
98578 20743 61439 03804 56558 09237 64844 30606 9
270  (57 digits) :
11944 77202 49892
58120 38516 65820 67643 66229 34188 70017 70883 60
271  (57 digits) :
19327 04712 43015
27978 20591 01964 58024 11885 15112 46502 13944 29
272  (57 digits) :
31271 81914 92907
86098 59107 67785 25667 78114 49301 16519 84827 89
273  (57 digits) :
50598 86627 35923
14076 79698 69749 83691 89999 64413 63021 98772 18
274  (57 digits) :
81870 68542 28831
00175 38806 37535 09359 68114 13714 79541 83600 07
275  (58 digits) :
13246 95516 96475
41425 21850 50728 49305 15811 37812 84256 38237 225
276  (58 digits) :
21434 02371 19358
51442 75731 14482 00241 12622 79184 32210 56597 232
277  (58 digits) :
34680 97888 15833
92867 97581 65210 49546 28434 16997 16466 94834 457
278  (58 digits) :
56115 00259 35192
44310 73312 79692 49787 41056 96181 48677 51431 689
279  (58 digits) :
90795 98147 51026
37178 70894 44902 99333 69491 13178 65144 46266 146
280  (59 digits) :
14691 09840 68621
88148 94420 72459 54912 11054 80936 01382 19769 7835
281  (59 digits) :
23770 69655 43724
51866 81510 16949 84845 48003 92253 87896 64396 3981
282  (59 digits) :
38461 79496 12346
40015 75930 89409 39757 59058 73189 89278 84166 1816
283  (59 digits) :
62232 49151 56070
91882 57441 06359 24603 07062 65443 77175 48562 5797
284  (60 digits) :
10069 42864 76841
73189 83337 19576 86436 06612 13863 36645 43272 87613
285  (60 digits) :
16292 67779 92448
82378 09081 30212 78896 37318 40407 74362 98129 13410
286  (60 digits) :
26362 10644 69290
55567 92418 49789 65332 43930 54271 11008 41402 01023
287  (60 digits) :
42654 78424 61739
37946 01499 80002 44228 81248 94678 85371 39531 14433
288  (60 digits) :
69016 89069 31029
93513 93918 29792 09561 25179 48949 96379 80933 15456
289  (61 digits) :
11167 16749 39276
93145 99541 80979 45379 00642 84362 88175 12046 42988 9
290  (61 digits) :
18068 85656 32379
