95306872334875711116579492010340650162239496758132892634678218706808108513355820
95254447117282459070281145743228475235783545207985268650237095407560485947091441
31522763602300756987419317759046220458984698177560510243095320467325452227775692
53509388518979638645163684965153153340716094948235953717062487261337870710650037
73962685053341287337080737519367741989304623317368287309138824907225130394068479
95434363579618599037936497991265621658506110092341325106953524561394397475814945
89398550687778856814596922954181743961559155606947951025046555750977867707313729
00793991915630675850222269112464419864528029647596779896187573564652618068605798
37533156491943822723090832188748259702776297327765548379864982734341473087563032
80212066501410864431404331584429379591298419577150459368518940770799835148427629
46246583098640301567173722242763814280220248417757515200115615326186808729638104
97278119321214622696401302767897552561607959508058427279567303541642144427151178
20366229512264640076423957198459550034583709285957397505824043440221590479492897
57555862001483680351829652104243111965115756953708819373461727422473531638341320
97371987388237496965168844383120453411460403169793863245871270012172101041024945
47096593499441577191283035285513944285794850519430694395925591010930813417190854
96120361549738803632870373545325187963230628454644192942419939095417264393064598
76981578252996746092525758336693213057621094526746272414446311888669018599894330
02663054323871675529782123537043504005593966174822051269872166001560514365596228
81411239764353523826823254678715421264199091044816606301551762851962353206820030
15864712928830410307799082403846024416823842350482592741269598590797797302955362
29748596318349407456024798568679622500115547089617281904849645587863200581681055
33950538850115702399257301224238557190242719930954478076861984460565778809165202
56283912252836656071302194556596364053079325785577358193454074081149312090987654
51256210473871465154751430877875107740719880093167785565180728187948952645752369
22054981690947747259605574588693565721221970084622366580814135266085901575927462
08991786136367451039612838150362253043072771181306234893502924608731480043911377
71602898854577390499636230798863486897832296602055208167335577530864793140840098
51120117775487931076630479087916575753750445489273473449283236794544850054110991
78057528998992947159250753403353121410245953702149431912951707028940073876647009
67437769547988648156762574697750436391363573513233885980076914906145254732324044
80396184199187708630164340730789818024977062050988583469035384805966885962523006
25780299688275113353732051389367200024058894637332098864356294435179086154475025
34702456852731710380055321977408373389301956847546000417560859136186523290510587
38896773145177736728317459137942949430405643011324187407770127993064565519276493
49586815648873087345835311430028409226124934167692038077597097709795097336618078
77457534709665726419695808527699068341768065725189587182141206094426376808052732
66274359693552067415663581691457156116792192450563109255230823665216240347724416
82079834602928248299293982496083065867227611788704023534481252554337141247608628
29430686295628837437859859479555424197344290097194095797076061003634974604432883
95865471635344403250513086158607258626028522411937531799628988311047526503132149
23125386652589519315955900172157611374604544229765360406048422801032463909741899
48374894477492496405033063648004267345819209897612003767573011131118081145346331
37473016697144144977413258565170631056141702488038005303335926821962735711050538
52610359986027815883087858314628041797462218852035421599821761154361502374986987
40034547582706583306222381381933437906854844410926610917893595372699085494264462
87445917824236626739407349701405448922434410580576293142371232278998750048423109
18470555824792333936412382698825724933899680138753386545737073615001445389919133
64048437906245262145002831251021611206881650971293406601673615267775652120621652
33851016142839244975124718072149459948203753120897199241417325066275850295004120
30504958558972942981061582256707376810019548130420469933778464657433773451545093
52748423967430447798796728389227175750595105122706829357852863495307951259752890
37626648560752776433597293524808798925954563306291665263117267993409560300527969
38538727168152532758007588577033685762381288838620654942493938393182212324496025
46232515672982051143740558479260942247038373556059004426911373077461655425282638
93743760327821315454833520812274455135823408291143473689446907477631607437609740
97374207875590535531761073125334215809979436370804927695822165978640328655866112
81133296534646872160855567974987685160322675275267947913634178981402871494525245
00330655466846883049438942168298129479332342804735832079877817385419761603310421
25872555021643748713465582638120153352797804986448906026219975797851863253233860
55797159908725037950844702063981146443761404613059492762791060167785849358253438
32508145272006938759153445802889403002636425591403948243057768757806731251249384
53718987746995700411609770788125872576886129532236314436560046160942910066753571
75959275145230301368016478205870570668399705779849403515368520721054553036548985
16070907566406748886615379788473421647257905026842858713077817301184655969804336
24276149676227273103306875101278182011391789928774732465180508003008710997058263
93056087427459189778943339192484409693618829476540272356666679309292577430038252
36896649867186629992958204580360212022886686345777775918843345120048282507364578
42301153643711014973739005377390401507834361231482271643910224286449174731973105
37761440047023049441175736336319294042884171449038613429362062260933356791276409
84694533794058471654123066381163046962759010134448522126495346138995128106348612
52546520163931322950812232584357886878680905390684379123772009494136787128745180
04247958545608523068335241128757387349450774823847583204075373070653309547103268
91968066087828249097866369457949806013350488514453114558651617565141661324876014
31723294431938868022045703898006154547896194137342463114587613789176591288081023
84306286752721127664242492130430461192811162031479456702455963372135948192706838
71585205735616625294736002755569633885404317272096252118687954797071517089296108
35449316712347892175073527186593907538967211493734710419420159524954525843597780
23531536559271288801588371704585443932877910693509304883248041295582530743367409
38814858612711974874458164138476033737935341223117506131731537536601723328644432
58697136853581656510061653163706554272378391359358268488561520585317442117941614
02334897737256366249234525743100739556437761927542325474278667750451543341198959
98176090700278511139013639651067494427171716930769565747846140150501330952030399
82125939581253009042725722514354234443366038614294406626201352009999520344963050
59665681071525446876426214516702416533374314374630364553188320562613082792036515
22949711474557617049377223371598763417712738672474401327050252635096343041029450
50127358110528245550002996337060196230098150247838090771588028696096188476651401
19795897887309640413226668029003364875940621583581993289028458887512964427713270
78456194958476595658136300361179503886422226650300717953920384416920235428569676
57931192719271486335496800384434362567939964940310343142139610016848512844653104
63315139427304142772580853326108373919510367414812929305714048162310671021869127
05916582173349173955962300022360778374816109683861278711562228182565138206383611
51489484402382137782908597341678795224790613503394789670808854999419087817941687
58670233906047665339714019284014463750068803670756099210473964305537386359994113
32228300305646877516554716785875003642469969017195930471375698929638537338017974
86393819503416751278740533454639959404713548719300787336919133689513181394572951
08271193981202584401458981559606625903005530179717131766300302789901519609592003
69032583275521931328891480963542854056619638941246879073714099735405060023516638
62706532670768434623542313502707182522925125393132005307517919995574950822668126
05563787907320649776835585770884344979643307203651416627252229430826652922393274
90327962996757436023625223265474683745115349001603100825032153093704300930811639
20864637298392488445980546506051657011707341297411382534214930846526198838751245
51973334123653986561149414328922856216693360678258032536007045433570828956698866
65508237377530658127304628421024548451457159994923957100740288244375677689621506
44460260178811687282555441593747180415425053938043760761382269724270394817167033
46463984365264149473877866118048965722586464700249340443052214542677331814281348
64794026115612385740737698772068036105082448602602439481971187826847873924946280
00881610080581161294914152612338164023494249125393728951736945380262294136289151
12030907860167117369858523428306573378035293133502460096008143018413816265305682
64377637718088625455431544974078041060344228839625700542045536223141142755003049
62303354665410165032275024740045914584856449568550323149870851311596073406650489
53492367884737093366830192330766772064826144392189622665782780580223359828661550
36632987845655417372084450962112854585989554793331623020615358715093918960562085
84284762785866781446276674176153772701825957820646587852251928660665901699975925
11841129846467321842058778087150235755949432897883985948719374307146054058840243
96747739122910853945374711621093858168740000001507873970115223072525448418686482
49306665888078267015896226973032017337619547429432149449055146098466948225765002
07877400752733258837398713606029148834614800727296815411203986557541062881146127
14738223949643023863618745873121039728234326461833896103070080437451009412647729
76708801743137036823369546618626536145048031132442799341759239228918693031742534
58012458748862576283065193248253812771354674646085381654082605827120906449275910
28660932530764068250497163075498406421773313577132805480428649591413012518739120
26964593261700765201440310318627009761244255472107454581768131969645337449421241
13553330387097342164433782013895307698525835475385641457373228165317131501761230
69254764937516737532833899054687668920153891651674956035752086604873988767781722
10440108323136019800188883408039542039617817233990280255889538961042120667548435
80097958006329202340201394792897250305028247209765797129715364506771147886432253
22486322302804594903434723389052882313312248738690772081252698140781388574634347
80478417920003019912934624199512382844525495669330542078678589151223952470680935
51168777649569089743822195891044952426945023341133537576174507777891698243029830
16676829648736966596601939413036375641838193607312736004260470012987907239520255
02807551216923020743660457670056640013601568073141712110343807029157315910849476
64539907898562547960764469446274052986625274607241255208226344542223491845537034
97231890227314994041999046806467165460360925551798605084864813872495081947090391
88571290459907739360403425922832098631669170772104243663597328745909530916332447
95246979403332135034394032368637162648106545385729478118408019917867503394867458
55207042505127052284661047666856070608021455163483979901943681136304281709626601
52694128256227596758421435824099891292662552451782077552342090390744241056319539
29808932217808361242792679630579652137896505170932720080520289100712328447786026
36642548306380288648850087186170621109168634631406032828388579830074393462223888
74821743827133600774196907752431291853608682077877607309750732171257412242433063
79440839374131649818505907601096380285216562410001388299778091137709541663210768
85026316606845276897083362838456792792347177220147544931035665453372168645080500
33074393103541307975571466686701661995133476884428747243970195122684392825698120
91413572404350949253339627640002170835694331770248886988184366913171205606539671
12094134449250450782873760606944168123917092424372486698717363604813464505242159
52379832409373292668054123471937792169788544299990742809745308980849581080138237
31988237353279149070949925606526501068555393309312899465485782729276153461525479
52219934898476468864663597877965410360425330246187559419491771138220354445689493
87231190266582145029100563723346798227307704055076477447554111082071153429882003
36975299184962587552774788350900901085163133241592056372211189075542896915743949
73092586102993367462549317399734331944653445106822497403893184032397713215341915
97355774949507201422458589557470010480330434058635315453370428028867691689196021
75157113995932679848845817679743223433723106935199244515719595308444894110179396
23964187398210821995069065843529536817004887316604499285270391872855982662209215
13263801735587180055748196486340322758282941571605218725532528827534494740068715
52036316409672581739637795570688659290343187535608802021831620595465422396385394
91328221342783300665015800345582755941400288716915531214023730913473230728274654
82426947009900227241056122282620936040465329056963840082494172289765853837842005
18170305858786213384668118535094776129878214201849810213684818242385459712052747
41208631269648664302740391202851742606185718369649845202308330118185184881585813
77005220412030749040448067890860105096757770948819629037933717670695610175159770
64808100935992294765985427251375901044490474778433130718370207899261757529569367
23380839525070364400704676953104432427697281878465155967245821310224974858589269
14334370951950097228294777588933642418156659124954491523646423487005565891444720
54665104159070812092447537098606687040344924895486627156498994577172330225727419
74330438741870620257622659464433940346965903076106993597478130954980234631569284
85689846284085868192521130038238231839115504966766539979651814607453896946398015
14701205034736788956723127081326935392139725935797933962867634146987993556245902
30767538425384913319765441555387764777594850261478003947212269180225770916082444
82736055580809287185154257863406472151793343663265789697017809567905465882542519
46094080418028124744754326834231354478334185686536504814726087491181478753440480
99726489397434645243119712525337223382552499672599598770721514910520580186840493
33742671353268248260761113261231974038550417216404923517229791458585236831947978
61955029972387327206354143024035853972328408488879557592267476074980298611618748
90660600474414112279383194452999561825569505748560303983516620888364097759888269
93399103928667676735396480303577675267967991610411037279668146572455428656211925
38913324838310703271912798456129953306003499226508628196969380140113841621235201
35043114673797134253107579176977305961987853259559065756028524482761195625378117
21921047070467816768321459493967373791564573448853680282635834233702161538257419
11875647593740279533313377505877878142644668026526577164140439489407166244829995
89115282891848771446877964939607462623001806406493093503469028474045034982546734
02775041139866556116039457159422834987826228668553916369873004683892822161628641
86554421674294215930895501066317669946403322685509557556842321720723955192097224
21332014597146423144232155256776956549802734474018311193248426569766261499531747
52476563109257492018648605074194285838453483360225454679667949451630132694066940
92040773390731191385815714989176276078297999271017354899586146659980979559311042
27849967486328877147215857048036529686360917383892434370656318902435034354169231
31601434994523078317025344216304756625938578404573498203740881170190198076817650
07757471258334748891868460650336364245320182767306718000964266855597232387056599
28334627752740139143454463386833767572071000901973128991244400291063323102853205
11242073429737155432971070445922251590580593709236389383230437137572585262296640
66575720233112422348906402809778118354937439468650925884018272107993857177386977
16303963696258739148378744968966870502241926159166970977517297131059860586188064
45754352909440339569852771760806785398736272078571108262534971459199494261567285
14783974013888989525316791201803515768435481676974330085583358183752262585112653
16575079394283641784304472367219727408004410425196497238641238258686407651289191
07000006975863100848853616360273238000993282985925410910846327449330408705607270
16074994684772112274696852144539106081944673746689204601845410229033839153677506
11717584287483653045497440116465084722304193075869040246569632869467811987119407
22264015414213202629943092038623313451639075546026350516119119231653731188034895
32663772742557591796313186250967482304568917523842970713657899084904498529092865
65074363798621469063612603585370672396727189582976683356188355099320042469182346
23514358846940787483197936811981190756960807892597231491601943223952519623161218
92595773379054814653019263567746529547985151627266957642733985685767344853516930
36950638030425425027333973414045749188716323683794511010195683700079163631570973
91893974265187819177981470958740361455042778199671620218195366069334519280625416
32321204556404983520931244042309912404702357663447263109052235254680987846365691
59219666194143552319637204232424363670908807750734751968933583101771865020182613
99780010570234866096804830143782211918966211441636866100700962909371792115353645
15483209806152527129508008544927806229841679371625937609694820803063727780299547
13629176940431189359774704654248193019017846304545187085289753429248625135254336
05163361986193785529029933113011797405247062587605968030170614673435483522911374
16425293286109710282542290588558828840384562012221723011540766772387509752231451
07323647645697834295723030200394847894744088191707131839205922410366697412421278
62036985350437376315667962344975878653643193488367598864641741632341522436527140
98740281976761752907151115266790995594094710945800703478321977030541831812856128
21269421824287992331810504582589320001383839749300317772832173599414549681176405
45061124426755692454644697582150826318887727859165840108402530577236978915672351
52647835606035209119801106571561011197194341226640536585004238827410666751282754
77908034226916459503016311157709492337000541794591302944527211035782250920834334
73285057270357783438616797521399687232820465307312973434793048423421419538540620
25386283861383802176573598007855092938196762149606958881331268346316132475056244
38317663672717894426711392318546295022455255063796527280168172575102072824291499
21585876806831130988024188400802077199880009834170650524302254206783703172438164
50152470273068312317727139521396269276927038214126465998840499693365980802436542
81192867574082918353085949183632156911382409573760532128552232558852841155429191
90227737855988622919282134894682731368657171955565848464721497137643624888318436
33226052408578953725281543709544556668914292903670108807012552453487957817749570
09605929326396336855345400988972881421277406916400506867812511784268539627505234
67728568027409008747019895224317251229003882886590037058642017101210545559574281
78706935227862647806128615514406031296738374692960671641265958819521714664570075
61137144090003283175828367295067036383531839199845729069888690870303410206284292
99877080247767856385430171059388084240618568811113290139317370092153751443443700
37585142958788919158897707110342002747464051204314212788421561016284745487027632
95843021713731440897747016753842199431544264192039360394651643131339127121189004
30653330009194860228975395687265840073526389205474629831446851303551465443610852
13843743139816683163343594362968839136961449796962661536944960192251016378929453
36813724234116464805990430695954465035009119775578858742456332614620097132370931
37215313482485189221664198104005264635166403779799256128683481725762216873833467
91078943565825625222553860976478164505256533922949906854531780570906896677299338
29792660796490553290125683052085384222933993462749088669575886909026470887907882
24748134270268301992189921690412103758883612495814907181527926341875991057272685
41546152551770103278615278243397770477170839133080508265888418484366360506080679
02566023333941702965840164230230889263317606075080891039177267039667243935542241
09159209418760075067847936958345898567687213250126215918086933865244617245134186
09305084578490126291755296046095856360970543739248798047843126749430696605286930
36803978943009053912100377435109706543163849196906760320646616058754779169787986
10852591586552512895305339513041157077224489345329930256496696624592279084408189
56397543769610359981165290265287064487872858298736373636246835199871257073129888
79327233362020473911009904700660165238082155477263013022051016137350854542889744
59501271579531721274302491820578587448680118967495235952491707354567934215202650
46277936199691673333543364021770512712822825963610374138428750919279655169206018
57809093782883441621481277757915737322004815691373377919929500901221687419017423
85161208884041311150900305597509687855014104616842023171325236264324106203659556
62919548550813331181748147214291570911087869999031096425694882745303903724420711
96033833094944849054840103418993794514475825935135857958748143310031343914418208
02402160364687063890429602835344485159353839297099292295175399146773397076690637
97811921350751010062197565827436829852623386057737329683504648333591270047757059
63840756601692850620085986269262868045089997357111107179170521247077608197883363
22865454248703865024593046577252248480494354075661143284334127458453443774168265
49626779866034165317581034301294398946026561379297091091382230985762590754921334
54245227831194115944115679363793611168971319746506810348625145949465023022173113
38969796029709159540530674193444450765792894450421868280291349369809507688366725
19281673811965589208307359279360594347078511245734323644727750673222599117503414
72642863032708137767107700915314561279192105795269360283147484224747274714438729
28249072993437643256314753443455993619279544035154728385959134270639771457740669
77205045902943537958898893539152512748391666774351224816173181979850731262295606
17163829950662796960125343040869360626309126213055717719543023846299625860349341
99239805954779143949523819915715245650800583229049083109336984586113509847565191
65429338610340264642872442481708113585180703692905692870810651497172610484433718
16784176427040728587304993121929182728400731937086867437957618425814457393717889
33518671063642523422889702625660623540928028067326100535248037032028655112071649
28449268355775438632314510656383625116420643239914167832400374091713815563984536
58836755558977552068662539105147367310201554655267061382999777568626785448359296
36518337974376111571328924292998178359945481297901234366260446871350408076257683
94625346504189272558862089743626803667906577374126594049056332213940656403356058
38006522329572337736846897411643410291816537865646815484808914036036982821938683
45719532742936302843071767182191345035112969865394925417504513411578327311064497
67926862391061651060817572368373218041911738026796628738951016286257455590611467
09550420943840502926135088622818300841301032662590917098269415939930075611427686
68964105204473539410260146648422534100675379480606525660793726300751908897766850
32016235844463046028477104891877773208385762998462221744810914059559719532877825
35303728949322760111517721246276597224104610482447094243187211015838394935404386
04701453084645415735230273185294925898547824098684982517383691295884207432306563
08342990920664631188846567636882304417178176861592176801754211605775643825014923
12480464578591361188702366372262230000775288234327205650861559528990257850563312
95141239869519763248195210381343580822122889897339300600704421699368779707834140
48272564029226831073996280382547842622086603135223698965998375337356270583394307
71701109708320913335194736578596081039533908326183690505049402524799549742739026
48570348254751374620055581118448394290117797848226351624208969372670921308221748
36273547243789590028682861943582367329928124323826074746161791300038666571429598
70954715232120293488951487273984585148083823838054537385530446295809671464007299
50694193645465669355009065733986400700896904865746567079174331381833084518985196
15888328922385316950325790785485487753758388848333864304925758579549639313380335
50960473904187624769628137053665119407657889759113623944600764327654185700476855
05383960343645802825276674556026672105774365100558061517136160491553804174583339
49051703901766361034892393599537364647275925392538627837777567186125726569694701
69778436696352419036498906447806058230486353023002665613169634038462755688876503
08499174893924026241438413307660756111430614218762557802511188295315112641157608
68167082611549232401575664088153920438077910567701274388172771970932530525391521
52334105391102440248351418291725570740021598859748887929268773822415916624837871
08351625847246899277447995152825598603661312143089427442761984279330774265959987
11331978526194995639410095205137033869038285824820547120595028171099049978622389
99444661996408000709388301592889846317690169841806650082502089267285316863994024
61303663299067948541060891344894728261160010660679775458187985336785546663956381
67640821285199394570252038243720085585191137439496356398807791907157048670821776
08241690552822073717480576655917713428369416859319765397989391619990918873709172
91973030213242887078743050663875566598897512028216395846286268790195408798015312
68803723930539031220208999255824920126884669130948305419166225238876389660123756
27287132989836296987505956424632458738644601553384250442105025216365231920909017
87943845916858037310517546752947647753885899526776296084122003583277895080573695
08113635558299179602849373245835665643560513470766345998045060446870128470883745
15451814857551799529375668223113568758866934382273845699475748546263705564519513
68636468578229011511087013849226338952797134089294218451214989553582408807104587
17242468247521981064550329002817308962216124557202664407433346804254870450077242
69995082692069271687236861799995194643554924291776375534986681623763617132184227
77941490722754578357239662872988901719230596030800993269328156629559648304999341
39731520016076081725801255619238450498680286782471090009687444706184245627468791
15633668223730734516882660071668562898627235350348529459811078406871717831132234
46031888433518076817189710719586652457116335616533895155528203953003618353481305
37610239074944631638169433266135450055109696492822073044913865902577283376749284
03906124910281483573223708895516430107261833118264712715266467883055195379117657
98062089568841344607762908373606925964483439058266121676635551380483786340580858
02092621708509019475228439819229217716096267997521163241175916466395957711487715
75143650705894708787284381371945934079283608700204407791323520751941717237621430
86023009446798759095043516576414049912225298244332442069704377950090181729006989
11935329714907838546629959745477862614150870611479410028485777922545929930302760
78787887964896735185108162612064136604554471399253539064524168411258777524089866
34511099047294181283912199596969150535845929560265723749713118617476684295943956
35604832059096947160703267263942696036698003324922568394934062877011747514142843
10259256002083064614020735743399205835636313643888256024067902598896687191381739
94111022030875079475597128811763255359584527558835969871447896512509284417343396
16849398043413935052766570170168491675759316083819563666298360973260224315374777
61016728784483489984178356592582722165991914798689193744534037860928176166441259
02187609646255834471798187637821617552796432922181039387373162580628281072521058
96825935629137872236324852391789521607926001984872001998220310980996179161688664
73547729133688918720130312891530923100550459194535742407312192485627401121295426
69116868293589298532150022839046015097233163210849800866924917814385296867658271
95358309311561179127173116465977473994784817568889472096891447653291015850014732
53745485160884441974536584683014101082828198284772907857621294044640846314912158
66437827009529988786732776419343929345531070149026564846463398083683441692441658
66226603382822244940566228530759361551434197721697318164834968999091632192484058
36584959555635160417721812353919684635087451466603332227752657133887087451940896
96639015878810194031627345239494707001206870411167244611185569580608914748693046
40479857534535357473641245155550178061549491882742926509069485693462699928870103
13179500536394283102714084060468561192836277150020240147061282867783802530795008
49137279166534204535652403807173851042865727647892774755038129068542792512989116
64830729760217187125070688508460299871730320112569150196705722951116230800410051
68260753988940323183626794521429923073497075925018553781935005254245749609532823
67042409231637907404619852856479523996180064473118143881289943340024161955534413
04529341897404056281988382840061058799352206732680972684048130871291749524481133
23337016883664462968988981091420025766130148631550952346122997366502611109081642
45617815457278080352520336024526706302952524661006537975668224886871649273371664
73122824848503601386926715590955608840668671678756179848007339906854451814860902
04789436724560686553656494935298264688092060828997005374265409837122006266482343
82428979956765706395201006456970572519179970594999157836214921556046824772039145
42820562882991581385059076047963178565577047796369762152648136707909840867406550
43646571933378277461745816815387211681961400043097931636585659746231725168189479
59270093723856125659147380137079039203383553634178255175633692496167046941116067
64719677758519779570645957068630962145070001732719630008420225969912804582687131
58305543472995284537417449388527581398133277119208008074774526158024664787559377
22269508741287352914902737942556755268369953473382462260064779013514208230722238
63727662946200961834047292539484450572867771313665479859767344458411695889872654
92107740232590730755772337340859688308335713167417220428130926337989884963595981
52531777142859855984305835686751378505708034099465942916048730267470496541291575
76712033700153058792728451658558296791867035846168531025096901699154832361006538
19494379477560416950345293547695466082177205162807386086341737473279717281173040
53751544813701362207265276532451944878230651487011336697076693840370760415585504
46748218114738218520114127216493530065863847429255102524877606127384686036304103
43005184545977690111727636169410589859618266487815808659612255161195081733580008
54204003981771628997462779414026371273819740567152235818780049140210593264571522
35427675202821346056301490825929276411990316141769995544755717087120118424584295
63340160461986109705484779946909410045647200125921152974941720661646417264281460
64802639262359657700098409623945994468632263284896526976529827767325284037475564
64970397704753511607256961459634425819907296881235216513961447566719980419487989
64655635331212851190808555392033154070017784376008601076012311692437026197047966
82975905936083624979923010652878273583073154133469757264325968084743290588185516
99472344689845228452096002130022134497883430869383253118191451971821948384440127
21510444728281954497402580654930951878372814334979478175841367610354186896824210
85677880854489583257487960207321733320633402114541922470022184902418287424583598
66482141755338469416639222243309249167631312028244798992375711923790895473369874
35865625088310544205803503442908549284607957299534693535797113224563458041794142
33580244235410729135190449624985076608567568898768618251282935168933467233698519
98128509837296422730694784169765084873918597146752119352754431161486987045206055
39025054875245229838565402931877519912917652771464535465664789878796146727522447
26872820755819227380355980967735755637012196867377854873848881232934103376786539
01797139463488773362853969836806060430119376511835976309495098097326294586922621
39568827822231690050518873153725496872761075895112768036940973486786394937375157
92376104022370464585889734471487502408142356149877744088386862696178033358302442
68510263102118923366159166924940601135140648269801180204806833350897113865233889
84414471678527013496434811085983934968313992652050869284835688880585707742804422
67925994174858642969849944664744193371164562292302847765550180560631207466197731
04994945280112425215975106903213780390086528695530782894297335963458376309636090
84209479729407556282859224467645097629654747359639674361908307843202654406803898
57729447574706400199505046516242258612233367837053882326767901220412648826438388
62657848514778571296099304424351864171229889981806717176288002777431289805866439
10431417470602877565952780008698431868748717178293551656267891718466010341704058
98116406916239298195355545165710153168662579282141036987841406545423551414462978
78538002813686326811907238906498212589307191737076897469600141265107096243513112
82489181737183913508414667529949555826005653364066705244592465661345264186891560
89220070708548424510026672300733664314097447149747672674658023758531701187319097
46739760719278829035327657509682276545302170893766332653016773349525382737914957
97564787946796270911013682744869456974684178208877710967483307875153644450298479
83262021154240625915086290326392575730033417856249447502258741716169032578463902
61929894271959097887422764493301616206505496243562330068493741986821416906620063
42617680909760785293916520093304908950485094877125266736610335386034195470948185
48212045845204811102547923160720064609744672484028381393179663337558633077197758
11463256840682069182748277247667036431908917094870114439419762024266658738612594
69900924172488946416828248546730206990457641900492474985817323323369308313297764
84025764044646263065377483940564558892693327592984603133939280195529115020695376
70763647327013923168224759705062354994707082277421332603057467924126670471113826
26348342834542752725398515029057466196949022560777930472142634311713191906746292
75606064821572275607331875725999385171296599501562518121072833835025564568037382
82145819632317572153436660549579529133998719481425645808991477522896265953696430
83354016521477542008697122020194736606845047963288364975660925777782841760312733
97816761264793549169638158626578133096426704010496074421636711460124784447504571
06007730288670117010002239341044077275756830836874357766095951167313136184776155
78024880215135805994684495097571231886851676644181976724788488390085703740654746
64761975933500470161769636394307590278559661968016676997667184195556219247023431
67510823083593821990400240622259335836793735574982574496726323444764412555588602
06090074336936819078497191922646819681043609901360308485919334950326918841690043
83510304312974322583425438385896694157891844412904855873559207215656142497536609
62822232314652348063255286488792758852367466980530531404524938750555244022889591
87099386984260152192996564198635660401016027258429052972552562309691172347676477
71913895210544371838163522210714855447046543239833001337709184444095218623614997
82565033757250752611310358375239038671957003178928859972480892852977995672054233
79998441338611607227766848227410278046543350375389123102891101326743948947273135
14378146358970511466062278956253948083318858598025064572604739360139756086001170
05066557368632443989446387048446950804945036237218397947912980925525999863855754
