254379901273949721835277257234217459248701601655287075525232565494902278375532
469204786229767504138247332789121115404274749621214449459081795750740867244421
793152866617348330951878359833924253640770203777344877258855252417860242596261
634780411599634804944082663182088554823575190225204672288815174302242370081377
369689431505355639491776706324220356423551455239700144326967107531753840668854
392820437238703690689975817051753590511059344667959007413723880287063750665478
011962699013505056231402190747293643233881229429945816641653919794594971595112
701561038584708104576935314259033282265016143662964747646113007310835717093330
406229220079620087487196262164756935613898283795880485257079577126328167483303
849610908421624017324538943116057154787416396542716651398319442987479313103757
496223109559690164343633840767165040212200191567049000719222423158864878323425
408727178301233142803478089936316355976590063677863259143197175241319879589766
301008334548396056362346344790252027650768743755014959420422357328486541445054
019399449736319451500697293829572901280364211977445921938523642245187237874759
842328066237961335316770650397540278624868177493787744636947513747687734148150
709497125353154034891917565125292734132219117867019203822219061483122750120766
622367362145881526771747450751621746284745906414835535638481901596055973729872
694697647413544798247395385620524645661773039304973699280123738917591946319117
545552907106205481262614932753864800469460892238559334957128544273126173828647
663894804150505316574200922228441563242123044793085279647703015367026619399658
615445220362439764680790219421771738596913904913800397626060528303234804005987
682536980683071752866029382872766571314073487278463215372602548036689865347329
119729446207468686560381919437767271813630007612153644954700437488209001296957
125408552198031795915909389539364632566419961090516676186587821905005991368894
386158601891226577886556186926188297460500436702397859792678462805947671052583
468306768212647457519404685767780518751741113930946644144627926894595684274831
449822038969628303460881865148677521981878016999608438430615837105093878705347
644186451845510241163229322454925933943458925361805422921235582195728646498160
173227647348256638241429016071377969061007627197588861615146500091013160462489
609359087216017782933685530293983627964951473336482793364745559594416894564423
709653551622073012876585721836589520057958258605191188116655583997694201060600
451673199646597507131322699485932560630784268221512776112262872733909987896821
041790208959928424743827018714009100338989241129115785389865429371145736284618
348641213654154864696015214258463705901045558477351025034853349935555280476901
033097159886370113726951155356642549123727980157998794601643752152353120001738
608610028244436973538455448954024894343615922802120367536478560693295686269184
457068721809971533027316338964508369854117543093582024350097482378135341125474
982788956545867021370778328681954308561877857936538222520658132905378909184905
387030587635300561367195196997831081449581989118224814134825753055893605025584
458885600768847946078136817483000035502425952829219840827547240508176689991890
285470668027882201835602625751419981705708898550598310316454224842325776140741
432804188580261212904784857095462222119469951597205605792509512664104893789705
330352531409081741190109998599803087031419035396935651669854457095916138350554
556919624362653045800261098838946729001197541530608733397454710490216092722067
662736729372017568281688301756741899651072961940368933093689515264555678233789
579143624867874856402995041894208562093022848603298012905879860555063339373969
274370404553968714343688750005828576971822831246231296651545899664882992327854
450142059208077316524881358375152633911255807472581986483845688801583732304799
700484298817676178102454998247016172825769959473035011521041924713929757946221
905723010072162144694667441599772210781081236357916632436177639312510332455548
906256375929680281001647506749744900952108921351936624095187737305848917043483
264830114910966099359625370681169689981400925506337049096964566958420896296753
379705012199580005209522298341262554014978231671081894129650117713374648804854
398603182902974011852648224291702659532162886197587856450489518066319070789752
847171821752677288890767767632517359184036884277357342439700986948575127019916
697727770458456016827470786082824672433998024807590175610730791449325244094030
692957318421607718939636618525456039234559938157835787159568498639136748814324
612909308292177814289762513665421440602958284940845015641291405708184647655555
410075310673279758364405309176932904032953851143877168034572049927516543774996
656878250960314322669863665856571850951033756513017236030672670053718386985264
029514397008238800227825768626992117455221192650025253692405835720772083261974
265957259524665522761494743392837652954619879415809836573211764805654108438665
010504557933097066011429340805600668239371205934863108428940854873369073717728
953955837391591411254458320616498922341457887632505615729876589862383779445228
163045287331123986959281470363623662211501984309286316284481918081467007590149
370920798648462511654938392149693290189512530160409045835382358412643551969220
998831846551855432280420035615656481580692524347770625827281424355574526486249
494406586440993030920528056864881076535256332730197162037796335756996471616855
078925999405859971612424292629660422821314074311634416663855433693141286091405
274815677687004660532917222620104166032581251444342512460342267016676126225703
845863406153256233978040872096375885020468712942942307475216878190590954429377
298472170346193395555797470381500405524631474011002745534591976476886573912276
211685063910925060747108621343220736891617887430336175449955827347408351201207
187319453653479640522137320918027657855350121414451297968646347428743161283741
035471799833752214914646936853559506365464882624378446295347524712336166974325
911336217837609546200539106010537191537184310870888951299867841631833394617339
740815299520393274546241247285662932285730363892599919279828689865913158779240
634948015987104992763668669753982108782347415015649599470534905304096484919316
149985078681091863318537928213226437048074027366971204504015031986400161799072
297422650793711760189642594550670651310537150695224816074995524684549301776365
848682945847316833118102207316782407745721536938969301669661384557039999850698
455003357579824829576657222280001440095055290662633369249297488166774057988973
114436710709386914160758296046600384775405405778161825695765334262655660259612
428349781732075892108003191903968824642519015253017566814381239489829609465432
926118222304125737433565069135953782331657805095779361693590578186828473640080
430460448998912786875692149312679652528400695491135497134897953255802507493225
141583332590663977888786139359596835715325972338184159801985415014425502869831
478059240500783952536109043247642939547383724500645369132540782706171893163212
350472775609787829061951664848791551550691476527964968401946455756127657842064
410294835245176804472789538901771424383388936751944168106265839823985757092265
187367047050671571336393898877069071879574327597473349147346464697904451915602
297364723372868630956355102541822428765738486272088432234677982238597739551795
549469350409776915921272300739250738979908021854830329465434242039322560799375
457450512246781620273059595425499783022097593185764518340348193037739315437154
442485999851596410659776404177445480929414643236747678531432751795883546116821
182915717935057608581750794762421605625408749216332751829192431603047674298259
273481214760051648006535781056493817233827902909925045560715697669603202736992
449347647288177516952619580391099059963597292077817903596839107464400358805801
291147219718606383322243788000184883683742535925535808977850800028469437813911
675089023992107930321114721821529072404333935800165256560158136951117766639405
718609532320780137873196776526652838102980054100510617764393419289092991683022
292793861574499191293475047994979894047876673570632396581291737070501223029659
461348634310943072608685355127004390006921063681951457335502484111176164734674
262410328789494159091915317679542793257298728064306789442159742716267486094215
630267265151435292236258732365480084821227074953382873854040521634525703552911
544923454160617975641997411656467730270968895624161225878545514167912081387287
491359774975140582444700603749578139555299148582614747330804316743926459072605
546024829145061561601267463342969681378077168154337877578202405070359819250454
493845358035712547042846948954720999605222374460589002482366001745265465858734
241416530881949124617619406212348836475530180457893398151032665683861198929767
552633138466328650031712221235293477550877732534536412977192673030313597835402
427671508172864060010837849381614660669913334394362687057892431208561440721731
310724498739340254444239415937202522467004218329924169425621816166092749413200
564725991985005506665518369151824699836901222365081894417835107556575383412629
274710871838380276185377693108395094452271095832414394441528979668331564187679
751672719647285123027998894232411569502913017672156310608394138687985024559735
632272943712457483956434475480310927707066724347830920145519201884181544774117
521079836882561402954087963330161957200607727940864238066523971086223305663944
993012711768029254305456652858784167401133747490413147124236985455208993062113
685023136763264795155579663328299060980060532645890091844774152420352768617711
194667339689416074227417052745157032779112221907171024566681382951246636159189
736271634331152064633243534784319801350622431985733735588635417704464207886702
055541831060251575282994844643538963609900484432538438821570656330173011944511
904391887851470216499487265913131663790330065371399483132986088726470792745819
248888029538464209449586195717157599156185685599506122419520560726673404730918
031498551680654597705691130786180396162945389044741542214848408777911351417525
910275733931191157587417944897852976726926326230027067109671544958680116470739
461141499024795448463885586071794769638061637514015435173397215785220486273434
855711311984360798476576269316918916678152485469510667762327031237920086568335
832921840125194190958885381558960926899159075868543147011509432287011548824551
098641827627609885465744863292675396729882719290248435655488983633543751867843
884498997499730824781537131012244670173073374925687581435451435210727311901442
046927601886267566179624151781463070890416342640497097899556249155893893809546
220769494541435719778041168327181180760397381791340919558823132861487974534447
251436634440853061867176335001174197390201971073243774482913974626635862468462
518416069900901864765665624471733679777819428726589065583551404409802545154439
309697016646235349839934390003890827522717791097304705256779236630759609688841
016812409897807051701386867252235633500155731290037741406167704746404637572745
480208542549533572787698570807834369791719697749642673760480714664744495242932
871490620350251492627651959200026457840908959231860904313361565281706667808974
931982286906856595754531950244616454077020363051217635624831465529171045851904
690445669873317281432886905109633872242590695172650784637254077391266598700357
159876405905325738533566671678217256870503968250159580232507912867416737604807
929599038655256166848868685406530481688811659494117661843623245393100443096738
773943174699674277893370607229969959399710221760518448314893933140482919912066
954506956207689134832273972940347548479213850919993625878164844902745814468505
519616830739297731120571360111415577074815511480261532646880631510785845265836
882159886555984006482648202396728598149791381260128801076860113868089711919079
347005491696016943193767187293873484505006798383966056326552201113940312366413
896110628529417537950133725159640969613996477440861698826036375636543600278790
439031401105925977598044398767208287353213914215554567165430031959732793317907
437526766444652532253289297516799187188651515004001231721568453694381997114908
597412985354240151127326731259069770754672471772052922013786499214782801158013
581136785208397295320103811642518237088569111646519742876833478644015917906416
482349723514956417443454175111331096533009538211742295145976246947549132017530
385590101976647649547167307094767623947471968248204059781450010048239297202301
236887535191353386641686689536451218538621343322629886996787192046047089408566
441055826970389495001539670133834541470101537862268304988027176460086131392483
066621479657342683659720488532705839550230039767511661646603999941290081236863
723640344600213236750536500126854174799813492519570532641096707218756097379633
840762246523645288613469342701506671753745241809308188655801119066739568698097
632933757125162331705609479083836127231308262787807799545662758834729846255967
835516284873416632019321844001309939440526281928902996811791500868031139664700
629789761447222330786161406904995765815753398831160690351841362994052330458278
202353745179845715328835797236578292207546337152463802117481857377525048708384
692804426902424479176507494287052874126434953723162639305534227881310637811277
131371643920019906984288299996029945750053913097904718931807730824382323971590
036224994777519858965356089134069999218165772726829590909163472960591138852512
522497215098325977819254366212337395655157032128736730806940110539571985400418
733397729738266438295088015271043175503963740878750011096489479810052028296530
659533772632806185245755020656741425277200032876076289347422430945947652990730
345083971176136563445100541472027663047595478240625811594707566144506800147321
806407033360337450438400003961554879228994192963416787339391301932626104700353
857657880979374233900573831769991785592041629447969282287959648295668362743865
088998780224372230242975477587241180141056462475753360928676623011955390718643
625790470423928338379067856393057336980941353235833880129418626357647424421123
077707383649121345478333788254520100201143845914471755688965523803474372932252
776345578412430303854681786309358188792049166917241339051308944571353849563153
994472523239013228301325873826623428367791328536195588327703026988985510677614
338961098761489263955996332300710833031845039445847461708083552746806617892746
036230377795088595673022738348287312708118816632608657807930404139824864947755
170844270969907960833395350095566728167606747104805572524040590089079875113079
023448103222519721870033499996130888327779514687311605436753298359925988054923
064664556203119695565589485522528502466556692877602125497210036663302772566014
076058661615900164769460869717959674534465561226382176295798823441422730391109
201850043057170706387551865478855770133629506103109450709289008531729774155935
040150153359583085998814068960258651166746936558595226485665634959220504576822
075045333837334183149489039711853882593936819593342697473034075611861014063633
828750241425266834713598249168545028178557285689016833337220518388057511136693
794592109114401438920260272152729475052953670628117312863371465626825724239674
664144893714142781620686424460578078823260194966689597345613556509570095239058
398596996934200563935052078121709774438943166642045826464690944389361445493580
109967306308812228932103571846313148713197229950391085433794733156885980971439
409374510309648746658204706631022031291431520590536644982789417473851011744805
931471110096122692039364060448048219142080423907961549448272705515563806910373
850422877818040445893523606697844482811777205109465551603143874762277479798691
529814010926241356823371384852832692657310131514622736316769712219174252794966
562071840508755700503472754534102396001449904372963215450746127368133406458599
822464251141793563356723948970929160152590923464650939128744250663931900277667
401648964391335067313493223720523506090912182657514969473673707257074270862727
752290243798065518497838274683163824070915424076125844254989799887872016076824
333007312826871596202333451870715500430875097402245501251060006739504615477759
597706201373376666713658247332098148669740806731645531522497348026812898575198
469713940614969208705790326552577655811773005611160943679252819668574634769164
611321859178772771794925550662754223729944074290231197510345325127311361847008
396527819628472196023792995163015124920298604663302226470674431677063477822401
968370726818691385979017100008159134534007865680292548293141646091357259427405
417028959635628313188320043724958144693001968052972384296904339513890904248630
347668687551430146465054326662552070731243949030323025870481573790930130134014
427085643153418962844127987387465967724935269442542049659405348885884757855928
724032276468525507612717940560326040148606276970169981192035418534079206443216
010883851425466518026590363470405626456654275048509915150861731624146585305893
800273631431794353322306507754755521785693258052595700147899850560285418273750
705727569823044772130673450166457229443814687838655685721581055241839433179369
171487587632910584952085785057791011939748125898229654765810700998472746022182
643864911648820160834969270792403659637244891775502913600193217732376713350252
167928665315169193465114215102579827187564577746665105354294414282227347776470
864273527454499685998448654451589484339487996855347894312161913667912536165854
910080974618185583989189229564550328196630402601026755209404132469395578825947
166266601745358861883053989142810383450484884934205906001070747288602512939900
889239576671371920027792941014440548544381744178557521395719623341883832166253
015994099574354381244962663013989837310763751680535027522282253512879173436081
971230652936707172366055517372375570986268804168609847121949870032503700285867
478747344936621484596951580749381025969132270016601642403038142315971542761401
296251512675746068752510473359181235330947336101018170951631384515534073523455
168439548935518996208074884576427020242806261423791516652079706410085187208794
817763879850602697756683263100794157879776808851724063116988364352680328310111
958301289952932369951381552391999023160350940977966257172070519364733008289254
787759229120562537272491060934693697724435706450838376713414233139324338048930
044398287846887599944940438566700850730976944945228436862083824731902877935343
743645102471119883006865869777525350974871113972753886939260426220910476570264
429904240998317144836340785537108423036716979695542643106472193604837074083379
471408740764668545561424023707820064442785391736470073683693429260112934800204
766282277581944699655231737530621048374127744035678744168451826405831097394459
303433989226312623570024313591147127548131335543328485396267651259215013642991
564740687921152226478331571525723987927251180500308303406562134328336792536380
802145386544200136514280830068551845548057154518429868393817339216443414259226
697083281095858582361702894713053430477528898568327258990273975459753867136091
385606350483888694195558228139935527199605298819873607706118289094776067503032
644866699059146102906953675807597789708554940129804736997515068215099823889531
287003683713969257709471001214966256738031933334864175655021045956404573745946
633432829156821197877006206407710038206562225150760393689848118978427495354838
102036052666682547425465123739564852590141354013165635828210570801492701644806
292080497845257950362590715294469123167761699763326895759795684003855311094246
074076822679949439906153240075317198773851387605801072333483750605905323190127
199109340271948846619192424114602415116299826359981612151680538286684705024247
678198933364317383346321198289252123482669832880366831381327013859741591248192
351823407489899919037453746651167006331701706550200194651089095682410635862010
597413831450990558972502584182587204776899452710695388596408995776757268695264
628674423005300437333904477006928846465962284764972443144864056853106757981936
802510935618439090830904184150161452990725391829934714465154417143956629316552
065569444699933495580668436760831431136522277006471812201250876028043119814934
540968171315857908853182170497065384597703729628965994817807032648611768140042
354712418617491521444813163143980474872637219242665822462105978596131638000613
870817811940526371406873690051796276382452141801934464021709363537429110594725
488466255184396223557267072435700593413204930103725079166084185631923799615176
477807839397849711758351503137200091438680257968797385199315223554258315216527
094151278376617025344267102843825424768070493809137125870881570543002335214347
580682215401428970965665839597964007711247943471874918232624159337939453794623
774778706383958702348346855005109034425427311489680057882210870303045797939187
737415233106838055464515262694701597614026807112875961775694157891908784760173
917958244052780855957016553495975580989218179676699004607803447116265903628564
890865727169796416186308861488006229825899728739327455168990756496529627108246
694259050099065228165827545207815243794284455985680523462512693302163848408439
568507637578386968024205167785621218390976897908867247758342676165517918096428
196623525545461950606254632080489932991746867717581541745622475527760948823370
077962191029627340235319583396999712517350521342742990228683257798008121017714
601951696715191162826465942687223783245748350826027564218613166718675765516458
171580879517965914237601880536726220002727888532252757937222794015568082852558
717386748843815751347413210071068071628531100012165283519801302225000953070132
752090553937129790043223048635005821842538421141737568098292675036679883879115
341117579887864673917027430461430394610320752919107285966817558106110215853532
224901139458574046195565291381116739109956713441038545423224967379682531815690
380271171791128390275239705482681560754143585669769399200190373678002874170832
602137855881084395768067103775952478258318609230199829941565797760633440451218
842500716120577791567498065827533555160595305089721252275048212970018553253995
796161701721369916293885209421361237417102842627048552420242966660137285465556
538608185399058745744666186049381703867852749581782907998503843178725400680682
744103156727504169200980653414262050057081423545163648206369932792298256375092
770839213743177731000244481162491900302239452620138985939536579958098059519667
450412298038654763162263244960796603314577725243225613944870570939066224613991
657192889352308282813003231109174431512477661158815243734110391345731492953876
107969584648095236756166960415870344566340628817414075616856788646344103292930
373700564576313446078240753794897636019182649300591011094918309606327306438484
775057849126678395072571859958631317436745718623091726851874234389380841144897
952684814710211901944502986219498582719161661878008256963758824293477089902886
257720617691142504023128037432193589823159475580298190383505785997799982554929
940419658815786187593284314273265440263715100190375957531963836046411184292620
896261980645197166082530629918728119000934343609208778488277598415366992042296
326829406371591878697739077291700131233617235036652966149837546790126184964683
808501887070562532125633661020161641245132587385491717260362386751614330988998
934271169980299324637502562869343256597841550766106290913059950984777173243544
483329647132876313211002726132876356900206895653980268791950351164609707213201
701774943555583432635869135831143123909344626138789614465345516129242902461358
555166741023278956515610551598254580120377363543529041503395326559854062152972
398259934478495110852987142785998261677510011699748794991738112744928366055719
059468638137212158808151052030861271461193283408044312886277221601679413793762
042297795942093257860385915552951931353097725053611961241080403286952371440487
319791627447330046240899088975174870144826136594837757773759900935512489538640
567597337013826560505478599937988873901015422319048879094893714407730735397997
473068187326225717000641815814256664636619594599709985890296557132358824686975
131899599100868020151381127229727929048537170273067631678736633681893473108430
036684142688752454683388338098177064000756800375228683386698065504547116622424
640121196763179672518169684322991217454999491474087115283722872303510402245536
203419763050831391207092741028561313379941206046865148059192261102092917539908
025040229762887622095937235149186682807269453142355091764881217385506906890188
088594755820808984375730671941139771453968556877474383164956455586743611459132
030939277727546803539599821225290199002934876177294316467215666315324404806154
993321367776893126498887598599194821575510999363909741840869613429622037791273
198411506665966061031810485579507961568962185889751916789926410314531764402377
176562007505713736990830487592775801953699147659131047743923166928267416638460
160213115588885629768157664438266586910344742981228659855006705107266388719334
924474786361961364415216835435066710877236085452408041295950786848308597318739
545185828623188000691701749147635535424857297501376072974745832339858349054411
845123325604665608304702401213906939312999446114050111989446263475675344794722
744216544142618011420742981468058420677902627687445073983877057976522917085620
380866653317510266211267919143437769024572664170558263222029550676297618313781
962584331715882295396004196768335114743362511431545272192914328313207898796871
517482873721125921754088384075695082284508887875957659743218687256630724538225
084105279921512908334916725876373614926161365096825490581971102288341329342908
725135736594621689963980309751507014590327717809988264544722111228086492508509
452633385020381240591500560436147950906950887585493344645548022050088066412170
097023550769341157730018888733372615728875456560023006057822749833832813281832
345971004926538892436276451944288866440233480793392141154755423483990673610495
111649385881565740644120126660539680305636612395908690724976032538679817463073
283524545593150447628058654989962439029439947218643439256593234744614261112966
015001942341985183783592018375406403713318243580827605352815809015602917048456
539277924356728672039743518958694051644601932248270751562014962359251829969390
697105552332814810150214069706491975329188541970844029295242042544053603659764
857276670581920279759337095053953819165977715847256984991708481826297861371707
413909931870109517377858799881059320341104664311106493645560774245715749006455
500931897258523988233474567105898311950415495763640756368287403276110186486909
462252357451937626003541268387626172879357792117053118818471674496875777317625
448296136255057158346744723277781598575987634443832196448607533966802680051595
141630880905724314651015167214599537950421173672591069421348798755672503231444
797418271646592889622489969730086149543506210467926169898953334115519450157560
522393790390080423504169225516734404943170801093314190656472065576071395633207
742839708268585596888416105159792642049157006283643034727729845740571207699093
923870214244041371014642147597120606707424243693265578495057064605480393157210
748830342155045410420619459076939719349923138525691637641814948716620348037500
960288683246051275584230635804949488378632487015678111906727523223604369706243
929480270422077737507380367745214972716196137564621367621415602384869609103626
887813681883587780454561293742745555641449568154050704406299923930391193677304
345975111700736915151217266690695331168333802556145154295284580389322420074255
617860107570812921440325425760667429731423487365740324991145068597437642778172
525453082573029250160718440864816911413960626220931859713776688585074194493627
914813297277479713613527840306119672960504667883260844899403512966519728418112
700308038555030715558515526966628570268543827791353468121931533464740659408102
639588750483390235937534127039364169953178082734682844131882480959567229490139
101201676218147810255393189358760051585473471645091796973346196038066733523939
885484632340068230410797593342413317239631937018055391658138972484015987055317
290396799541554207410479746174652776587697496278218047546591830612274907739034
099473877081400867789268344010047608675948782800141846449163851665477208906664
564271228910574198211708276668102200546672353926211834944164999268318680658607
969160407623909951132520011672351391276926561841320941349985787969245666626576
409168521539460186625531399864556399150917001333448249514549116046229816973417
144846814093129496384637883364605539984249694155551650322009438761626809642433
045185956782866812046854793911613235834420770616523184594093659465635891001374
442976969677285670857159456494754476954530780091332053792583982495078236162331
357229479721342395829431815540285534172639479841756969986297339886938199366670
075307040645792540928836151429219784827645401304442662651184778273629546740470
507181250770456590397947837425121821212027065362752386867177419105117069164823
749844546610383751592420828707982247630294058614065036423301994416347315462383
824364047396274594148215139354216922488689473053450163318089228060612913050013
731026384988165524706544663811840961172972248048620626260733973244215625361491
778973096464922343137794561045762396212866647416510568706771204974365220238536
519586917383501836631532490579965919736940426592667345843873405666950122606564
502365223204348406565004013499572283443683103810208771807017059422051889489941
655630442835051489508632234625585623860047431216887460566688088478806116268255
217412423670793814362769032839306207463451575485517564564080726915255779164776
691222428564708670856797870693891558473765182204267777194438256582210946220511
684241365116906606907777539524805509506360416739041663519982758212240708723535
839469216721705143938340839445955494183834832795825595307659373356328436265539
375819549451218962855702881641842734637053116407423976910872793174860701802474
201245767739391388275715942536881519652258439910985487401065672042345760248762
974293054447781873297389858773714573404494614844020443916839066451486477423562
117552180382443135994792153858957841578828758393619675667345815258341523723311
330892675946340754357858981333840761086508235282494597231385088180584942014089
167366522602073019879659627337221738335364368123768723723050445982629545289339
454295276594798878292204097206378024113763205759016097832053727543646101470853
122282894550588481678887440863917715590786855337549277284305029129735727075286
816793509113523696325458237796541968606332888400542312264213875814783494052901
782426406438585163879774241448382744903706090866593734030161378795759113576058
050403691745282721437271377565863625140749206912551430893194155545390835178882
474612096519752157953842940526440668186603371259284797580030594282979165607691
847964480389010712790019697593851362582628379932354771147746818334945812751490
700270939449562496915785796644261625842353155540587304039980532626084292661267
094195448269903108476263736262899790795768869626661541075939801914390405209600
683826203134628992680375934963584605462100413665175637006094267861533166081964
575318674147901483734062937486077666740783099060376873996997064571610775141408
090446673426655822599747460501700928615418726764842313947919843002923140397263
961919438886577413825625964240112792815825179728662363019199059704129837831351
503479541188830095761051587516905435486954536222026130564135107772185343469378
274601725105550191926293004471548915047053264730254432425697061814974451553119
102190416488245972275984576342566682483834419825521529056690197347565975871838
405734989892308209052676626855027305761171152428241007637801681509916310956307
568051590506108049766547804905932255485055962562847261073607995444124102157741
336522553941663753574032575355379066920263798611738260307531542645273505881266
515001392749371777744412100035268497456380602717515687316417555345017631157200
433128482986563712833441913342054533771480391432389280984730121518876888586223
460882482587613785524454930434505838354519762538282182954316115519061552747126
197847270134720267066540744202730512027091592036552532348432088420060120032771
372897475821543815322857274700378212836158857311664555912480335334161634256928
183215086915494345993178399913777683183480674830734383355392867251650655348750
721276779253673859053454562814708084220349170497109490955565503435638844252712
263342902597594653883754378488078311217622679788387955596466116812797818262035
214764956081101056058859283291703608514146109107873586783607533325843377338693
533746590526573582264999932781496833007554508648516757553092560525292149649367
158297434294787432467258710539591048394293770833088216781003197333142794765993
104116788896678874791639875934971105687281970550970297325551864275970583052262
609217962497506827336095053491478631148531877269878953610540123427277720188460
355283648631285315524332079310499142414111943220505730820501848126475863404854
691017054084722534848801421511318385183418719247878352218173375859523823994929
241784487879314839125156233153312430669230053544801557671802458817053794979309
142583162729117650456742277607633878312092479700651170794740740921040431267883
295007705985688409000998432690205693760779149763162890951902378183388792417178
294222373856652137250082315491002603049848496590594105351329118036109312390921
456903979147394688935180643143795831174618235065710040887705288098063318918571
812521697761772447012368547887560366245820861857424917048071260121825793827904
896787052976367759645216400767960564482389490000034731776608836964872763227814
340191989049031677479939986420569681197374184629727463547343087214352842667938
953716585621524326805470780874903945373490407966860541256996178338915379500975
782810843385099554879606166926344201662143252095182883971197812333842689961592
562259893787030987427122624589886982360601118069574950636187108334987916510030
026355764659572497858780541732117590065440433658009568879976568213445006894279
787249189444190476242726090483830103357158693957651547711351455697119280901427
679732974688643734757602330188880933290721506992924953428825645069019743025753
563613107795133438301633902104480402468143080559267586617255645090241976232927
614560862427762203301748694615943334155409361186484866278187696766179752444781
185267618064283226972486091303863215400585749171362055520237308550268901354214
