0175145475 9543095729 7867274007 2177410442 8762419527
0575130818 8966699039 0251341804 6187913963 9175199961
0688039579 4578140869 9435579293 9886140071 1417249894
6051202315 2862732692 3240980270 3440393572 1351903458
4028877988 2338142266 0989331849 6674788926 6988742745
1477269584 9546580773 5894966320 4319684227 2939054023
4206993659 3465517594 6440193569 6808875736 5135655273
7827558456 0031781257 8547257973 9016890446 2967021262
4861217876 6264775483 7065335028 5918705939 3901778046
4717594243 2362408204 7979583793 4985204559 6799025405
1594049454 7744176083 9577973686 7376905855 6479182794
8871367856 2976470361 9719277273 6875817422 0619342121
5839221471 6939705250 7247831658 3686909212 0660602977
8144229145 1540611950 5865265141 2881871106 4918796979
4316047996 5128847403 6540839996 7083236314 6792721324
4936269857 0740704713 0584348263 2931884544 0510586619
4037558732 5025731566 5275392902 1523622074 1530144657



5930722750 8883267063 7058214884 3196156531 0418901791
2554845787 4634053818 7505614044 2314611978 4513097056
5453691268 2557944487 8042588295 0076968232 1898626238
1111072368 7449921424 6915040404 0031332186 6823059154
3595496718 9013559031 4696913736 2240776144 3103122648
6037647919 3926771749 3540753416 2571025588 7112283009
8045539403 3370487328 2358839765 0909521672 6564747258
0205480906 3989279095 9497565422 9061846067 9476258129
1478097037 5574292480 8981654174 4855096727 0889203351
4269360692 2157665634 6844171425 1418841300 7346342117
7091338849 7281568269 7556483084 0913326336 7172477250
0819038332 5739818737 4366036429 3416815416 0852874645
8725565350 7621150730 8850688034 5696823291 5354060692
7242413612 6383496243 0252227348 2207667432 8244625195
3438168663 2983333512 3189264153 7539026898 0209230690
2469188086 6165342597 1370319964 6563655178 4185225207
7400377550 1336093586 1416370449 0921998912 9808172359
6202953847 7316594515 9325457512 7621826588 2696502308
3274877952 1264161760 1548390384 5869845831 9371172093
6819908328 8932591601 6831523789 8417509554 2145657354



2447703079 8689073885 4236551194 0355299976 8615121850
3691185811 8061965525 7629645824 7439549463 8849523052
2939043192 0834700408 5959062477 5869267390 0383856751
9596357188 3814773408 1913671101 3050785355 5897601972
4131868873 5176938889 6092097081 1996086393 2376114367
6107035675 6751954509 8566772609 2830783033 3384947896
3026102904 9827785167 7349656630 1792404581 4188890168
6110371492 1870755368 5442128423 0029436184 6299784470
9902389209 0870282586 7759979329 0024068740 4128958781
8001551262 3850669835 2076101525 8102922206 9185058987
9780761031 7527440586 0231492711 1485381252 5022120659
0865901782 0258780104 2247426440 3050814934 0088935536
9942155412 4279402428 8330163556 0084548061 1425197360
0079468367 6743928913 6803754522 5852503564 3374923040
6118813478 9864950179 1203952139 2725893518 8503227479
7283045553 7783064856 3922152548 1817233208 0667252766
5964316205 4180594480 7093733762 7385191779 3186994730
2459081165 3170846477 8489793524 4335720380 6146987009
2327006538 7351237811 8935558807 3827614313 8710477321
3306585242 9217695200 9865221558 3227076240 4786747201



8538357834 3770223504 2508142457 1284375657 1479689310
3634180893 7329972201 9185677528 3873360133 9441772638
1562202849 0159604474 2284106914 6815777966 0193578485
3607566769 1643346140 2954821501 7627807940 2653275401
6988343543 4195316982 5972572703 2376723271 0438850214
5755116078 1078490367 2734137568 5054751283 3318281681
8068792348 3942357902 8304653257 0909969893 3929319568
5942215104 2753161377 8589133026 2383995724 9246256520
9238098216 3100220099 3851783878 6291284754 6474997380
8460988491 5717838740 4461981374 4839068734 0591284238
3139922683 5506173095 3776007733 4415519711 3447780113
6367129304 9539990019 8370576056 1472107745 8334412357
5225879819 7320154370 8493212917 6882040450 7449491093
0517869705 6711770114 1965616954 8746956995 5457946649
0245988058 1820522678 2805544006 3055171620 1091706454
9665772809 1231282730 3711793448 8881927575 2509942568
0572045715 6003088351 2548354531 8216700312 0209888175
6656024815 6433398561 2103352180 3122203872 4546176492
7719760756 1639899925 5588448247 1253975444 1995752875
5338160752 3828907495 7943408478 4098190504 9954722349



1767808998 9735554281 6911986602 9105054819 0046634137
1555736993 0816878792 7857366696 4628266282 6784498376
7811270499 1616800588 0869983507 6429727402 9251889063
9492218318 7369232560 3991587304 5117744833 4267912516
8538532935 3340557406 9546616393 9922312566 2373328913
0824466051 5960756818 6413772904 9551578853 2889906154
1234378136 1699480463 9083110947 3541619189 4425279561
0239155036 3062024648 5820967519 5205668630 9608898274
2416026648 6843101853 5792010934 1489959132 9401297008
0979209338 7285245068 3677063522 7193756121 0705529957
7005685216 5473956309 3401459950 7090684943 9995261099
5037011491 1485835658 4035694439 2440181375 8729506682
0507129554 2099185087 6507111812 7238305255 0942709701
8083673324 6047964391 6371196248 1671287816 8808667228
6327543572 1997602795 8550212499 6042934207 2378556610
3352134288 3540324720 8840753622 7477076722 6570322161
4598530848 0701432711 3323279558 9627033533 1133019138
9309874263 3572074810 1442606041 2219499873 9520982043
1409400117 3960150011 6374649373 9333742500 9359679835
4959808168 1749426411 6175890029 7445379024 6451001157



3256811536 6055049218 2290718208 4906673068 3734741354
0876864688 0362810534 6366063639 6370508400 6032259444
2368068407 0109041479 1408074372 4325375420 4529454923
2054885409 4472777330 8677289572 8448351993 0624062333
6014894657 0102953727 6931923980 0791374246 1289880620
9404251071 8216870035 4182717824 6935885289 6936838712
3395081807 1126520323 1606942139 4350441642 2118045865
9728470198 7470587704 9174523614 0621664718 2684227650
4309872213 0253292080 6244101356 5190192429 7683194184
2247953230 4887222761 9999813059 3434354096 3408734149
4009836113 7992901040 4902165198 0016965345 1050932011
8652889500 1349855481 5797648691 9975355400 1996239218
3037155704 9566111407 4906989061 4688031627 4565043092
9296856492 0493914266 3256004909 5467246245 0603867027
7906597782 5588642987 2457951551 8278895492 9379136186
4335494956 0747960629 9394332898 9560710185 0074129740
2790275983 2985344536 6547373825 4430506492 1875584905
4725366313 7453707765 8929988754 5318170758 0339014469
7612612080 1219236484 9601319145 3758738420 8870327736
3104544410 3175204216 8170202492 4246854339 3848183239



7201173367 2714375914 0357324974 2190766283 9518726209
4877364228 9035555070 9956806448 1385391213 9494407699
8176571221 7675877697 7413747693 0080385309 2414702592
6730972434 2514738979 4333082207 0919844429 6349368273
4555999275 6543084921 4500589594 9858388972 1949080480
0211031010 7746945750 3027986720 4560296682 9024330049
0195865656 1523385066 0108608524 7051259251 0723689039
1442604480 4191068856 9171156055 4676557754 1313378467
3435728191 3557921521 2524416342 6728793514 5798726236
0684768794 2449245432 9593759322 5680382412 4308040441
5170323303 5468059302 5545980840 1814193883 9130991313
7803951658 6688564053 4425045976 8630684647 0385293042
2812537128 8812406383 7191968251 3155064045 8658212202
7033445251 5002455569 7185204494 2712661755 7097790765
2201631409 9243456249 6582346327 4199966965 9190963031
5077216229 5973794133 0449069123 5466289997 6787063964
4275439705 3072010156 7866765146 2562096649 8520697707
1028331992 5355222101 7907154255 4910668909 8901571435
2252320882 4935483264 0582544332 2899338818 1433246077
6202119276 3535560554 0181246640 1180644907 4865679249



3045753030 5406358998 5810364305 0669178836 0446337600
7252105930 7210192292 2418953223 8291589093 4128228750
5109801463 1623957367 1434576541 1805422274 0156504411
1311050586 3376808693 7833038419 5969453861 3373289247
1602532229 3697313224 9379972928 0059926755 6724797579
0953496341 4170020386 6341961453 4418285905 4952805340
9997763087 9343399759 7891056860 4133901260 6507861256
0823204380 4545448631 3325106637 2391013324 3023185466
5265092939 1180543257 4169027595 4071908417 6288677352
9998642546 0585144807 0324558508 8002374921 9853889982
5763569046 9402036938 8274466818 4013998417 7397803802
2542914925 9195749277 3178379574 5010729161 8969993288
3137541980 7672649180 0130643899 0549637448 4069145828
4642612420 4961678749 1900287079 9697918853 4126248108
7950554207 4352644179 4719404034 4796510910 2724481791
9032055597 7587738427 2738131058 1436032811 9623482496
8770668087 1902988723 4172895279 3641870640 6948463980
1089564315 3523342290 0314798101 6684313694 7919614720
6097308580 1361507055 1665133391 4433244858 6946901204
9247732557 1823058188 5747169914 6360318779 3301384759



7598611209 6170716267 5773157297 6133468570 4814097969
1548600125 1242060298 7885535337 6478465112 3129289985
2004061054 0065834250 3451634685 6303094050 9789836252
7739341235 4469101293 6261701989 9713956710 3939774531
0096305490 1054483657 0216719918 7220346357 5636382441
1161709378 8893854939 3556125009 0479363717 1542240806
1034381188 6033057556 1248673326 8456069417 5279344094
9702599774 3501467019 9502710791 4478321097 8457155621
8883274107 1097653063 4168129793 3459346742 7567072441
3469431451 6216704733 7673582685 3171960542 8171285887
0830159316 0488414921 9032436305 8050330721 9660182809
0094043271 7917990576 9932354438 8105032406 7491860691
5784062898 7344737670 9234225782 2449454348 2808126567
7173212580 4023869289 3611255653 0820450653 0663405614
9010369686 5856206381 0884162112 5072437468 7218924209
2630265334 7648510064 8824018753 1107752387 9905191475
1301701155 5125936509 5027766386 5604759932 6777269553
4780632704 9303948934 8979598091 1778925653 7443265439
3742278506 2716532617 1004913012 7647658588 7813004808
4071184414 2690290625 4200678976 4961699662 0372407499



9018383924 9623080167 9713342360 6997570874 9062665937
3346349331 1747238915 6734441286 7677628500 7328674289
3474298435 4169140694 8981446418 5413445247 2851022266
0007961380 9607527010 4077275968 9266151674 4436606657
9171195189 2709120693 1157006078 4613104860 0959027972
9514654677 2338319753 0039299820 2306775086 1479378310
3409232516 6793058858 0944497178 0201240607 5320584269
0453320997 3279358065 6207789144 5512444048 2552693035
3303513359 0148144451 6470171740 9678054134 2209529918
0906029126 0715683392 7661689267 4456115532 0928000933
5523419347 6248116875 0783337505 2144864123 0046935912
7245516840 9493435643 5920208400 8663972887 4526447641
6812224319 7900574037 6752041131 4593569082 9486365028
8665138667 1870984019 1265208719 3821461049 6291771605
6112413262 2984729181 9735019232 6469347606 7359179204
7346019502 1468502042 2272549906 0500390527 1739830882
3934696132 9546058235 5961688596 1443855177 3255682572
0040864066 7157261428 7421586562 9365346667 6503053994
3726433777 1175524863 3346546866 1747102947 4257074711
4524084069 3574593305 8106647910 5872577087 0394121595



8349720801 4347320216 6732002959 2177831146 5479415676
3235809015 9344983934 3603113947 0196023680 6436471015
5265483303 3229032494 8488740174 8716255541 7843234598
3583131736 8567411948 2164882832 1983039293 7820890066
6864165635 6329990025 8912425367 4659874275 7842445313
5056811633 3665037981 3616103342 8769139977 9093956537
5874699178 2052951266 0654358748 0249531054 6207908286
9238253173 4870934885 0922029899 7492167707 5930466511
5811333830 4783246584 5377999596 4224511055 2052822598
5513579954 3314078046 8738288309 1817168865 0474647342
0060161594 4581759276 4878317510 0615405715 3340802777
0017339348 6915972544 8358499570 3116908905 0234790041
8269611277 4389101113 6824983651 1243522173 2941277060
3813026341 8165235751 4835007798 6826106893 5781083578
6811158166 3802542863 9454882447 4315217144 6531882122
6560337168 6438855279 4908372296 7271505859 9839020073
7043520451 9621300668 2618638971 1245753979 8316748358
0286609024 3753365970 3795530174 2860170982 2852543466
2822605029 7822819229 6797495070 6846947014 1114718271
2377179454 3954247545 5823176370 7200209395 2480305502



4861529194 2583807464 4561247566 3032936211 1940643853
5126173363 8375785199 0930337789 5635070998 4872647563
2881577185 8778297353 7054845621 8406166516 3805211633
5535956157 1365548830 4023083904 8499053464 0227536350
5322131262 8579847488 7120879742 3919712980 6515715622
5145357376 2296496995 7851618947 2586019304 8018878841
4077064277 8982111550 3893404172 9907842887 7913960319
0909475642 7746282346 4504961855 8957186727 0893050509
9175082590 6016230356 0854100261 5065995829 4094188223
1711766856 1034310940 9015195560 3594197629 5271519144
6546570114 6273564760 3416640733 5530107840 6612170688
0487767658 2960344592 6238647585 5747734122 8559099455
1261972615 0335698046 7429465446 5241074799 8946799784
6489274548 1446292704 6102427724 9451728542 7202517075
1372587973 5089028835 6512373075 1402162131 1702640482
5133197504 2822098951 3845528136 2688417732 6700882525
4317243579 8898927526 9871603988 4633307640 2741020725
4286075391 4632056334 1900517801 6954816417 9493173488
7812244472 5186119410 0883513137 5554904941 8167286424
4172188026 3881656275 3985733360 0411059599 4336004451



0938252578 8027664814 4257909554 8425763256 6676861865
9127051483 8980441597 5502020223 0844231648 1714578201
0230876136 8940062171 5918636966 4756680115 0589395069
1794861793 8811069135 7391119291 1947645716 3842439850
6767609270 1560138762 5473877555 1308216149 1786331107
5676996932 6398363601 9984305639 8867930350 3631101462
1259261823 2432920230 5048739735 5510388061 8396303383
9202244502 1877806341 8013902925 0800165476 5599060390
8806917718 5244075096 3515195819 3085485349 4363752693
1428347260 1286321556 9558934759 0375217333 9569860535
5818133404 0468345871 2039407449 2363546970 8013539670
2968920564 1532705761 7850743694 1042162002 8138597409
9445803948 4371712237 8085916106 2547291289 4185014337
3320113941 9237769927 2849879216 7957048572 0848262117
8953745099 5901605731 9145103301 5921950477 9986163997
3513634301 8127076636 1962564218 2961355714 7414196825
1977845129 2399518094 8027615779 0515052996 2456467685
9410800319 6552477778 4431018487 5368377693 0481208594
9347514957 5363519083 6645103834 8117838304 0200872495
4329435980 1839909611 6144252080 8102461548 3437721590



0747465469 7078956825 5917810215 3564440601 3968931598
4451593321 2019827378 7780746052 7984806318 8533935925
5326405680 4758713927 3617127439 0494442064 0017604659
6009726741 9950111801 9442199470 3076386808 2018915210
6960803373 1147927545 0469180708 6633068304 7177127699
3888434975 2036150838 6403092367 7079665962 4074665303
2058855795 4353589859 4777542084 6585446621 3117417321
3638193761 1174526719 8453771073 6595659498 1659688759
5352725655 3052258677 7874361969 9554527008 8885043127
5909414330 2364295198 3092817046 3636710577 0040823556
2634578787 4785234482 3998469437 8073980038 8210355197
1467793674 3948439795 0422615555 3063937295 7759761213
9082829477 6160906986 6159952443 4740720825 4872747416
3790541203 2043763264 9767578839 4491159485 2617550814
8236435201 4490068449 0375525495 0452871127 7590244026
8289660239 9138122666 8728716943 9142423356 9071672197
4852985490 6502866938 5313900278 0062228105 4659491949
6576773408 7173852622 2585319584 7657410136 5001688354
8356236992 3544012235 9693600605 1229704848 0867065598
2833625461 6249888405 8080568387 4768059241 6721489925



4667697070 4279759470 7443992401 9217135876 8929455771
4824440483 7002827609 3844436672 6557959205 3332863638
2118343620 2774646087 1764560182 3692049975 2142614111
9495091413 6593993959 8884968732 5390545616 8986309629
6277455693 1596271112 9138906875 3371428581 6832655822
9153167341 2889027734 3355493447 8868355341 0612823002
1846623652 6025203082 9905573599 6294121284 0361584876
9828447672 1665060508 4309332357 7916341259 8672524107
4116285556 0887417648 3498207142 0906963904 0582853918
2621622899 8268695975 9493805904 8857536815 2351745149
6466142696 5879562019 9766438100 5061504180 0687076584
7045347714 7005963307 2335779079 4376706421 1961192058
2425444418 6413088962 9668960333 9150013243 2796099227
7835339589 1846625759 9319452669 0242146365 9868461586
5059340714 8400860403 0338552638 2246381589 1581183633
5966437381 8562104058 2013281656 9854031673 5563816301
9680564587 3480396751 6057164490 4016838278 2016031003
2606803266 8396046855 8981291340 3117536801 2912557689
0009703604 9925914526 5139775772 9834685305 8553693635
1824757233 3780440075 0475514350 9075612721 9522846296



0672210621 6074612377 1515371186 8850400371 4786281788
4264613905 8053647502 8946907239 2890947226 3625662125
7205691977 3693290313 9341358756 9782287912 4283350725
0272859563 2347802504 0789612019 7892164132 3874369299
1691397743 4727149780 0996496729 7895391487 2704895812
2750145899 0446238905 8696429492 7230354129 3353238761
8921156458 8764429713 6389781641 3221384394 5580346265
5791314402 9141250116 8851998922 8707998820 3332745885
0878739620 1958428491 6999880962 5666397846 1402160950
5972997287 0961243304 5762531292 6815643291 8037383948
1915146495 2919885361 9766896498 7775347004 0989333379
7271594905 1939180303 1244093812 1636064272 0597499374
3009579616 2204706746 1174085734 1097442874 9024072224
0719200849 1185818151 8124276338 5231140880 9193386990
5247375517 9697915334 8369860778 8473417923 7590002069
6454778980 4654420961 6558245456 5757260109 8292794621
2016035864 5909800121 4611081297 4865267664 9377548555
0163800936 3914403874 7044068074 1730711149 1203955955
6476378636 8725212586 6419965181 5527268261 0249104716
1897279219 9637288140 5772954371 8948300129 2061255825



0088095864 8234350311 5842725044 7144179924 0885831604
4363542631 3119988381 5034474732 7397732657 2582918374
2486825322 1336201914 8473697626 7555076004 7847475071
3026331527 9144246484 5831054261 7927325595 9789950216
3649805680 1672170239 8636422151 3849136789 4696651895
9963698189 5289292091 0915814558 0415830296 3877917869
3541218300 4099868888 8707650560 6757845234 8837144892
9958031397 2269250026 3442393372 9377836121 9989460046
0805192918 1573650714 0605213243 6657117486 5186510958
6655317669 9331817383 0344832523 7239280960 6769052368
5146455827 2384358920 9066695738 3546278011 2429104142
0564745807 1394447904 8166588098 1587834729 9839103102
7522874694 7404696773 8211615109 7247127560 9181821603
2132711544 8287990220 9158099544 6717910239 8577577600
7593706623 6993152851 0617800162 2280013068 9503482824
3805988974 2807809786 3373237536 7387515639 9625002026
8891715608 7205681980 3813215927 1334649860 7978324698
8263250521 7246773232 1585052767 7276908073 9518020633
2392022289 3513074342 6597860593 7025106926 3878950489
3955632192 1166611355 1555981326 9057575409 4401663689



4260092675 5204065333 6553951459 5944303364 7298697252
2461302873 9834973048 3019618694 5556575297 9106778727
7547211347 2308106665 1220266183 7023659008 3531181275
2978241047 4176812005 4732854088 2448388546 6837414233
6505912599 4228687922 9483507726 2714575470 4620061650
9400348912 9260399554 3195783268 3200403542 6871828068
2549652538 3158353257 7307988741 4298463873 9305884324
1116758545 3287548999 7195502300 3383521326 4235652711
0701750793 7488068307 8560332541 4601943320 9677063749
3574153953 3003747883 9909900702 5314629659 8041526455
8977993948 7647541072 4850931927 6032948979 1717413621
3784198103 5068496164 0393871356 1098187853 3506494822
5067534562 6451525297 7403298927 5375616918 1748537555
0733716370 4805113108 2092768493 5994530695 5812100822
8531454181 7055339623 7627676852 3646265893 6773733428
0355878578 1280821115 7430619791 5537124356 4354768881
1631808683 3937758278 9315224641 9954930016 9784479090
0079766476 1987833614 6456619219 7575452830 2389984112
8019862103 8498830157 7437087384 1082808014 4737287666
8190323709 6742894197 0934024336 4458161318 0747722821



3377537599 2468949488 5688725904 8714181460 2376469599
5080138660 4347059435 1749860090 5231831220 1394591848
8907530401 7368699612 5439466721 3996723140 3034936228
6270110183 0211066751 1115697441 3093694485 0884308639
2094696380 0556700634 0478765610 3708240980 4867884265
8505599647 7627529334 5172179481 9545507384 9381133042
3859464446 3901683723 4401990718 8086077474 5846502332
4552057248 9711651503 7354612483 9533550370 7166335469
5583359220 8900331481 1093105035 6252415751 5546073932
4444620243 8951629450 7183976761 6987097469 7327731850
0836328590 6286338132 5773471767 9708600828 6365784771
0142436557 0873713729 4057536068 5199619901 4232615351
9121878183 2403826601 0409932276 8038702518 2826899050
1392874943 3754762826 8055926443 8064463585 2915698379
7510240859 9405715559 6201690611 8060638530 4794627810
1163688371 1150185564 2083240988 1625698054 5241961108
0501075913 4257423116 2743886126 4992086892 6439355212
1508479061 6735964953 4179203357 2993192298 7009457311
9991169784 2268853665 1053937230 7341483362 7765946108
2027507201 3548479905 3771977521 1020802148 8139107284



4348389583 3745239607 9131264461 6573885318 2117046599
3665343126 4959034724 1970089105 7207310514 0310031420
0160783683 4277549263 8478125557 2681147907 9790178690
7065870634 7495144162 5253213465 9135416115 9377354271
1274878442 6401032091 3869535451 4175104568 3594010162
2677546837 0908677917 6383299513 4146804688 9569352868
0453620097 5579858801 0754417592 8524296410 2754439417
4983197584 5436916715 4537583187 9858306467 1534276462
6016617073 6520150241 2509413289 1717472435 7727936423
0528420491 5384313671 8688623786 7006886699 0269549824
2234826535 5688667764 3797575821 7353681724 1785261396
2129235281 4651019033 0402029598 0863199433 2812220298
9858917413 3129412548 2553096868 7233116292 1846782131
0026202656 8569686333 8986031149 0682515184 0653582620
2849203691 1080130045 1065828997 6889398622 3020029873
0202666823 9598343372 1483435941 1418680094 4102423948
0597129516 2152859580 3182583624 5884073891 9247171307
5627136269 7428833359 5200543374 0229716897 7565143850
0239796312 2083229688 6854415180 7687575048 5099198641
6003851929 0649018781 8432826073 8036579415 3750889224



7333091289 0232978391 5701654709 8990259096 3377562583
2771152197 6990127206 5427673634 3144359633 8669837899
0691427314 2987712102 8098135403 8990518196 5902575287
1711017725 5359810918 8971805969 0665346225 2559961087
1060290385 0682610373 6595190365 9809459038 7568023489
5812098378 1845663284 7510122625 5811761539 1139727878
6965663647 6038783309 5845869521 2974136021 2303926230
7275831620 1715327098 0917602947 0213889754 4744047645
3541813844 0232395192 7105008365 4112614498 7477629576
6461315292 7304082624 6467017087 9217673162 1559023521
0339715859 5470580242 2838270279 7149401860 2228872477
4495150192 0484063908 9778470639 3683763842 4702769184
3714011326 3995349055 3916092843 6499378627 0814923084
8515856910 4536572034 2141118382 7241925996 0984403071
5132883908 4613953670 7141210527 2205061025 3405101940
2940749759 5745271749 2953907938 5860638632 2716975883
0913157754 8083427308 4500345820 9437567851 1762382918
1332285007 2395652673 2881809023 8219283414 9414495655
4284260221 3790588610 2004188339 1973178632 5472260696
7863498146 8979548112 9245649195 6275748589 9108511676



6023520108 6703572062 4104191113 9896508056 3101776254
4678994028 2116489206 2993099395 0416269193 6328525056
5907122368 2642913459 7500011438 1266244639 6194029226
1249313966 4600821783 8602422263 4029098826 0707141310
1340225182 2925181145 0745324961 1798278098 0909040598
6688873946 5434533741 5292835273 2068452037 4228670618
0187577441 9308457568 4590083048 6689521818 5054620583
6400727652 0648231602 4479229457 6503502716 1024023604
8276091892 9259141865 4431079730 6158572168 9758130145
9977941667 1685835670 1456279748 1377628779 1201997077
3376009154 8850548543 7349191072 4448878268 5079767274
2474988775 0371695099 6456850662 1052359813 3155973577
0965590640 4999570137 6219792921 4384231902 1934015133
7337146388 5699756025 7526096919 9204167969 8230878351
3389340972 1274136179 6713331802 1610655335 1478401227
1805000560 5899625441 0874291771 0596386148 8871216534
2027420219 4001089823 4916321433 4109664552 3645641574
4254761628 0614994862 2628197947 1209953326 5692883575
7076874231 4825654762 1396657615 8701886088 3087352063
4213818055 0809538710 6264331097 9218340123 9101558732



3449789928 6404340085 6643324403 5520634294 5708350867
4597822201 9072043491 8209816527 4154755619 2053287163
7706698839 1265389325 8830090785 9330973252 7980300713
9032546111 6679061262 2091484958 6424631374 6047429285
1212258409 0588471531 9438431133 1074768044 6329529101
4411788533 6084147241 8307882287 9553889265 4286664484
3467401260 1752783005 3237795047 1739461989 4984126586
1788389973 2766773092 5977236372 5112409369 3571530993
4453343631 5957211000 4778061319 5625664941 9026610029
2052756670 2498156483 7479664097 2093861428 7428218067
1772944466 8642296989 8060104500 5527182047 4193533036
5947648428 6197418817 3599121091 8110517831 7173557233
6204876797 7349797951 6425829722 8610893435 0157998396
3113356714 4207775122 4522159445 8881235393 1831789842
7767907761 9574751252 0272576345 9241059992 6915418595
0946053770 9471536644 2336816034 5377494478 2038031479
9452485419 0241582254 7307801051 0922138304 3888730097
4159589762 4392851682 7241735402 4953352564 9788361744
7651981462 1487379737 3350201389 9631749840 4803141747
3311253576 8108772820 5440275301 5794992122 4822818831



5859903217 6421808576 1179589830 5076310457 9394151675
4013599164 5960889661 1203563607 2409926071 3876870353
5308360231 3716182758 7949437078 8026235451 3499947100
5751616584 0831401814 1609641484 8555695573 0484032393
2205248542 0840917721 4991579667 0505394094 9709130942
6035844241 0735665967 5150594129 7650572681 4953177565
4706723150 3130463608 4548358457 2144624672 0883776265
1946049230 7291085755 1718087040 1192629859 9674373996
6703984299 7856292449 1578367945 6050193823 2289199784
2022914384 6192877103 3981179532 7919640087 0648499992
7364161019 2982828364 4198702283 1823536960 1337295269
6400314320 5504271571 6563003478 0171924642 0651854607
5681103879 4804264588 6919236548 5930336260 6440276948
2209740683 5423424397 8019485317 1920260633 6030218984
9987739570 5143192427 9415742837 1466917177 5653622153
8380395561 2588336253 2556198988 8138394131 5190594078
3614415697 8797339022 0266643667 6056612603 4177238527
3381717007 4654328762 2673577991 7344206401 4595759856
0581198520 4360990748 7862010633 0950503989 4971353174
7581834943 6118333585 2575639212 4646558514 6177331430



0998747082 9349366305 0146531674 5749214912 7422582208
8849460920 9423211433 4628251716 0783182427 4822368063
1197587626 8107227796 3874119144 8120760796 1353984499
8783245877 8085584707 9140358040 3227933215 7013895936
5817735396 7847577538 5919860590 7702571498 5199792918
8620717554 0665044143 6740619597 5690246107 5245136349
6607249358 2493815286 2368659264 1392363275 8445954235
1653026603 3702306645 5584086230 6562445697 1108791978
3006102976 4884611057 4242652954 7417648662 5207870400
4909017904 6710359849 6470060348 6476171102 9493672651
4970098727 0328479905 9993478928 1851306023 6900749309
5737937181 3869516821 3954681295 9146498623 4149183262
0755026387 6824895095 6748676320 2646934551 7551029281
8249839119 6467909182 3935241871 5552522863 2683189420
8769977596 7873611749 8348588993 0089824631 1854478422
4101131019 1145821330 6528058112 4123005358 9649036369
2652436919 3640694048 6516075632 8368948571 9246133771
9895892533 6526525704 8202672064 7698022098 3714151087
4808272712 1455265654 0049463226 1371175565 2255785578
5438620484 3972745128 1124698930 3953851327 5572087385



8613633284 5154980999 1216221760 8194229832 9537528843
0849748152 6598950959 6031707675 4986645374 1376304678
3260728838 5165158982 8190598366 2442409841 2397675433
8199564138 8773390255 6191040434 0709254058 7331227195
1500439073 3257007402 2910892710 6398570264 2339450723
0166256217 8032650525 0808879203 9039830239 0563040930
8301813017 2614570730 8395001842 8619529012 5738124421
8064366115 9699702227 6933679377 0489676516 0022948925
5184171690 3012990721 2012965013 3350627007 1422766354
9741111999 2198196646 9870956664 0066532421 0039471451
7812910000 1780324540 6453689450 1473949749 0056690622
4257146068 0569254946 2264794670 4886636289 3504625320
9784701286 8109030596 2783791319 6010909078 1603725759
8889091566 8049431931 9589059697 3623783181 0429437253
3961007287 2574632977 6748022624 4825115785 5302750058
6014154190 8753722113 1528876724 4349548893 9371268118
2357650797 5737559186 2260954758 7939006855 0537922635
2071301751 9988485814 1373912082 3909552910 4948088632
0773452653 4495606973 7731565388 5478357543 0682309858
0903306345 1846343524 2119359009 9177251932 7329122989



2982399848 0331430713 4208898676 8649183176 6482764551
6485097831 8312757196 6685940965 4673991686 6673803114
2877256054 7672156667 6445897568 2178499580 3697938800
3509182753 5854837351 0238035096 6032255255 6599141555
4441736919 4496215692 4331126508 1247949877 5233971600
9896404320 4516324156 6124325014 5503431660 5675360644
3540198147 1072977478 0115502323 0507765864 2923557297
9795505513 9760232195 0701458779 2644147392 1211871557
5931178810 8567349467 4367757908 6970048686 0076104855
3967400939 6682669252 9948537691 3467099834 0658310623
2213642074 9971036766 4880906366 5818289088 6783654476
5605239961 1687466435 0388545496 5793933667 8299942212
3905754675 7896113200 2146388875 1427704284 8516141037
9085362672 8543299282 6190091240 0426930018 4230897419
4723371882 7707653645 9963443767 5073059724 4890946843
7335025368 6017508317 2039515236 0017879073 2272888524
3637033300 4444092781 2905934536 8663141470 1046593418
8347468928 2629988236 3013060137 6692698821 7798851721
2454145733 7848823038 2467191665 9511051746 3243127903
1560874148 8607081554 8311021325 4013356868 5405588343



1018870889 3876139373 2502340880 7965938201 4804830316
4481123176 2015402434 5025897217 7670052598 7685752911
0799488761 7033468123 2019932311 3219287434 1846612599
8701817465 6117914611 8689268370 2520165299 1198988874
9488292420 6169649654 3089442346 3417530646 2620663204
1270524790 4652222594 7485262988 2180166510 3773915209
5692571767 6051391512 9079083306 3089131384 6707678071
3608298991 8994490539 9843274940 2438897106 0176275164
8654324350 4174682174 0477205357 9072978819 0300647621
7956560515 9378531746 9975436785 0429962280 6859383605
8350652163 7181437581 2035946389 8013538578 9008753863
7799944252 7513971642 8576455853 8815095998 6542599611
1121263525 2183537375 4089383829 9407147671 9479556565
3338103356 0920916513 5879604317 5645214900 2108737452
1940701660 7907421171 4638920928 7184760160 9024923191
1042267151 0290601789 5674642383 4095198359 1142408642
6457110707 4853007624 9802206736 3837798445 9884147751
5071622932 1920310260 5005515090 7697894319 4378348211
2231317197 6968730832 8746838329 3986801931 9165370266
3820034824 6498888280 0995308021 9176380419 7594627304



3423705049 8168626631 4633138199 2449951350 4093368521
3264862216 6261430456 3801554167 0299756701 8107991459
8371430134 0032034976 5295216438 5778342024 8049746048
1356556278 7670014116 7645327657 0915946987 8574710951
7077561758 9719547014 6914052898 7623863446 6607521691
8405152920 3706434167 1434458101 4881245904 1088366769
3696301612 2140430307 9623341879 2780707414 5543096121
9509880330 7323271225 1430746743 7929490847 0001118157
8721760472 5628436874 4402999903 4907235233 6477956148
2607275430 4750733835 7941695208 5411858141 4211633663
3188436139 3046086404 4381203050 0873747407 4303519812
5879556512 1015437961 8540181768 3516395531 4297889210
9793350644 2189220638 2792601708 0859661513 4092310144
5509598050 0497093334 1826034628 2226613652 4578624368
9338287481 8080831166 3214088601 8962793337 9691796702
3892600395 1088492322 2262487914 6995246944 8221322207
1622818763 3754117440 7176440825 6359777491 0049844113
1586645655 2169347946 9938534589 5276480298 6158402264
0999942100 0433420644 9394164465 1586082274 9727905680
4659105802 3199814041 8166646897 1070381589 9178259905



2443794164 7676653136 3703816495 5688078417 1970666908
8818711189 2963554097 0894493508 3808672087 4087385891
6782805784 6463873013 3563290056 0817556570 5186898351
8288538558 1894187618 4643188554 1883532205 5865514919
6084013505 1091304296 4386737267 0176920946 2568404821
6955942243 8162836317 6054907299 3983829018 7707137864
8219596279 5827372843 8493021076 5170111412 0971271895
1367781133 6345225119 4325640609 2909203989 2030311428
6931102996 1628971574 1651353122 6509765663 8725415021
8818945769 6063382654 0252017462 7484331378 6593668353
5892728894 4137222712 2323730318 9976271218 7563590305
5240593344 0680406716 5885499108 9223395103 1852280400
3163077793 1393887881 2426373994 5766173505 7804548647
0971336561 2269105452 6803233517 0946578223 5132634711
9775415664 8001216476 1891538394 4543827074 1357110988
0273825243 5819294527 0638724302 8983887862 3739726994
8101909956 4763398726 7797438188 2407864696 3720613457
5020404386 5140481454 0848637229 4808918749 5333684538
3329185692 6116001360 9052698074 8507788080 9719922079
0549384644 9129981160 4451051248 2015768134 2303697584



5979313525 0764991726 7189783592 0462441355 8353968020
4390112988 0820848792 7059939845 2081514555 2771604555
4509166391 0861465981 0109436485 5299583415 8940501132
2175918918 2274078858 5450573707 5417198079 3576571347
6422566400 7855202712 3596498418 1478091852 4754051782
9859835871 9450900926 4562032214 5679360032 0098036589
1403659248 0297059704 2389340141 7849408983 4058894208
2813754108 4532719476 5940157849 1808798841 2786712883
4697304445 3463300113 4078424469 7467610052 1632523146
9607461797 2352275188 8911366108 4728250447 3338769880
8997882496 1745714326 5389593198 9193809453 7356200697
7956600732 9207375987 8773953340 1224262824 6381176046
6552954932 7760151654 4433987977 9657596421 3036484953
8029733629 7340540953 6566027156 6620956242 0401897254
1002690308 8730688596 7583236348 4860800313 6749337880
4698810817 9243487055 5858612604 4335111341 5506834721
0280388630 7988424864 7959934426 9107098070 5308289506
5139289872 4560947408 9911504991 5932660761 2639813504
1864212683 9879243828 1063901902 4427167350 7646240245
7681752412 9773437704 7211534086 1680417829 4996765068



5806251274 7529950655 9532498818 6611187221 6992147209
5560654755 2197614550 4910999069 7568423675 2153392973
5597122527 5715087665 6596645027 1917178205 2938851093
6944721032 7912997299 7894959537 2179654148 2204684847
1079713315 2924225658 1065964907 6885751212 8315157570
0891568839 0775159233 9497055571 5543961203 4287580617
5188670398 3086783340 8101348168 3943703392 1934197424
3163346877 1675540102 8790595185 5469702441 0748369099
8853159223 5768360501 8587567855 7363745857 7148410634
0133489759 0877749058 3345539770 5795352135 9016826647
7382725085 5655781354 8876359883 2002785770 6316422404
6839516165 7169656331 1771164541 2249718086 2165255308
4508026356 1891326043 5962920096 4032384354 6372129515
9475370293 4135578205 6091034650 3148279361 4106566034
5442082853 7160023113 6681319091 9641028730 4920850041
7437038337 4462810464 6209427769 6378558093 4275787598
7841833340 3996601935 4202671488 2612819488 6255395043
8151533608 8819835281 7494735425 2961305205 8898947452
9789819276 5362302146 4927164086 3202923565 9299419175
2454776144 0843060223 7931856760 6483039434 1621875362



7041474976 1396384298 6391528708 3114593851 7668485369
2245247913 3970185679 6618981007 0204722123 3180454192
3079943922 1508991833 9722129466 4854266918 2478057987
8782653881 3387791747 9992986271 6454333930 4246091128
4741410076 1105420089 7125853667 2836314860 8986343464
5693410241 7486756764 8864999320 1676076913 9511745616
3032737449 8044609078 0906403046 7634944431 5588698973
7215023060 2240876896 2808996777 2008295400 9728621969
3697999085 6286378189 2068734312 4342519125 7166586084
8853313223 4261843260 5583673517 3575594624 7449424091
8913520207 4248917184 4022318266 7020736467 6861018624
7364849275 8014735888 1296157116 4530777730 9918790610
2988862871 4930204679 2275251671 0370807163 9439123743
1679286682 1934446224 7657260407 0545998596 8287895948
1812296099 6644984189 5435505126 9746222228 4055821601
7815638489 3241562942 9410235472 4474406529 8275956508
5230803988 1041767531 0953945082 9566866700 9805968039
7238783071 0888730991 6708399098 6667030216 1465717224
7840852262 3333842572 0816810073 3965346032 1498432069
7266393091 8651492548 0137010383 8705478495 8056923908



0907147014 6803194411 8829167741 0010867607 1463670346
0970165877 4793861986 5572514916 0321261997 1997380349
0164842267 5449125967 3931239799 0074831055 3850686618
3048290644 3355681392 5304490175 5675497722 4586553701
3114885452 1455752765 0034001289 4742742237 5583403216
7742658602 9415028540 5959573417 8734907098 0159085826
5302204657 8069213686 3441823833 5855058044 0690789048
7694695230 1682422689 5303019503 8490457409 4772378584
1308094244 8126386762 5452617907 1856678494 9159447575
2589043298 5971556253 9168706640 5003386911 4702527528
7746323076 3947736622 0502124317 1119766975 5407073331
1267595581 1430766435 0837766138 3937418821 1987281402
4301959257 7233992497 7456535991 7373704823 4552569017
4683861816 0590685025 2368717229 2558204547 1781431991
8580749491 6821191010 6141017546 6753076202 8915463213
4291872260 1569145323 3924467835 3609292392 5956317992
4773642655 8854142993 0289457142 9764367323 2226292360
2401555030 5643202837 0518644027 0320700941 3308930740
7897145934 1135466306 2636587285 7188977005 5691796392
0940895404 9496757766 9166831282 6151980538 6857951638



8745693396 1269736698 7222044985 7426520785 7339345005
5218249597 3648387278 1039461205 4451563797 9612030291
6594765746 9934154327 1014074745 7728926544 2299660080
2191430751 6320121147 1223362886 8911003141 9826976208
1161023720 0462099132 1164326070 6919886802 8640972266
7809023807 4035935421 4499157461 9796835571 4813677142
0102843682 7004103443 1879942143 6138119770 5387057025
1577675008 7453539287 7472019654 5049062159 4472377056
5106196759 9990856948 7775939149 1159420150 5099136774
1964053191 2235392749 7551027522 6212593290 3159292020
6322743156 3163988355 9894769491 2780282598 4508358367
9986203533 5202068546 0559216786 5528357649 8156695323
1585885723 8729888822 1915594480 3787090891 6485672990
7213738605 3604371214 3961691038 5695176160 2847570707
4122088557 4454803861 5549299960 1110900895 2930561509
2834665028 8039831552 9188908659 0281766493 3855036021
1301004261 4046121856 2027290863 5851705705 2077500603
3082951809 0619335033 6573369268 8723114598 6400466223
7348473629 8028779881 0214710192 4585493748 7774531159
6289792540 5501780747 4919647784 0674655279 0393195565



8138966925 4392861168 1270286078 0164924717 5794769004
0713838418 7102292173 3518989407 6408089714 3188308922
1639365968 7537987014 2040037849 1301275010 0361893552
8646480423 8014072668 7789499470 2425251395 6832936672
0126727746 8876032284 8694287301 3499735546 3449841082
9039902461 4311248528 8482555246 8148762739 9427149890
8989640658 8465382777 4882015498 9400559486 5085108465
8197861933 0248608338 0072550353 7057526726 1626271208
9574838570 7810716790 3963214061 1479857589 2731652066
5138741418 3990141524 0806942716 4153124841 4657507367
1621014372 8566150672 8048482094 5901214115 3970570484
6221539045 5053205451 4086490834 8169336750 6628520708
5044761687 0476424706 2925198421 8234056711 9317597738
5071213843 5661612005 4129148709 1099968133 1855034567
5525027394 8056094553 3332426165 0049742736 9923689595
5712032345 8164445061 8398094463 6812010841 8926213314
6656721599 4708198176 8665914883 2682318546 0165541728
8345341670 4493091663 7484656897 6763423120 1898326438
3910341875 8413624196 7457994649 2022219798 3459305656
3692756849 3597776710 9310304141 1307312539 5642486385



0145550075 7943604266 5449474702 2596898510 2663374383
0181532607 0463610412 0350698291 0077402475 2336575842
4349259806 7819610676 6125498936 6947457932 0383480118
9180462399 3440204860 5474005397 2919887064 8908353273
8462542597 8152377016 5393409066 3961614181 3699362622
7242206373 3819843067 7526480387 4177190613 4560708695
1288294213 4188943261 4115598374 1984309650 6180799248
2485995574 7397586597 9178350016 2512479117 6820566112
4568789795 4672289441 1612072462 2182150361 1187196038
6759404634 0815340520 9319548994 5280136392 3920455820
7050232815 9177110790 8638599432 6625268337 0835162218
6279069635 1346100018 9272878972 2396733421 1224885525
3794962334 8050174564 5714169688 6360100538 7174928821
4974692896 2534740324 9065911079 4774699550 1662902714
2984650883 9179574390 1191544231 6633387279 0505489315
7337140084 3033387711 7939845502 8810515225 3878558588
5276786724 6546822526 0139414212 6380025151 1052536202
0285088336 8116711791 3145351827 4582690793 6214338287
3636714785 5025406183 1507426381 7135131076 7393576500
6518722579 6621355848 4525199814 0046504966 4429369446



2643253534 2270481087 3584386515 3165747836 9349438175
6184393891 0192099339 2079359173 0235133613 4333617409
3788943324 3636766210 2057520640 4986003394 7626117730
6597900717 3384350861 1904667283 0919191405 4876182490
3540960361 1171758738 4282953107 1297887413 0067815729
0071872028 5253473736 8305268388 2088519006 5288899206
7114141756 1482180485 9030161269 9363022004 2457303654
5063083444 5212718140 4811064626 5502183349 1808728134
3170005938 9454647778 0717800755 4115944795 6636875231
3028096856 3849766467 4164239794 0380978024 0068223930
4397514877 6185510146 8074924443 1304936842 4027979663
8069701072 1859444694 6675695263 1588382852 6261340027
8056513954 1647267978 4720187392 8734317431 9563427146
8612868703 1868026805 1307783311 3336497051 4243458619
4339937603 8313489195 3616522198 5717340060 2626816423
3315262753 2561526998 6604467428 2100016307 8713356756
4176057061 0365397244 0343499640 7552391445 9700042488
2780700901 8247852047 6973060681 8272868950 1112304020
2596546463 9168826534 4062451389 4380086858 2630992637
0738304783 6303898086 0109948994 1257512561 4015344638



4423708749 0956244130 1959987563 8910465209 6675458776
6008659039 5215269307 2494759346 3765524999 5739813687
0468238357 8222135022 7515627717 4392239955 4134549014
3078065888 8714513281 3370761485 0257685232 3638293314
7428059668 8096462099 8422476207 4394269002 7942917237
5897478932 7985624247 2965908532 1594720533 2369490434
0279662663 0740273131 6432230471 2428965781 6081090460
2256804488 1972470679 9349489374 3915075505 1735578827
3674663011 3365128062 8067638738 9443510734 0477854284
4945810324 0215302688 9267092892 7343216222 8866530807
9172552536 6482531922 2486046719 0401188149 7966918972
3839048992 1449906378 3422472582 9744875713 8716393766
0383531958 2212583899 5005317567 0095529364 8507888404
2900036232 4607985108 0944704118 7766965698 5270022423
6542148408 2307424965 9128990965 0888536308 7254327321
5141598918 1628756781 1307051625 6851055815 1267135934
4832178026 7835089604 7258005426 1710332895 1883638910
3244737167 4832059178 7336509628 2974559694 3462409255
6528166566 4281336902 5930758740 4400234673 1373767779
2486726102 6258403688 0816938609 4183043542 1605123289



9431137753 3910651173 1742579190 3877442755 5774666030
4066200990 4063042605 1492029870 4318460132 7389509099
8152703064 3369446904 1004457120 2235451171 0113287564
0395937024 2331710298 3934900820 7273903649 5979673246
0701174416 5743432549 9611780691 7646759647 4687979151
5572781516 2473060583 3452636485 1289816778 4698088189
9113210039 3955511186 9683602326 7657819460 8392777588
7735609407 5598291775 4280861145 4330139500 4552465512
4291004911 3728859660 6867189535 5711890373 3300649089
7568335165 0049482437 5020133685 1572849963 6967464259
1495360373 9411549609 8234431435 1093202218 0970935978
0329549759 5988950811 0435013606 2164200304 0542535251
8200915587 6233217544 2175880859 4192994016 6160003634
3910153400 9403986138 1614185296 5918958274 6862217600
4007540224 0523491448 7411541445 0603504256 3623296960
3659720823 6492559421 4765207713 7457479512 2002325330
7577273544 0666725460 6385566002 0024685704 4600372754
0392329608 7432532813 9244892759 6263699974 6081980307
6121586944 3681254346 4760058234 5170986588 6875789643
4602270548 0070837900 4133051417 2192659415 7615687911



5019134029 7485850517 1486081731 5609739898 1871178896
3997543859 3851481271 2285659202 7869352860 7609610014
5004686282 1433081002 8800342379 9080316038 8504060829
7629418230 8278380860 3522724981 0236770590 6046463477
3095240249 0251187179 8642433919 0253045895 7320390858
5078719522 5501777037 6521626642 1852819817 4050734002
6663725152 8093405208 1167101126 9698677937 2259856933
4951943269 3201259024 2307651827 7713527188 4472532778
0205511448 3586444782 3011547118 4418352293 2511493257
2698861749 1226032840 2072777884 3300201824 3512889526
2643485040 1801176692 1894003013 8462303925 5957312898
1537243816 9530773158 9478556460 2548901233 5984452603
0584211078 3664177049 8438042272 7756181463 6149708220
5297894046 8419642105 1959529763 4427944938 0087623752
7458736540 4368603239 2568120396 8153978062 0318441175
1734063549 6464494688 6431290056 5992397103 9802605527
1913444121 7649315767 0125023282 1586829133 9917094347
2186019906 1499472704 1937223244 8113657773 6478433420
2259996962 7985529882 3483581345 1982181425 6759243498
8631331576 4355498522 0161874700 9448486245 7290141545



5918948887 0773043749 5867207924 8383857434 0109825006
2896166079 9710944183 6998747844 3956767929 2388862416
0244369027 1546527600 2249393490 3690547167 4482965770
8307392421 0015283272 3379609356 9239903388 2446560129
8007919176 4303142021 9423739939 6437444250 8813987203
1104733044 6839944062 9881969793 7197577353 2541936499
9703329803 0950573019 4490517681 3411652445 3593299051
5291198614 7095703537 4526557874 2451856888 9601351304
4654670270 7588099460 9033018356 9536601327 9171879444
9541015603 4369228648 0222247044 7675869609 0322096842
2563613405 6348368297 1743439491 3450350154 5627121130
7069128196 8263867332 2131840444 4149770373 8450944461
7548305453 6899360682 0580388987 7247411952 3892924216
3746784562 4985427985 0314493299 5331585543 0027667154
0262962651 6695809146 0788101747 1430699174 4199865847
3290401655 3566585762 6308050241 4955884775 3348985236
4672238934 1636565324 7943645100 5902522586 3213646412
5849984679 6161843552 3403523247 2111052122 6636091573
6027130213 2944820897 6614103780 7091936558 0262218178
4957122075 8511904228 7800087459 2867736276 3323009690



4378031370 8952520766 6717572718 2998614393 6555118371
6692237254 1946679808 2166668111 0395660439 3375037280
7554514848 0681660436 7467894326 4045371156 6586375053
1512081271 3275492053 0682220005 2569298501 4308858791
8383385888 2722616677 5683455460 0420387321 6650375630
8540835999 9738344203 1879253515 1098838338 5390032909
6587405487 3988529729 6837997229 3660129231 2307160205
5097339309 3605034590 3955144350 5307799861 6792471614
4327074762 4508513019 7897386992 7099332578 9524645547
5067636682 6464527152 5522543338 8053548362 7391626239
2529667664 5875489467 3447577273 3560138382 7372900539
3896656592 2305985710 4848277439 8049720583 8211155382
0098920966 1369468931 7719911147 4717037337 4826981059
