263043302658958170800451278873115935587747217256494700051636672577153920984095
032745112153687300912199629522765913163709396860727134269262315475330437993316
581107369643142171979434056391551210810813626268885697480680601169189417502722
987415869917914534994624441940121978586013736608286907223651477139126874209665
137875620591854328888341742920901563133283193575622089713765630978501563154982
456445865424792935722828750608481453351352181729587932991171003247622205219464
510536245051298843087134443950724426735146286179918323364598369637632722575691
597239543830520866474742381511079273494836952396479268993698324917999502789500
060459661313463363024949951480805329017902975182515875049007435187983511836032
722772601717404535571658855578297291061958193517105548257930709100576358699019
297217995168731175563144485648100220014254540554292734588371160209947945720823
780436871894480563689182580244499631878342027491015335791072733625328906933474
123802222011626277119308544850295419132004009998655666517756640953656197897818
380451030356510131589458902871861086905893947136801484570018366495647203294334
374298946427412551435905843484091954870152361403173913903616440198455051049121
169792001201999605069949664030350863692903941007019450532016234872763232732449
439630480890554251379723314751852070910250636859816795304818100739424531700238
804759834323450414258431406361272109602282423378228090279765960777108493915174
887316877713522390091171173509186006546200990249758527792542781659703834950580
106261553336910937846597710529750223173074121778344189411845965861029801877874
274456386696612772450384586052641510304089825777754474115332076407588167751497
553804711629667771005876646159549677692705496239398570925507027406997814084312
496536307186653371806058742242598165307052573834541577054292162998114917508611
311765773172095615656478695474489271320608063545779462414531066983742113798168
963823533304477883169339728728918103664083269856988254438516675862289930696434
684897514840879039647604203610206021717394470263487633654393195229077383616738
981178124248365578105034169451563626043003665743108476654877780128577923645418
522447236171374229255841593135612866371670328072171553392646325730673063910854
108868085742838588280602303341408550390973538726134511962926415995212789311354
431460152730902553827104325966226743903745563612286139078319433570590038148700
898661315398195857442330441970856696722293142730741384882788975588860799738704
470203166834856941990965480298249319817657926829855629723010682777235162740783
807431877827318211919695280051608791572128826337968231272562870001500182929757
729993579094919640763442861575713544427898383040454702710194580042582021202344
580630345033658147218549203679989972935353919681213319516537974539911149424445
183033858841290401817818821376006659284941367754317451605409387110368715211640
405821934471204482775960541694864539878326269548013915019038995931306703186616
706637196402569286713887146631189192685682691995276457997718278759460961617218
868109454651578869122410609814197268619255478789926315359472922825080542516906
814010781796021885330762305563816316401922454503257656739259976517530801427160
714308718862859836037465057134204670083432754230277047793311183666903232885306
873879907135900740304907459889513647687608678443238248218930617570319563803230
819719363567274196438726258706154330729637038127515170406005057594882723856345
156390526577104264594760405569509598408889037620799566388017861855915944111725
092313279771138032943765475090165169496509916073833937715833230245701948347400
070437618671998483401631826008462619656284649118225688857521346375490254180833
821383522245258726789379505375915603579454698509102256225455003017571049469833
483545323835260787092219304581782306012370753280678368541306584636788866433486
249368010198782799630670259543265137806007386392908564830874157618741897345848
450141889765293411013722158643559915527113623322003526677859159890231446163321
026519665907632061524383747619049531582968836265042094840105654589130629827717
249809641959472340465110419821347689354018038256954956286039244264159867485982
280060353862839166201252826607493306196584965199979419393226017235710733642537
083033011433624985753635970424446475998999950855041354977558585934576590926533
307252775416758431466936767806170350120038448748838233760344077515947781221883
070900087386627362091660799050226989270321899760379509890591085910392967345614
610700304581921273892599269610621167643642438350141020408632149917815297968152
237983224273753657008553469979655413859050326836160222788475547062698439108852
103020768604706804556846560491686498860616222952323907098092629302337956482179
981632645827888877674520846371971063478923106675469355047615197781699025881840
407927510901824482787052505976983753514306224450902202382439823125505841623207
188319300693606464682096595006549290109716186526367216107417136183776673327975
626854801245657682790317603946555394523143387567730349791578588591011663748455
675847952713918608782540104233329857442747118969610485126401975043599092076621
558998660736837623188358845081292950114665354828171448464056865246540907815471
619625784469575262569455165601519164029217988548909373280314651922247590030965
715490505361043776868772619159528449204647868973473708598413845131621192972012
634240773694545981865029659233534512568454974541129819735876670728601616056204
230636066130281496773445797737750557564665475256322648177116997857087122831543
104569123262503497681152452174497396136748822046480519688754341969511933120450
216051429384844754523821270143830957855813619678302310685080845876952059053294
683384904712099162556365034003439670828933698367423001575117385151269123066172
276414421607512917341874714315093241924914160969998672815823859257359823894849
274919646152272273338746312138436262116379467062032630225055489580573083750461
299231136299173069489407342588319483999274163950984439634057635284717562762192
786522539608720131080486406534396168875452534263098969517619019770963192258709
342165955974471750157538376741522280570650280683143356524917199733358403064153
550759115974264366482846628136802174505909705894602744292632222215459450758046
571206068639904308236939693208237490767561190171561305424813311715242568478463
363770015204417916501168232575236160495749706390822443444510351219048819830276
001766809850965245439007199098034993026860675523879685292194732393352370086650
221407464554037222343481675749373144640928379006539196774010355861936181566836
616864892395554961452826472894994160615803045867891461971728155451100056660542
499691974102798740593276434953714525167694620698597880946950174730228414275718
871940921209137994059430370504364838600434645227993302923901865922689874992113
256560557840142335426058951056203690720289393159204404768359276364799600596404
860761989159298194950878786027663459905404263770045900803279434720629825445256
356479542992488198646136171314485773469953475577155491384239289401754034139973
846169481293479242234609743019627523013828607224496380953838401526567819764507
588547855155492345234781646033062938842009950803260140918302574385770671025227
243666905988908545015570754230316665924723528924702588624794887546252765727285
151112878270673454310244515233456542284311039679528296250193698939983473961763
988095735415260145372964681473821843600521099472119416591494716705203792255209
633645848468041447780302164728623999264048363508773747824501638200895240322534
379925790129265640155537754091751704419627285039126695956664877242967660367303
453668734049079141886945214715827908157233969124039985869390855173079801955546
128513408912061084012213617070570430060569246855916468834773320856891412679428
448041384682813256929148160109786272696866867373917118931462269134894580427789
899608144709524762905019260311649206867743318661546966896601822663578788750608
856243562678932797354633904182108774638039216244772025672699596391824687788455
497179038515839204748319903127622437066235092518775434140107112335865907748122
063763459019884225472727655290504399502524440391136582670813300580588209460310
208261341369127572936992893029961730892843670315238589753987388936807441526373
794240506448764171768613552343269865728970463069180174277972173889859443284852
057257588337563820150546720651674252681894851673328046307647813293132602893229
366045210213189812987661526244487486693890406178469916665417485084597970146178
215845014919572109825089234517474512254327386819725864944588083771398685065984
085457731654169174067052111949166286337732263753475666370022120327524389997736
006074042702972203634778048298834855189525079474605519940340110771169725644261
005092059843362535847069597185762616776630211747878341975644501838041029203240
408826617344339090263522350506828582854432839618480925376130820115626869907999
117084755586982150310073563240421988569584200682439926953784403202222374628147
659230605547476936830576549677690471159625502474507809624837449908025613750915
622359081010534493941774294277091445166668700415228544638076615351141556487854
936011387473103828773313388391709646174829063156788065182761765798535021665998
607464012674884121130098549938337106031962506702797524310119377335548537011694
674858888363080333287739571656275340367272180705622562326374148833499289970258
977299224036941750743427314194157432466794578586039894075097356363688815672159
676354380665593938934382075984061216064317664421902677773799145579945031468708
716266226524133590569928494006372744908821635242948022566330458553636337251762
049074624062938962390622030424872688432377631733574205753997574373508409657792
180880089420590662572782307692788656445563758012667280952527379828030076636976
928164844651277473822397061738567507146692748220374881122563994075227626464994
658463674019559973702838393119884822335539964978333165008467491254522956512409
390963784095416901234675375280139080830863022653352387069273071984654649454979
101134287154636695543437462154391886526085366974366530588562164411648068912837
357794341530609478457270987037976921346205969538843826760827659181773627669918
727803754219954172428335791064520613736884708545165822193158645377018313401818
827251099922917614711860529176551422881123566217241692680620648845317615164272
953585798375412375876100415475805595730122459276711895277333823356043374201321
392804317053379463646428351993014576706491847707768959885421647973371769625943
938648074893633201098893643528324494132569317438323509258286421276209473432879
984387198291625035886368857440896091619767553023636147840186271827708891360398
933077293060296717760258418030133475474406093218222662077059842476082637941388
598601935208959821941885723823714271930349354518240112671046073097412681279072
726438685681544729144826761389945092064098792647692574698812334642995267308237
405720406143748700867048612599590178424976845844736824827947824753176338174814
799571031203396345226743415123722322454626546328353564246627786460839872179127
843089641636422237152822199860850600158245169478318926060165827491142774933502
865503727691068107557826463340399219222602208590967841860013859653877265826244
657597694069240541804444738471607901449743018055889337623761296918229234768453
759556468421122698731637506249971182291485689604472527760093934343558339195165
132985623645893149101860849683480338090932736261062054795970421298669883573560
404347128399801249802209466851093490407878450102117684276345079137687609746900
665759683043519266676563960922648845670212850744821184836102907689196493402300
641753173483914758916672023069245347107627719792524997328576890388680141780313
799483651089527220946591304506656658258539174690486872649902546765966599164547
365134259755577397348506528439977384490513905829430130008366961455669748537793
407881277215791487210719258869089277878732982982214574233273265987982756950898
845306240223036486347722967056524127035887830281940074980575439016285786745531
327197652607107643153112391526077219362144346096089758726934223674331613718574
577608117751518069662104795585140130069701845007026290479492570837120175279378
554957627391245587148332010170361840521636818017341425089806160634676330850504
184585816629334093479199103685913053789482158651701181210113330006695775232786
685518078256752836149494920745837336845813691407977595925267273966423478746614
399819648081036705066005238269165055144634711116867428177319502560642951637959
659475644987891461446925936629309364804816174059808214254340525211371332408113
913579971622858101419103410460569290782498956214560041045692221416830893236662
517618696271719453854998551484275173369241202680159928083201458300754484742331
264387808478085056104304909999364345905195187494843696772757473359670883349609
157447435750398602016397666114276536952670441155200193914842934601015129531174
458876483070371677396154265591399083037577663021309908712719887069032930470124
105861506399852998141757804303480803588203202011047607004755710169423412034108
915643947825303164593730437558194686752534953230130276782353560116641311177996
099793662043449569683547930754311327558643189731515171064432189249793277801264
964764475467078165807406131259375271847408816115479818307816751047809291413954
564631160581269051753953556915775580410671981231638405277556052272223764711883
233223099585068971018717504781906533494858423259762256575841898529144717833517
322602985786292943465056366932162627673816245957417932698892327220666636081992
490988831468529940991386734446049670842442978243630232938910355965601739942201
988690257245471401633009612146187208365108688185334060622017099515827070442337
042180176696349133695996064322005328873494893135966030424380804565944743335678
31672703729636367594216999379522

-----------------------------------------------------------------------------

The Golomb constant.

0.624329988543550870992936383100837244179642620180529286

-----------------------------------------------------------------------------

1.782213978191369111774413452972549340791731909773239381024959956
8851541287637840802431676635782553089344691654390590242832007237
1609466241224698183193304440691580844300831623521485059225129118
5032205757091260620528266462450802768645378426168771943578383034
5978943604654179333058167030255047978147740633984429355512597392
7131851484715199464267093555750824146784832149267419783105716722
8768468972668325299481120507392284163942673878597000697791104289
8487803162999699269304351197324998710178766727173045863648514760
4701659316888114930720650660711405336160026631760170680854538265
9150318190903060193515801842051584567626640372089564659879643577
2488389325434670915813658089829180199037286782797617046758172337
5507340757273943007007796125518210897841661588530594349694531781
6864584734664771038367942228085531134516968772013659085159554971
0033709286835312292255286502952743356554669481909219776476206717
6817891575544489011908491514331205109901351470453441453432787641
6367319236317348475787753626711408551283923240403824950905050799

Grothendieck's majorant.

Pi/(2*log(1+sqrt(2)));


-----------------------------------------------------------------------------

1/W(1), the inverse of the omega number : W(1).

1.763222834351896710225201776951707080436017986667473634570456905
5472758471869957367890838910506811055619330020274054680467376400
2401379520573801043392673302307036497529675447164274374303901741
6565384005522095243453556698266942639558302053548854145913508208
3104393643656736618587043331573171809287097789810954168363751211
5774719105876483128311371433944522684813012018209804037944042568
7558913817470781415827410676176997180106117658115344871122490403
8394819485117511829843123792540192533487442618499553352029977896
7912880511965457695181197786947920843282297623994619882094844581
4099680627550392429004489387836181076871507788319467266809965539
2277112528255933430969581697789255189648432700787154001865296672
8398733904857956041043333256191892446199131893146501992769492797
0415858853237673525171809006097427444281054965744837481066511899
5095678265475563359222255403243408821197885652730518924925961740
4375740897180239698196120787218493119629216937297365667602427646
8323643137024181077777851246850400311319023111832315787739592779

-----------------------------------------------------------------------------

Khinchin constant to 1024 digits.

2.685452001065306445309714835481795693820382293994462953051152345
5572188595371520028011411749318476979951534659052880900828976777
1641096305179253348325966838185231542133211949962603932852204481
9409618068664166428930847788062036073705350103367263357728904990
4270702723451702625237023545810686318501032374655803775026442524
8528694682341899491573066189872079941372355000579357366989339508
7902124464207528974145914769301844905060179349938522547040420337
7985639831015709022233910000220772509651332460444439191691460859
6823482128324622829271012690697418234847767545734898625420339266
2351862086778136650969658314699527183744805401219536666604964826
9890827548115254721177330319675947383719393578106059230401890711
3496246737068412217946810740608918276695667117166837405904739368
8095345048999704717639045134323237715103219651503824698888324870
9353994696082647818120566349467125784366645797409778483662049777
7486827656970871631929385128993141995186116737926546205635059513
8571376169712687229980532767327871051376395637190231452890030581

-----------------------------------------------------------------------------

Landau-Ramanujan constant calculated by Philippe Flajolet INRIA Paris
and Paul Zimmermann

.76422365358922066299069873125009232811679054139340951472168667374961464165873
285883840150501313123372193726912079259263418742064678084323063315434629380531
605171169636177508819961243824994277683469051623513921871962056905329564467041
917634977065956990571293866028938589982961051662960890991779298360729736972006
403169851286365173473921065768550978681981674707359066921830288751501689624646
710918081710618090086517493799082420450570666204898612757713333895484325083035
682950407721597524121430942470953115765559404064229125772724071563491218723272
555640889999512705135849728552347645942418505999635800934732669411548076911671
455813028066898593167493626295259560163215843892463887558347193993864581698751
045893518777945872755226448709943505595943671299977780669880564555921300690852
242867691102264527531455816088116296997029876937094388422089495290791626363527
791432286156863284215944899347183748322904155863814951281527102068249218645827
978145098870379211809629840943604891233924014852514327407923660178532707078811
584944045092539519718157085780907690772192962552262890529967200510669638584207
655081660527132551761150093619010182152039541621744474356571314026496051480322
439134457528009739604967190734667398621127034770623094786463721777245551191609
693349580116501538146897732947400254272699518373881294004390465050310091210361
980535760952228835847669743267507757379848939356645406017251962513826671863828
822629657399438626453078913514555113206475947913245582423662405126070382560901
984614575152951511943211356814416716008974384391847402590826495013602834007260
634108659796382596784136373377680857831279147106417370573337040146024737648200
768231118490558678994106995743922457089666910491534089500139419890965785853368
531985664042350494746329804481593573838687414276915611134778612290893976432134
279879206472381493290546264824907766030881348705331723336407298994245656611424
036824812873959790915799781062723446426357233234127834780836022424212901203199
698485951429216878840715626887034517436895639117072657935407050794141100343395
582796409783891583020407548189623248280478295465239223872194333981851251004747
915658247782096645428132405620504841629632689157664149594957463505689486587289
243413739100608393347108455293656982935338521814358746992934863313565820307192
052961665775757266627408455837127946799180904710259452519968016372631267038023
447298309515688684101430849594108797807013561524049847909714362331059569179431
431691402111049142985963053516771600084867260895318575293282183754558954666446
191468252314874744996401074402664686009572448671687582605311706563448494800841
013235616345298355661883397936163440983329415351662473668696589017509927510426
179402465228834883071274736258665127650610546028964911287287862738263596129333
646532191462193644375375986052224103348422135461338128126772131245890101073371
833507228401529641174179963903413664423919027895258486882959689695414733771140
886608735962775876801352400029217923528552903064508042269791458998101532140852
906522851155926562268843097382297291671643980514954868377297117263777565889196
871160509021211371651902341089659293730249465771175004282806372542711805610086
582199353671242849838516132864990427711284071698787833006397284922820344349455
347600218003759357103205064406756731817833717035278315824041187154686581171864
952708996224348497793884832819497863569163437333174207210017054301866996336546
345356688803248528083754492545177937909480719571292537184111634137303745351158
808536058387947244006076177381212102789234193301297654667548505996663777643498
372821340898092902889278088428356657996352849776141925529724571724867587136418
201398244839217272327643398650709245008820337499415470402244860516920495403808
927989711051717768667304408545186666225235192118021635892919167850976801426649
352465241315279351720847405377357578042399840807239581517870192914436593403426
041472365945332028684204462087017959678507105044335899885299980564606846787225
732214957985497309246622145607355305369122171822980735330797038775292460178947
026111522360709501432667888113281990837513268845551510892190791002610859910028
841896531906865518597376800549155279239015601038178005539072818968126480022740
306581014459893635059496241529118447243731448964790876170326036539290133430684
781818206966837601732903016602762498422827578841548456314713744987325573405808
059688168787542109613848415947550297583968310995807378723577778742169704341423
897424468452868147350993296144684543688264968869192161649670355650366847261236
344317060911028964507813116327249011793664610722979820574075779145800908301060
913216200897249373201032777744785128764388089981656932715040612090221827393598
823187046383122896921216104846546948319792790320515076726732119163218284371172
036046713301772401534216569368578887782115998981797541546286000230716000159982
248277212628384883047943066328546836223944311977655842794918993522521563237555
650145286211059365868171399984063710196404159462648235183782162356589166387664
599049458627927377620486160161495004228978098646407047162007645445619312738742
470000474

-----------------------------------------------------------------------------

The Lehmer constant to 1000 digits.

.59263271820163619710407860499570146908427540719716107109956260815824735236416
000851066478429710125705118718346542386963492602972067606827856079871979437487
251403403000583692486915538640614660348566823412154845636446642830937804980068
991183184965696172012113759470623436986514577152028677342172295805168234444776
889445080541632061558512323623064379170223520781603669639276342712524885456742
628397234194861141555441118656607347923877980434663425531692753922997364863485
871218333767125332765552976528666126066185788713622949403089031984313907958405
478989509947007489250053656329690017664408563598385209478301821868952137848984
967705787356537385497593520672298603936207528576177510978795686629351912784453
933568454874614667993688671835743937379165908437616570415794750776200309560115
740427603024939939214964193674171720654296953903175526951535843439567271915190
168880981717597249067581873559990538542690575895690162307174847972701860908496
99968957675960828498381969270404195036511309800972643309599823665

-----------------------------------------------------------------------------

Lemniscate constant or Gauss constant.

also known under this formula.

1/2*Pi^(3/2)/GAMMA(3/4)^2*2^(1/2);

also known under the same number divided by sqrt(2)--> 1.854...
see D.H. Lehmer The Lemniscate Constant : MTAC (or now MOC) vol 3. pp 550-551 (1948-49).
or Abramowitz and Stegun, Handbook of Mathematical Functions, p 658 formula 18.14.7
Dover Publication, New York 1964.


2.6220575542921198104648395898911194136827549514316231628168217038007905870704
142502302955329614290934461357526717832180556089569013939356947011194347752358
404226414971649069519368999799321460723831213908102062218974296008565545397723
05369549710288888325525


-----------------------------------------------------------------------------

The Lengyel constant.

1.09868580552518701

-----------------------------------------------------------------------------

The Levy constant.

3.275822918721811159787681882453843863608475525982374149405198924
1907232156449603551812775404791745294926985262434016333281898085
1150341709970823046646564670370807129022418613959423772012981792
