75768797097469756401124901857866988347112591840598664900357046159061397888108602
98923052201086274029891109136446643307596383302886400222207103532648985460402133
04532430276144471185090110133598782185183612596346880231342653696946787793465888
50704980271429843950557343558738263222171848700530070646650542653208432998442054
55979912083976405634633133607953840810056631279085339971661315607610041426432847
74233203441984703539636350081188633683928100881757927641657138536561648596836918
57747822929006735738420496570134571892894906856561714157237651376001470010244336
52968951602391735467223025770217647859897339051162863494539910196531909295790666
63191871876466896349139559056410827844113379799451889177296315448600691438924621
04841470797866167642332274686136936904348288578086572259864727367971258918095975
73594651686772868543822841289419077844321190168207331696433739877300460543701127
50558060885165162475875975173036391341606064007976352638109346740792685744349901
08853682520789550541214223480957047138025134018718267082767727895418878617435714
76650367209385784350943752457310434334676085181382123292025551766139903217067639
66110567767257309744768321144363973638230719117469231054559145541652019185908316
82206367695420846195281143631793779658587862877694008404763042887012746732421972
64714975080380439630119332020856028609213447128120662776935216125571194775950306
40475473813940785737548144284377682775939928497862576027770928304571923241645893
54973528538835104185362994220370893256784093612137684068425395116696698851186208
28899385607357084581225761457832331957858263895417440256481475411157947541365936
17599702012694142003724886797518926891395415973645102710519939021773450153065160
21937371946346897814087012811118173159458796634205890602387701992271790425205322
93813216770341486773882410742488601374446690697483110152945480632291904982924347
19719072561393093718722873546446811347547504221056697298684653776073433764535658
38519768819124403621176948744773656864426840067802130118569202161057650923891768
87266620563918793715385718435276740481586851700716574013687008741813042024924278
28362429964781765836491009784964651940957122802300022215583561969439090391093082
91020926320023396940482741304118242782119011073621206386432679470050894895007174
74636797840530577042433329543060702762739496188112252386560521483560324352741006
05121539423771049137929961207451362352801437643338876932229383324273966538233150
97058763829222068083032052486494771707538293303688497927729554162634135985299087
07440191316905264219504539305975547015976777164334098502273578965317879041308615
48580399784889886051951641178579316843923217814303065921203013738816438418784880
99387427193270074136905827594604097664861803527675994565084412079644387171836144
49222935890384207750240919038576933073803425236405261075819701121332182484055760
20984160526261273980822372894129843765908224672546739838367441199457071029691174
99683616541011465363495756311704901825491018044356047656522689594010720856323727
74930517565791053684080956911496673656396008209591194699656492665914682301411224
68148982521103437010803657990392520138335930569832549050321828126771513583804522
19816107429650294847982120243602769327345018842967701108419935417439780343427786
69407061013680245378084931144026332053591533969152033927985108211569632822727836
72892138825266256689899199267470943387898472815207674504851948951003408524924431
77570421865248493433061270457447910153031727983471890442712504662353492013952426
19354127663663552710246200409238364625770783700488615349968053725980152673395628
16695315438163249195281350672762934061875021171324340554954871077093778910182952
79482100993293665133369388570867065259954305385401548126648311298599865222949888
96979255144350108131730173921050496438545055758223966612852568979151270268236753
14483431804700604896726510112373650851014539576921207321342232767442670734213535
94823574583029166290456866706731306838558844296859062695429900252232867265073294
07961696870945608139050281991498898932906889439103587494816935564393474830372232
94112012900083614697160232420647386682412520016046589845567417231261390145993642
40450593275600287030491669350788324878690291546905107854565627033237260621054597
43725352766425913780881979142851617782801044511483120426752550907367072961075362
67209821530017246661713031228080939020356390515683493999871154840421931881986452
60333760244761384431883321870916807260529011457942385727418200086677978918260563
71698696208441242086566600877062772084647372490720764602265837773648970123299928
96503704580265990759811561212503747643542456057591699579037439666324583512763116
73696927412219966879123740733899503270115331567691023323264819043038527471160002
33883481740018882306790469294711056001075894221217120137596928437317930249144238
85049564334038642302374205457275577549752451903248624915647096842420327658483060
99017311933788435064612337066232692699290166676276795804984233058353155961056712
29500981542614306159291232306266657240729174587291098139566665607056493359748238
19177079106399575582682065937149486916646758501025814575392504815195100181981083
89213512612847109222254575957754009153913656260132108498040095395929149347939953
90113031815204894230150129865225048152146975377842275425485939879491567594316381
89756183258357737095404568321409715310993936870028353516089052769570833951597913
42589297483757205960594396174788405732121312956802895043111418567054386716124536
23166958463559089001312226322013136524398025145353428887092414011089976499383768
29252989447397765323776206766461162509277829830589680031833821598190948150991448
48649188121716228529802061501160831469781078749531398885112076311960643427520086
50241002319295088600250406067252864986093669892889872987181409609144268690752310
99373001807710099567310322771323365213268467270492521880074013710578579350693651
42217884996522151523509335852290779116365584801875268296778032259001900700476328
75228772311844740451900912735606020151109807581531269886277245312133419112918834
90207881174829946309783971937410946702814863646403104313374707189878282864262787
58501482847866949668588795294372697343352683081343306355229713080354670958479198
68752154757741793595307206340387899058187799729739830128930210835520484419385096
65025251959425452194417577726815019701015323860985777669113564372736110408191135
52641366783245329173183538988069499541278922053940042913161440617729753190433333
11647708462771957736993866206284004592511492497591016592963138593142837531143402
48726956395083770935057349089140827992013065920184224780850454648449446991547473
60896330826412191196820323884428012223841552189613241176130565127943048376899294
63740063011814251349371898575883512162947808314878329396084208884646323288687108
55407051308162131722070730385440546962861712027243535566427810410002370378476330
51559847594814666595448459906059518670651855987429395023749990458674682356814721
38030430054114032819456519406827764809008193520884526652971037497140508212308672
52711970626207776041206326242053360732544692179916915166569238931713594325286088
60588845278375338283201563215944198696983971675964138130754270994585339870299590
55209475050456070605110862206793327767831321054401437692357237766144951645431350
27366083101014321514292048492597098538721362227250001731987788335766514596094751
35609524054112022731219792287808190883843503704711830287403020426176070114563465
60854956948501333515379794400298720815602338426922608423025709309890696558680042
41618482638840247749590914592831780744713059527671356208583364782312279377216862
53751964621121152429764061193754226590859069987899220953192449518939116319390151
92661006281192917067158056376263718998727393327830481496725774808106841234524217
84927914212948936517890518675543898175975078863582369119487779324297201010017599
55383968423129035948348376209053012953281167778164115695228604063490856139206969
05999414070590640379544893226598593684530231095981974244223599395191081969024175
53456517736247327687639607518208487212678165970593222639860378354743071227574138
35795240213185539216277786948672522366447020217528267988378775116102679954384938
15321378904100602482414300034066657262015331839812637490049937111765873065729619
74792217951533050694872675456243278343445891361283018219364737549915442696430805
96078411297361793900730553870411068701510461661976980495022718552946901473206373
75404827924321119469527423113621287953452385462404666658359495213197490026724190
89644951782282767681737582300268217942297714914175474748198274013849786811784028
30812214128675582714482096524998660398165287654595429056618741446538978174431234
04080456532248581054811445557864478180770102722964001370350524634853512132007692
10190430309810443589841491094838873346315946046245588095230625581405353758528948
42690122910778168623711379617956835415309104442772433800627961322821880263865677
93045974656991927313714906794805430275027268005044394016362026583428504530301433
39385460724972494019279237288354444787182964404600553566862957218920318725116070
55249092361955730791958315832242224487768547287945094524715094631030601752737488
61018197052447328621885147633429636476589678891633629272951273437792221708764952
91670973422126399468223182771819002617279351631786851965734649983818692905315688
78144348914850595241436633387547276449565355587368079545129620382386626194423722
92340337139185244799446814814549546587779945038144299311690559408640854541333554
88468708230643622787860005389143321378205609349252536885318276289377449182232466
62431157691205353253649730898276625311395376091473337037207999954366888189657871
04914367801601935143183258074022507409773058155806392618635292446651427165695764
99682014026734239917589919978142153595332541295532754280315972736253474163159029
11206422255180156621051258476565254032380015810805258889939885301783620602210980
44671598719353962991500572823360300084532032883491522518929866629935546960155271
69821913290837408884243192583744025759723247308733310611283492860970773832840133
00248676439307157315439522180288976756359083265281984208457217295475540363022288
64154414481293810036886919165851360821803296592763590255937384187843871627895066
77543740516722809234722258175514203586446177213595013316568447576750790644476072
59088750393628123286467993139802192253114112907367560395161389322885043040981627
27257831143439915423955379058256519790936539205101606993773692351611276343873045
07541620619532698986431790404687202361264059008758320341599025712971929653920128
63820645189192039632897951762648556129866059619145484593649192727742082775868643
55512060528395388047435279395770056182649957630982168800500506690603239138135196
53609232704040271580049045827624018736009140754259456254963119707254943340000354
38413871161229434028649066528538333743184195459240041800162652435754903463292841
71171242392230568669616012930971019158215486666734165308853029076999260296895574
04410088600276537141489122440610112037994321058266331423171148197584511546922275
33915112598520468146979950217874930934566807750889300576019808878914831455493409
27689939294479519687783998851273860680053880477830256498902089158699046448690641
93005206140695984879541187081776488876669906136361568192331159677097600397163186
19785304920533380246476936949545416874171160995742023858989881135794278712283385
59378891276078076497206073026301990874232954228448564390974525711304634219784895
54720173705872527446318173453302398546605308918316567151947991804436768529240658
80212748675371438899799408155961738246189892164023068085591006628889606241247259
61816323707254586154829772515452261520259694434524881724420564106317444215486181
07957406390403328984759184862919280453810725499788266502632555474756104246743558
16974710127020331164209142117581407491173332038489443197688610183727787983809962
29443353211697640262626176147563470270277468115578553486111584474063528166751596
20310459196252041264674022404357052122017273711744370026677119351346111776539544
11464837727914505068139234330181900126164434553073421773948677439989423899128113
60111423714784475528090558028440529612544394855010595042118453295510212580706800
66526832411984279182862897584101967111102557719266578400644084019623900971893542
55289280491682849245747368003044212946657320097153680427759584854267920310354869
00655586775523298584649504406879362870181408156853729626281764215296947959952353
28000629379045747222165478421941340542202294253189556541176128520514839500476375
05443805045805047968939489141924685613523044506594346391145345765425600307762100
19063625099894992218013705863444190615420741773344146845873877476451521503839083
98932169294602483928585027720305554860719734309783017246521458930581852952175863
62297573905039486816275519075376071673973463919246987977850686492089445931378129
87722145765764332070599122466688292737314460019963555360080392382256323931546846
45163831758658198698022380318382442711996627121341731349000087760821154264286101
81094447030045036214201025792791086190888976893554930299493402316388504503984076
96411866040658688059581329898734483774595592950452961411304900192107233529137793
82371233042230430093817684852369290220217882713321278813266401696511632003727914
21772908108951815371297787319652257039982536015631120813503680935054850508085545
74974328559080973095453716761249216166012409642993030541680342447112015066115210
19824446676336459862925257376553601249083239451111805769770765542175386934022225
55314324585093561399934643882990825493402783037803538430848746114912024327345823
11616983170627753178382603620385850289618937532813596222519335492992695724358404
95158626355359495535785904675642790908631230559541396709800726143200594373519953
08900276879951098480248684324132282662911752843921708268436418392417527700082018
51345656680212480110995733952378552905582624454552242829740485670081378569874239
00041348446806247609106828508003404013995242394146895807264329479574608579321922
05222139120036799709681246321240428466192588314233035285825634529297065388937740
71681044370473732477747619768419775276655797739596536965787894503740689244264490
59867963219477690402526033266159080205328999916391051368439112576568102673355521
81875675162546343460580233712129743659400351545966486462530566775303790153504029
97234591797409010425461368404114102751874394987544840961991941865011923315888280
19897368676935916460783091056271178802161446727150672897594334991590692516299363
12857216062848980719305478849536450088522262683389387256320295639344015589259780
67632505850510351162101587153002596366724840306704962967890839119509524556699428
15114180730634799975263042726900030423019763021898136564599877991858933344418514
31408500901752658040546154084774918424098484416794973041723411799798314835449222
03647744101264056225996908819226929161591674727120492556982564992496637267444473
14074155156870821045249420735742699882216918073214294583770046149510026909541654
53356804460876328657527652613218760897092587128445469070915785148839136141018818
96006900239871387695064157517624368639693484658679535627192443682650692825257745
79417174478396454042399912192692420155314807445248900668110658013063569063084341
65047197637890464424727015783874306515976767995269482205403790747488918604041418
13648940043049103859991556125564090436767612820706484378662559921480421443900252
32411068779541171005155244662495910803408380516059452973015268259856699634039806
93182048490803985431631506694768383090348355654215212473190535518082694528733999
46520881163446948120884289110681315890015663250783061721759881625132578723177166
02430984116050401908809354381211195507084569417318644064420899284638441024428675
65272310656525510949260258442749640160307794626445236720235056536515959549679562
69262600317113431298568239790814574409549563199017178302040741908731392606495918
63249279480872073478024846659517872786302640708663265403454597079748103393476764
31903157295668503467629326055172296627188420452907289061838620549688794443996800
62172925779397729259590805280677477074750999073002139757237157378130163864497057
10153656929384503886972443529393284996656048153547603665527592422230803611570131
29398964279343482939165738221807325727473897271325135308788178312473644641705003
50434752232333724209215545976815681703079264107834098068299821119906298658029529
22645882221506072143587046562288824147294761112969152948970530344627657205957652
90924643114843521497089584004107515825572971494193267375790141929473566075616498
81650508634687703289460770164227741205822878523333739615859689912484188102959604
93768549438031226580333115688545333684692083966432106171989536407994068335548156
06284780352518644246449507336677632523772776267509941966578729484916564953567734
01397543956719665905371012141014544565708897320557725468477454114277929290473628
15905121721437870506506797010185405226901128771512091634750640137347603459352443
34219667227813450944195986605851191847521244525569877370807580699148483296684471
57495473125501035468047963751702539766980736762485342184889938837889101515308767
37721929514544234685447869497319476816804595627630759627728798108070633444746578
63757143639673261819513516396290553996230232848847524437371848154015247037541479
35159457218080223696931316419139037765245349529449240933759148239718840405107965
79445126349287139431940991108749714587170802617166981137203243600742678413680488
01851673591000492147627990217849980653955950990975898134095100420778011172722002
02596214331706487804340054023775707348971113163351905005981937344869600099384451
94226988273239094546221052599049543653008437191228764537627554524529006169475370
49083863906162514709428228952048067569935966223082276147426051860737051917961491
02991492331693178641226990397259831559452290102857799645735667479837633053060162
80421568831160887236344136188489617061232488591751573006035453221300940283434140
30952528004411975861502045475058523597264732602230697607503985941762487561551647
68153884436770888365653372571940989720715957315275225813828314479288770713601291
24691207710009637757539041437032845955629561256981271377450653286470354095652832
17709590312081857284748590728420400431275881158800692461768233796446336143770551
68969033630741680695102785730564804927770542270977550708534219306055304332909871
03263559141078918236818787328692460197028177450700089646686583742594438676668167
11851269461688479829172606737554649822035295537823577844721780873341365583140358
82531509285337228419056826445007297020372784224407090399717621088825835950051350
62825168172283695109153528972605952856842118845021435931191861424531050532647290
36843419642255721338844868992530754005671821913719397066206903161673559829810179
90727689711983355756936178887085273643360822755331810454689375274427032867573690
01709119414539811410345490014658631986546879764706229103663538928986053703722535
96691765165041884613085569987860236859003992332882883994022900169492454492791767
98856985368622561813780565162145785624760074446977752730485924101492677574308384
33223712474956928849921226263291182553553281315072918486660196209394879572403488
19160343169754435218260329528259686505391915757209414388577837633326549821803674
06260991251407212936535054449139313957042620457379322211651390647004989775759380
53906052081238121701376201084081744624271018925146106727017000767002025733374380
92949765551923235342237735037852474208612155104617295343083531561769157168553217
27526946882542879254866166846868910374508940389141240128562408060629878515704040
41135911426174151579336049971254193179949768648027634240270332501294060812793697
21882138344068776448546650950795450281146256203346406257733800340489953273736968
49526027150490163489218691990121172197992216804040366798966022288022444137502848
23210768117924066656944687510084269054340406633579209515594000359703366010284670
44385240937720413930723336102756354857486322524411327417363503430556910814968843
69489126725404439830839126770775825599039249730719217767724840170432169693209864
74705508548657493749106218945935011060415189955553405899463091975239230072182502
50546494946176150704476668820234887435251873089213662756162363175748307121891341
47769736670529685929309341850962199912344297399278399394490518412701273302936627
74120109843792688659865477046931779508336385192754801665681530823281537212844491
25110214015923272480502892979909845192848019670069074904710968269204181039841072
95833210506182068829750287353969555343654217198551011215993862468931197991420871
50771483678881201627192104254410144365196772283642167662814547278143618083926412
57750605078609791348209860705751434906873301958613891572265109841608809193422338
83067767760709526537951726685065503776054782292076694676556354638974765824654920
25986077927291164582670323078751942679356796889687525573546077892331770894957286
56878080868819555711243508924999675203803899053532883853118498183195184520821799
48242743229173070798651239177167448441525145729699168825088314658985073818798725
16618957923223440699450534071376214573583036890544565856767956125441111665350481
44298575517179850516300498439765909532048057422115047791139976308650191714293858
60781564110012682033753860694999245092521169748665812908119009316817219169806097
96445390279766202152364119515981941604726071135308418636506048739845059565490092
52932835102126356663208751395739096893671274654500547018323894300299949266368660
49274994554102627724449402830864092738415361003232582906675620391101454036593517
27318737317723397801238699013157057879701052723170823496226176355828694083918927
91490076793916528636418146626626131676062807757499445112493217822695394883228384
91782703823911374372102265938458803317782933117656578584017956327953652674011382
40621960668480768765703517576613158197006905847763395412420608803148553224301089
85863311798465232869906294478586803397186151404848732328294581954746501393914221
34940934817725848239461629204828258913063029670005961722268890796858908298451112
48329104105045945177801920471251404973434347692744649676141684232560711654858478
54581902003905396466751473080883487369697083624833875114616032780295059047260816
57955159353818360384370503784695271424374751300867719159637180192899472323493070
50997964807244099767989180298142872287610764787259377224649830916566288575490442
58678569818029088484787273544188714528687907281249709501407189603026485304366360
06034777494486533091806344906022256861070550972098591582596958391597299753794647
07275364108841321878689912077969572252418607601241956364139449642581818312994931
41779684677247768387430917434488035483752403465589007833365306193294333328914688
72728313367733916068245772322479006177139790614560216145908005047094744890250255
50831053510478876489556565408851498361835784650702604714385635970411021226235255
98028275201346112827213114825621421803126337397389278506287211624425864850143446
91004753475672334350006962947280428783582420731525680935467974573128576423439961
30326700028364789151945372532957829630927325314809676049336636937841842706516751
09314934232706191976388296730571463357944268221232362040957864575349217684823970
04031571589997288621552220636335362965889943315192344840206601474576995698951184
09617729417034933359001890112134054076499095709583575603739561371552553703862789
15504278046884362937249649878772450493639563270414761687213012664366779882148613
58979288452668557971715495838943852982874670906223290254955473229684629473731168
61989016523775827633475596656920402873999448046575982753502255858663558258438536
26766550312805459246364741627635359885089983834096177209446440915496244346731549
48042946030791788005452430959277187751231651719482368319132541727621478259796148
70630012620392010935191033547204298556150870209703977103918561401763005944786812
86505606465889894252808694377036369798575546045880512286316950031997145204168502
31294958525750871822121382161183560210886827415123792787619525625096306260365090
36590820859386949423323354860020945158947962476291260719286881981247439656664741
00287211371263753905360413209336380902142646483576225914364947693579090342068182
05179637625438863752589247788090181510133873264617912914003814855732544676775763
95983116657872934674990714160837513100612619175678497968791132555079180672063048
60705614040387455245376303756906617592628116676469836100491025072433846656918419
45095391079932610751769356005398037186366584931638392564039541592725602045818848
75207571082323647542038103089344061340052198090995035811843390499529209463812941
29479121584472240131640937203638199808588077283873511002422622946290314552373727
89726685373149902261187970338676883504404710270547629849496285451953114877489579
32589216819997425136856563594716293855810066710506365998750111340115999627748903
61505365611803287939011015520218742364572741054194761414941421372621858136335730
51999761233977499467769501645275284360506401294755965980485983475783090134969346
62444672217288585628017484364211622970624164461058660427949176320060333598411573
77228239005717931164639749816370234069490113263412635974204906924479222412566560
37883950487166126045622781811037979003736528001231986537573597169580957228394876
70501784990427729013528542364594002762780678773547699388963748136057426107527366
56496746069106318770673028144094212149246470289894998786088228192860368719565275
85992177902445323183366301890387444301543900226895927842068958810760117605077899
47712696591703370102965836919226549931351341675429553458141806086591381235070729
16111641988644147929764838963788050673571489498028008386403886038290387644310717
47503858650412136364383108044336242841333962315158358460534892204759625628081600
44939722395838863146756117051253637600940957757101940674075396722649646603145084
47738270904168041426058533747907627915466250057544645010904555637658527630418502
12917932763158027447465994233536436251193733718234039240743258578619934537178303
83246543967144445676268124551817715521249678719341140994738818655636969951391259
07075054694853464534753060521084966910628170830465199648400339139995661416203853
97347332998649722319363998321366071872427013584661390928765172973522820876219645
90241362643603179420772424979148895806889071331820389048340852821883446114014793
22087344785678869499535806377321454051703413556404979555180539921981815510900790
05507148728633418268812196082506091106750385227198130872031304291234666029786499
25415516172300604059087602266115005605880577190878890623119433303857898843035455
34237261385912382675265742177978658282911349220104773962399813424582311217474473
76619750746967286706666552433987375439532485864153656905222772122791830777776259
14449412590485077875167592382217194835568135861452183494221403849033124411529027
61165846651132223372061888817096471366618928774670523559071843116956865626221570
55605247829057993933620532349068829957082078752972343723300072846712055051909943
94538387942291692920625687003948184113822694034149294854439859964270070297412480
42115757347248743298636550834614220301442091867898432597725019083439785751689029
37844988466288780074571487805878703304047716576104120696567275594933265027544495
86110663301569299787129897483769279332110881392944565500362659291803130336864281
71938676498766061439209012084515954153120153265565940208209989275108830342697911
22324961202163463689718898581270001991183573098015307077050530030117079764007084
72888054780511259133321081254935129647700033235650496246618702547633249617661003
62443335770624887770039083668155343336168475798810866356157588868853838459736197
58342540745040095344096106216729578530900225608907842939359962554488886558366193
08276286559327823589025337821158988708041732924735015795094496538245100934488048
52682831620257897095482269079819454042275466464959986369470161850002276309173788
27647323796949222526218480162901555297505677665407920331572181913397793321824365
37095136213881050194890113172359084074279829990059082406049354104036541335745606
70704814538644140213981042865645666530739620603722522515867617539302461089489924
63856346063014969848368277519291365485432579594213538473490895055421517758458522
38170901133066382284456235972526296343285737030442986351112679429772711578545688
60646069564731966398703021737311114798273125602481556616545920851682680517072405
26176726316770905165307580625906599355903330116181733711815689449046958785391585
00646569209463849043809053216188782939564008272467178720038298927137020988426788
22197036699223021792833854140588549114780551799175952079740678692104387831398146
55885718407277401802558476021896518582359536617585026362023938167726943371798524
84283692110667479546693717417678034297426555447053778860724082091552522599451544
53797349733431927661505887006018385916878200589245291121466940635850982257466296
55640773763211724112495742103435279708615290752552660353556864184310878259796310
85951457938245316583795510398336033537992312762659374172584224366005084424155794
48807340826643357895364860954567123698081691795854152423689346339277953152973368
33219586704389201544019036457522773210024996442091188047560391261097688566692277
86561102542069262450211192344159035837126359804823671942219399179284763854704449
79503179792496752555460020415023752383569582224495854540213130886282387009403266
93086527295562536257263182017563298510549064452172046061308650993925484399866927
66838976994587651900891385878025989904722018200953647826189830472693210454491733
18733897573601122334635626409641931254286635248000790134407532245799578329042936
16527102650480373045147055754634129403634550941815376884919084206651716516583725
45498112511040968118519313099181709870219812506510969113630067688417502149152612
91854131902303902930479249650519647831804466326190676521898155166194510704759133
57618474023156310884124656924637934182532611514642406973611266541896286697384860
57124724094072579416073679310965905432570483687506918198162234445056487774117128
04315755609758960826675838284949060746123682833299225045918519471713692180638445
14024261416816270783835334751716950708878913376767574658145533064325731701005744
79044580465357731561374204144345579886613168559639134878945334931177677461196065
70055250887154322709597475023029165404644953930834853147682919454364936726363854
06720543245155475083771398499315499099022160177973964231286959133355502024097672
75071991912026762838064391930893732842601495330172307941312148001636670034643373
61872577448784876167614312125859124067686831862498245315838151891637911166729959
52257925904050624380348674879353639267478742682260575976111608006377272488440914
50679631743932052609874377257231517100035749152682843774448601826933232879520992
90220052928236580756544354730915042691839512668476382467037442648006202500865045
46002405436611570140662927815876993154205408601048439156583038303012868474197003
63391985931786187185662220409790856014900756057447078143224377543111473109986965
60746211441662790379416023272398359868603354420873543044093353839299347411135633
18835313547021017939150201013235850346376330923211677436854954949968566133808626
85740674825857119466683560488833667477492727702906533054747800796856880655669979
39683890373385624432838677441632233931529932925359527062655074674093464582647630
16830816008557447630700306109216994936284642265401165387004517649695378094708593
50180022713817986854607269725925500440390721905525340237447099133527268419175151
88775955219805868888961993537134370112813795949799413747147791428794930895205617
90008026154595496376958634084389411878498991376495991326871163121868157350988558
97474706211151019721374705809478858752407932737561168694722436206447941965826573
75140521712469233574173821225269153111508664809011362837758640405742234260056639
11226597713567178015673909549162913334116025141217021172176150491945387934807481
11099980837260678181347568910563750552843575928612497199249566398780432873338404
25758476809543272427238686996322551997741530304247322772780572047198629963641252
04078631064945012468968479279170402627021248169204008678367074085522108501315960
20062280752269502792210488407439498052377682772454064844891437979983617179420678
67397449435657932641623927033799450450425361845678212091447549615111264907706063
04315786474937732340858529398788036697871280858194779030790388607056662942395189
94539299796375877208557180113215722747268144893163146621765784066299915956535500
16468857565911968064394530477234669847941249876256460875501162606988086423260265
48442462371843625650499831059557459183111247167290208247637433239336011654657215
34087039653894092188939583098709618970385323530519019695681641699155524041136361
99867045354573525351674417314478884222557451082511123324931075235238338854375708
90015613372129743110322058837467647095340886188354780123185322404757704083738597
60002659857966586290193891309714405810088496736226692182261266992852683566464870
11960983820922717049748913665490067996175222774348922836905501900829298416359830
54843144284576026803630309933831226571674382312600904274727843473327055623476314
64087757883841234645202158764203346811705461279475459081532384858600046268634422
96617580433217036162707484939859097433838289905168256106775302944865283673531929
26366873723837147424028460905489022997774130148971394742074519542337710244004251
38961605608594585570414698098723214875826795074955611479105252778700541212567950
94431024228242898187720641834009613072112748433658796467389685195016948334146778
29120775497038168483817272037974394193682710478185469273693366631948970709226461
56643658547796475315644871044622733040333599098966023994487835302767349474742134
17568795624756483877289811282522808544557821734026418338676534190251527700555426
79401370442091169169022098763531597562943073825813084636141929352819847195126685
83585351791214693982331556371214390754582725183794203849759891513521068147968791
91410916674497694879125900333558538881062417772048585009390468702045487419639241
71608690147220395598448889536229749635464052275558589244211050506513852217697834
71962876701724375445541535242772230967635425019424303225839290532146777304320917
32584254976044865092398927806563403909472971304742914190190924094677282172287569
72503003687191090122896939582664063731983210534560764753073328048811998026755973
51824302022197078005252776231459532445617356002674915242471081986235387505510740
48384047919581156174209965206070069882289716938503987396459694687395432236258602
80262999624420515349256771034748796780148989565076121869188386750738688308560816
91035046136231226470438917076962290373734338627422044111859912940743796423219060
47139396957280665760924514680821044548697979852622096325869057977170061028520370
44973899126502720101372225745223240217156827874496990723822867862889088796072760
84957965497476791560027295142354479263656865263985906401034482062514604768449043
52081840118384209623354797166877316821380650794237276658033016912426510441776570
28103328817688945812202914096731618335410337747146789055914511675186030747930462
51070705739146517645933112603520783868587172311147056461271944699018898050257618
10461551221616827336174660611840253746785092808417976007248505324486757471742874
