4251087697614930028806824926170594041290808697054441234922379888
4427089726916409835535854804837478582876252691844500764338370387
6741884459420351700003732122230624193601340916574804354470221732
5993822298382263233915155285779861204684944725214872290148093612
0890454342092099519978162400515039051381538771475429139307394617
8045527838277727414847221513498826672911215448270452018633487650
0197461804182629653652880116815110575135087115230163029427488336
4626099362896606336377631721650883480193611175632669841114675716
4673788536609062436703325968873753578142654195992507552782054563
7159407017761632115357055923392379438429270901774392301637440604
1267849616074783099029968056083369047909232336111034927147379005
2538954916571473419972293167664630764119832764653881696204634629
7332994286181358520050377154266892424005731518557308952871781294

-----------------------------------------------------------------------------

log(10) the natural logarithm of 10 to 2000 digits.

2.3025850929940456840179914546843642076011014886287729760333279009675726096773
524802359972050895982983419677840422862486334095254650828067566662873690987816
894829072083255546808437998948262331985283935053089653777326288461633662222876
982198867465436674744042432743651550489343149393914796194044002221051017141748
003688084012647080685567743216228355220114804663715659121373450747856947683463
616792101806445070648000277502684916746550586856935673420670581136429224554405
758925724208241314695689016758940256776311356919292033376587141660230105703089
634572075440370847469940168269282808481184289314848524948644871927809676271275
775397027668605952496716674183485704422507197965004714951050492214776567636938
662976979522110718264549734772662425709429322582798502585509785265383207606726
317164309505995087807523710333101197857547331541421808427543863591778117054309
827482385045648019095610299291824318237525357709750539565187697510374970888692
180205189339507238539205144634197265287286965110862571492198849978748873771345
686209167058498078280597511938544450099781311469159346662410718466923101075984
383191912922307925037472986509290098803919417026544168163357275557031515961135
648465461908970428197633658369837163289821744073660091621778505417792763677311
450417821376601110107310423978325218948988175979217986663943195239368559164471
182467532456309125287783309636042629821530408745609277607266413547875766162629
265682987049579549139549180492090694385807900327630179415031178668620924085379
498612649334793548717374516758095370882810674524401058924449764796860751202757
241818749893959716431055188481952883307466993178146349300003212003277656541304
726218839705967944579434683432183953044148448037013057536742621536755798147704
580314136377932362915601281853364984669422614652064599420729171193706024449293
580370077189810973625332245483669885055282859661928050984471751985036666808749
704969822732202448233430971691111368135884186965493237149969419796878030088504
089796185987565798948364452120436982164152929878117

-----------------------------------------------------------------------------

The log10 of 2 to 2000 digits.

.30102999566398119521373889472449302676818988146210854131042746112710818927442
450948692725211818617204068447719143099537909476788113352350599969233370469557
506450296425419340266181973431160294350118390289817858261715443953186192904635
388469952023931084961246254040026331259462147884584731828267268398232619654279
350763131754835092713896494691778576891805079000759954808781545971458503196487
762612249229082911819095149899717161986047767650006782051791255732862866834200
040292050983708457222489549429756214970724465970861368960922190948276121439149
652823516782649231480402774624324416331153873825930388303938063321613023905188
058213191568546169290530150513192698537848841871832006575356946839297174213201
090589689085058562464098721839687664853985623516127730263892787826084983668103
030843141556081394361767454885666342453812373393242246959434906021204450429682
746068847854611568476841064379795004659699177456575408640184640794565295443410
774082939997454007372170168019488905548569106940037541168996341575929721806443
038102815203392388085633198685453987393548560657842896848982613944260846632782
952602876621276230434192202628912112083612600558368625489999909279487843197474
433888686291177131574131432228241690729958547252661570168378653248437724845014
942310709810575476442391111669469145546531582130875457148591552640646694593973
872746626264815563731353272693379596968024623637358037017027865278713823682667
495198288846233675574623064477933647769803714706831332588818731312138647402960
387841835706778409896729322309228363640902016770371618273369284540872180801447
717626255069534761608867969624937665753204434486879532892939253551114683172522
672690275744806780237681755348374057043821812232253331678962079755990322930597
596747208666484230417392379259986253497978309395579390585310379752521430687788
055906173448921911090260258267733075735592578884228777929210367534078634908553
047948919541274191849959984720028965124825229007476444632358842089065039549599
585584910351150484927218240498074544155997149894779

-----------------------------------------------------------------------------

log(2), natural logarithm of 2 to 2000 places.

.69314718055994530941723212145817656807550013436025525412068000949339362196969
471560586332699641868754200148102057068573368552023575813055703267075163507596
193072757082837143519030703862389167347112335011536449795523912047517268157493
206515552473413952588295045300709532636664265410423915781495204374043038550080
194417064167151864471283996817178454695702627163106454615025720740248163777338
963855069526066834113727387372292895649354702576265209885969320196505855476470
330679365443254763274495125040606943814710468994650622016772042452452961268794
654619316517468139267250410380254625965686914419287160829380317271436778265487
756648508567407764845146443994046142260319309673540257444607030809608504748663
852313818167675143866747664789088143714198549423151997354880375165861275352916
610007105355824987941472950929311389715599820565439287170007218085761025236889
213244971389320378439353088774825970171559107088236836275898425891853530243634
214367061189236789192372314672321720534016492568727477823445353476481149418642
386776774406069562657379600867076257199184734022651462837904883062033061144630
073719489002743643965002580936519443041191150608094879306786515887090060520346
842973619384128965255653968602219412292420757432175748909770675268711581705113
700915894266547859596489065305846025866838294002283300538207400567705304678700
184162404418833232798386349001563121889560650553151272199398332030751408426091
479001265168243443893572472788205486271552741877243002489794540196187233980860
831664811490930667519339312890431641370681397776498176974868903887789991296503
619270710889264105230924783917373501229842420499568935992206602204654941510613
918788574424557751020683703086661948089641218680779020818158858000168811597305
618667619918739520076671921459223672060253959543654165531129517598994005600036
651356756905124592682574394648316833262490180382424082423145230614096380570070
255138770268178516306902551370323405380214501901537402950994226299577964742713
815736380172987394070424217997226696297993931270694

-----------------------------------------------------------------------------

log(2) squared to 2000 digits.

.48045301391820142466710252632666497173055295159454558686686413362366538225983
447219994826344392699093271559766135889748125512841335826850317755529488084429
083918466479889640433525242367364365809288123088602963911280715303182661763796
098673082702453105925226656312820024956976451435307963064082905548298567572314
978510155867910849608390915193311084870624052845434182445492796725716952952577
112359657358801041335486474970435268692388583338828166487908857540975096649723
158050786731973450614471200509341451651211862109203508748202985578691271609236
429867173301844624563281759641081926635865778233923697428001426552796882397958
699081971291893820699930825839343233464154340966319873368980954169096883844669
475455105834078055480402621723577305762889765443344080058548975962214119995192
270879454946813913700234932649350986356999460108860298900645465619378210410794
978760457745388343582681206074499441569171338158390742524789445815173948614268
602975364968994533565229182173888716905266128207010601191677397255402480756248
841017533750114667793807441522051507737288756300106495195566095982819853197718
427233204358653582673030819925273550282782475835975021051202156925695807293114
719561323480377325289297137716733902980240850280661658200161208902474534456408
020708391564466394074251782258237392673066393349088630941472195142023389586745
687155804449158357836503410995389549790766768832250176230597517393677471159719
441479083953466637902057135006471738221771003656262750524725740125181133520413
927493114167990581194158219634131737550551497740716861951132459145167430824226
892920380483557544751404050461029915092336083146207824608201177405271530386414
047510596432138801973441847956220910403492441981420917492865466428695218727873
069462991782596535703111962746013890662738693072095637923459636963328544864722
713944629064010714484517585123118685587273025311551324838859175961721429578102
705178803700774249482144350081547902724003849735372234169034789932632165255953
580079452806705485149346920455794828652839542437604

-----------------------------------------------------------------------------

log(2*Pi) to 2000 places.

1.8378770664093454835606594728112352797227949472755668256343030809655313918545
207953894865972719083952440112932492686748927337257636815871443117518304453627
872071214850947173380927918119827616112603264697461892547492510365033899089548
201917187027839632231962611480106953907721299179844624279113855486999422005670
391966389850627885412925913729488231249524260974736305689987586887646607970258
953093145638634759757061713788462725643079461672052950585309829800787111999992
074126943705144047152430700687247592054316975009722719076849626583582485399922
753679280302789575459100202066417683936712388159514332525411750507649724518605
059042160990362403936104519600917610771497670658882278136156555534754445076266
765187901482804052386787426337408944137118915686982655208159082601536796094035
051774961877174911446465066877848938559655749937054225161751623317487505801769
689661835077881525919088198969357960783242618144657028735729075124759420708690
852634755752923440722283452753593767913238054014882609582282799976925761217812
723574091548090088859200013721780671774949241617759590438569372865738534554510
858290166156189544297285501617489057171251457966376452423264234211827830275279
345774101074566235939829931461103920384721043500747453198570298026622864955882
036406811561405812376973825437118859959735664628545106931132183001138639465392
306050795351816792533819663298534779884036037020478135606436496477299027604002
092012506123353425852902749694014191995559279413339875867033134479231884084453
309463607997148584790173555347026302571024022261206634314825908584287923797432
404825950473549492476599560915436415666900271726522243108707762907191899187406
281836671397296579799946974032226225842483012034488444326956286621496907231624
486368839777509650818360425810279746687118323736301682533727156029993798858368
398903598191817954714232819502479300845331670333100137070663902974828337021050
508970968577278481543549869408464596915721244519043263369140886159423909787913
265766212905488060203614413244662072164682621389882

-----------------------------------------------------------------------------

log(3), natural logarithm of 3 to 2000 places.

1.0986122886681096913952452369225257046474905578227494517346943336374942932186
089668736157548137320887879700290659578657423680042259305198210528018707672774
106031627691833813671793736988443609599037425703167959115211455919177506713470
549401667755802222031702529468975606901065215056428681380363173732985777823669
916547921318181490200301038236301222486527481982259910974524908964580534670088
459650857484441190188570876474948670796130858294116021661211840014098255143919
487688936798494302255731535329685345295251459213876494685932562794416556941578
272310355168866102118469890439943063138255285736466882824988136822800634143910
786893251456437510204451627561934973982116941585740535361758900975122233797736
969687754354795135712982177017581242122351405810163272465588937249564919185242
960796684234647069377237252655082032078333928055892853146873095132606458309184
397496822230325765467533311823019649275257599132217851353390237482964339502546
074245824934666866121881436526565429542767610505477795422933973323401173743193
974579847018559548494059478353943841010602930762292228131207489306344534025277
732685627148001681871547243978207187803444678021617815841904282007672124325573
801436417887682616104101681872424068790890992987420815218323752894275273253407
100283575069506240396546275224430846258845085978625308322477453888506800348832
434049008399005808094356528212237038870203680454860077621424408869725941358436
599922621173967080495095279271436315464044462308915818536711960837030485352090
967262958241504035599512135545033224174847410033198148783245256933470494993730
165633666099190395712282284488167431215062856999387403881901274483956479103477
288597211985064942279698579166995641855126504150219155471966585692972660652357
329373683002783092177660538703046200766158494670022601175679751800393479176327
784493514263496836003755785716070049818151918437343829093474666045775065927367
012111537058249647984793040420582396475385785096062609338991470612013024310826
051826295864007600305949432116688044610613468453398

-----------------------------------------------------------------------------

log(4)/log(3) to 1024 places.

1.2618595071429148741990542286855217085991712802637608557413098876773704027618
296101223453770989034911227080318766274303898468982938729508273723927866999000
719332811694866233549044312251923997037373455857086816990621624176838752185803
683719187644374061640579715851375818026262655154375649795097952287600939872473
230715403031591651644062384321705384972156977118844019083272884878941881844307
919345990258940632328035983263301113215653893982156786724339409664856033938681
661787242581989937448641376211170665290364479393502434022916027382720472752374
808965684893618694361814346465683854082033596995240401209016306158827847405499
261082972675109261175005020650983049155299442886378651470617671771509903573992
209277680173191791043413795237434922731457393130552595836144508236780593504772
405451361420889870883520714648836891577020310086195388598795555979960374899465
159159118712371167108503708699743976431753685554512678490816826280850570570090
294634207695926608500623581465176344913641844063185272050909348889287724579617
19746496097

-----------------------------------------------------------------------------

-log(gamma) to 1024 digits.

0.5495393129816448223376617688029077883306989812630647910901513045
7663142005575304756261898911276140684146692757919040495526318590
5450417734549848078207129395256287725094703876281688270975610026
1156408875886889419139970426537839323510832374953687141792987794
3000698803152906006836392355186819384773558380559416839086586250
2841553060753907344342607909650625913030645934230065412361060041
1186074892174667506461526100843421125988247546108823882428539431
6454281589506290937285564063171286057328260161429150263449874790
9691567676023896506619892254286017265556137668232879979106763396
2776903826327089219839457230041344361865407953362338720245711646
0691442538786831806598144179106273232873298589435840446451356990
6835067495862965072477055694509983292056288856482328938870143806
4548296318506275719460957159631960983323959080438147279242020449
5163099676146527251947570818748536000180541287063016105886560109
7015592439767669989094255929681870729160076789008393992781794303
4763903514203857308736435378434747170357841069573597602072345417


-----------------------------------------------------------------------------

The log of the log of 2 to 2000 digits, absolute value.

.36651292058166432701243915823266946945426344783710526305367771367056161531935
273854945582285669890835830252304536483476556634251719406466348146550305627921
387302556189226997176722860418008326130199421895328554633938904615831328063710
408093693844171143967478468991705264226741840273910350046311904221893236804840
957722768754358035596648711491884558132023331639659768082499364529335846684623
574263437565253698610956952159177357201065013422224499941535070781422978330296
377743119702939743503626331562446876550886089941354907099089430394945825668449
468115227170631943254890446975649362234698192704667228041009029618868802182017
491019923610554905353248775853399980970743779162782181934419963190210504293301
242415059279268097540561402920991761582248023420901884127368122693212840349330
525077289091675757913935886266719087864681159566395944299795802063954813959230
279378674693155920271933093224151240077317162470589936907038275335137392318007
010419557221304563325866289473260701848823391100394107328066534014994695730210
827482741897152875253930306881389072913952011284420830343238504866857365878601
190465284347941981959538527516075714884787745270712517536149184711555374580933
501476344855689822357324218830557986891108083551035175426573698361264322026343
115299594227880362178756321039238401475311641419391888550299063392194019786380
699715464067242520949120024266549954436249466858160040981594217436885386512021
604072269424181483000915687305164387694737281901935916941408480035782907353488
307611185501000617441320718653608681267977410426445808179494847004384504009330
405535140614775145038048303614763630318479359673814223230902118107800177274264
210818656122969187369118689382050536042394269815560177525349171142132855949034
100553883795898327918010260094014333325283859699408123711860074284226847041345
049345789235874120085949073626871893573109110848363179526917077695085066923713
696243058862086805613028965326048016127350910020944965629549560018447387238456
668466998830683373478492430931052375224007892721665



-----------------------------------------------------------------------------

                                             1/2
                               ln(1/2 + 1/2 5   )
and here is 2000 digits of it

.48121182505960344749775891342436842313518433438566051966101816884016386760822
177441200942912272347499723183995829365641127256832372673762275305924186440975
418241700721183715022382393746918727524327919301879707900356172679694454575230
534543418876528553256490207399693496618755630102123996367930820635997798850998
015682579785264932866665111624171380827259278847902609653311324722751493140649
850889321763660025666619532106796817576618473073515986039848457545412056323413
570047800639487224315261789680045093639052503490478543352197865370437193903357
677241670370417641767978031965232099656758795421613175997885741759883069252399
717590046453960557551254692968807903367049621356294492555120383931774697654826
977541909002148287591795010410315009172040285181976301883343507599305507581267
421313032934991077388766751780351352387576508756665097521115192509805325161772
335414969051191031376000829815753239644609931361117839554965237333780624451158
972538538125625324467105392756233692811966537796197589176667110958463736359845
597437135943592053489075726261345821454327659167799080629243972731468565536314
092311391895063108539696637577527511079577705177124842749437409823450126791364
958219681888381115601710967123335538333939270275009967204943917336889395799674
130763597728326095101756364120387680017229574545727080162869726194293372934966
548187257084227073667108151143278740184115332931445134747747519570047997464676
573641483610494903280902249776225702986230973608580845275935793406227236160751
971088461984502310559538051316421863947239859494645234070234046955383565216388
882407729962183950603296536936010628310600983980249842603128194607404195468678
698754289980250108751726295370872829184831419012990151954975813462049581615570
765362754084555825696012212173496741080404051978451915071512814910182254675129
624858581222722255988561112107929352729069072128826890998825768857977503070665
560540491091499109395002416249253602970873298576618011862110489015088164984777
470696739474116453343444463404706900064984082377102

-----------------------------------------------------------------------------

log(Pi) natural logarithm of Pi to 2000 places.

1.1447298858494001741434273513530587116472948129153115715136230714721377698848
260797836232702754897077020098122286979891590482055279234565872790810788102868
252763939142663459029024847733588699377892031196308247567940119160282172273798
881265631780498236973133106950036000644054872638802232700964335049595118150662
372524683433912698965797514047770385779953998258425660228485014813621791592525
056707638686028076345688975051233436078143991414426429596712897781136526452345
041059007160818570824981188183186897672845928110257656875172422338337189273043
288217348651042761532375161028392221340143696717585616442473718780506046692056
283377310133621627451589875201512996545465739691528252391695852453793594601400
379956519666036538000112659858500129765699060744667455472671045084950668558743
390774251341592412652317771784917799588095767880510296444750901508911403278080
768337337938949488075152890091875363766086707435833345108139232535574067684327
431198049633999761803046221286361595859836404758009861799938264629277646275948
484896414107483132593462053635073046055030768215494444154778884559535228440047
850918217255915179900785243523837112867132342905566964492585582623118824223244
661476739136153339414264534600881979155478967757529878307593230499751706785370
666315222134751026417324918906534257373051835228316776877311442944368108997522
287634554909933469253981028398378467695079971965163008386496663274223886761392
944112379606529081463545502415193643368404005225615575618053680459613160686367
226297126848055518038239624057983138433955882483556816617339018195508924667782
042898879384623081953507082523699065543916029676565349509487102686726405036344
889957813954840804697878603723560031033518890166410542245140400821480026071893
924502077785635698810693233664357379481092927781936265980614204270094398298364
733767922501305495445975380037647617519082652294857728828349379913418698964043
483457091550460629912859614271432256377699794328889523074041463529466113313641
884192574888189320796571991444939402534883228262813

-----------------------------------------------------------------------------

The Madelung constant  (in absolute value).

(for the NaCl)

References :

Richard E. Crandall, Topics in Advanced Scientific Computation,
Springer , Telos books, 1996. pages 73-79.

Andre Hautot, New applications of Poisson's summation formula, J of Phys, A
vol. 8 #6, 1975 pp 853-862.

David H. Bailey, personal communication,


1.7475645946331821906362120355443974034851614366247417581528
253507650406235327611798907583626946078899308325815387537105932820299441838280
130369330021565993632823766071722975686592380371672038104106034214556064382777
786832173132243697558773426250474787821285086056791668167573992447684129703678
251857628109371313372076707193197424971581157230969923096692739496577811072226
715205474090115068915716583082820050184892117803134673122964985828828184357133
159143170054956325334887536302670425627486948438002800259270026847557436497550
492246136239920400157506303972146648111512373640102950660119390467194373312530
445102911514639759331918047977946099333746429426562908969344779296885419044079
142558327219971840906746802376153893544565503602730285440849344302806267044182
412004397418676617724475639534442306853849527943580751895490309305073843954464
206438717926390780392074428209795791773699230408221437464566804310569266319755
045922443248074894080624749361070936309149224368986933140903796823240790046284
