13247048424481927056914136660182541800754175084374679354655008771805404488312880
89354269146669914123814387600406304885488276527898867137378638381747303165145064
84374029869762122679329013983766967379297152221353072697722169229746601561830372
94162150663106752770707147878255564329444925376413432538263612076597832193947298
09234301917059879821106813715465121263131588587097487745365381293920333826576645
29664102905734782383453930669159363851057048389814975036830640888761464866399838
24238330619409352074996183764376290573047088160867684970126300665609360855949327
49788806957492151708405478382666034251827967175183287365436861675302016038168876
05865961061349633175759149825556224957021928402298094537165323940866397615323148
70831190270884096023497660046239636440245347891613438156160159560866004092000847
71899345661161271317757593262061460377436227241378239453731821944220949228930790
91590229155390639122876975848458405895170676899694073154503493373504986893080485
76740167724600981370886142394880550009145382357338784968162095048981337960905360
69157406468595912977970295349221526258338001751079832415980781076572242808677368
75781611465911740539664251369880313066996497907921690067618237358382577830856507
25630137651715715091532477584754782182248634306840864765820360144834084294941269
68069108435815981906296485830198525438491627045870889843558606463305806459141770
04308903530283588534160087945663686104930700635392636566961255028883040770466101
18281954667897957454886031095532956673614681923602369289546955902348847873392330
20407099946574141208689176468231889058806845592023967183139983533651765883372506
70658490753613434571509611732259121876870345461507725377123596881287054532742678
01242491163859976073667619286852514098945557824424052311005385650791445697158681
87571055406877069928088678476368161758099874548842299516131994319523756509556024
62554856218130115850099108842419294588171578164310517122804435254471376341282667
80649054829241565499767682185036966642462691166417799502927578124224762180291828
34350802827926411853267013859113400627238123958173314270320551945175409597479568
93970386083230352803318510371062712664000785106268481065304786996871411360783921
91827897702686195169071031832799667168629657237938082714331971430178567046513759
97712198677351967927736003798226592225106691200384036219018051442528855355985929
81302591873926458939652376669070651371532406764869889105426826714300228183828238
58559041656080872355682488681345671416617354949325109322766955401043302428640189
38629859675178459838357445716565539074674539802823125525461771889261147755372814
56337942985752519905032447400354363372007805038419915229211222557461665073974484
51369404474227114136423389299320103179950237174387806836149139293335673277605436
33876946645093458932147075782685105459319640729071429921233158148961199211606966
54556897651531355736405732537411069523502214121590745895181820177108091211220783
15786213693642464980714900796222034870128203052532884590996494278732269439910751
93617131417275482633557859562105216139774731957673701262069622479210708733136415
41905262856871300255932525842629616819013017437268564753320657632532661593578892
51018752508526150922886453472758443164125849766234660370156034206697788676807068
98832491826240551453252500181197832971265598120640686196276722259120792231636530
12892854736125972073207600658394295462929517278120206931803093479400323712263239
39749173195799408349209218178661573774834605710000306921584066183909687229168671
51414557880641736676288166283350507532092942453823089196749052099267428823495034
69071457403294751182218583686774667384176196918484255040304640566548666222311693
13439880699313405997751347390049672938280846911240973582303401274562030540197347
19368806821706629428525013385842320603897086805779367532601485674809260419183723
62443344820313572960756222808315710586011285292039945854641647984026076265955662
55686785230806876932559865362050293480565687631774835798894770584562933207912441
59600542081751859396629408186237465532261473843516478545396853709018076251157841
01608186923811858533147353942209188037325142928162305777913378248042470652402997
36677421860663755513334151136999105501812791368693426009202875984182141299127949
61120802176170402443963379506435457939697313126983425782464956310825243409106511
88480596157402614853788331585378096359964414801032725169022697594326591200440051
38488915843399764454942499401025795727522354152281030720624407026867382072007679
89498618347060258057619764962322829705396982712662649681814246902767488245475509
84116074487656992690096030326272416265511660304511583388983925360873697982394633
99372301190770326678046719115487353144083731780151243874209464056128726991992621
71959541028639776037580431350462225496455264841574770852024305600805064981274206
69056477755547650295166044357489241087791053071767653353760414982370637730681048
72914896281671934881633252808627857014355815775204915009112623866672722354570654
45654408487164802015027116884837106993322650219631154238591327318948916379744100
42147088745731928871737320350199963235037697343381738834585687342531086903992138
24402352928174015813984651317637977199505976297445027921722208171842886084002229
10958592702628999178763945632230711836480715027417482242417539808426147418932692
89604946393802878569340704721381786133475144630492748501691263248384670512123742
05311350109184151964667036328864470115641547359765250010257101413433178019042363
51211666524122517229485892411739875724704657508619108786049150437256979732495719
58853551628487853731374802271199475138281919058861583545557261572019564675242518
28485621992649422877632596493001616963211664511853897771569375209455618650062591
59699411864549496834955543939212864156777499892903669217039022051404941823221810
28143137671836063932875766714639185484666386286828282935243197034474499733702976
49658043330310912026447989742508496423760746373272807391936808657390979100670745
74715361649805545687146019659481488247126490146809439846544763924147831770085896
95945983456674903674565545961188002166458963598192224446712917602089742452792191
87125128865584579016843252451530850968825063333523765041036047065919850120139360
72567292557507137775688403647718330820208378334295565032589710825946153810384364
29850567609963533217738880783747170041942206293983311149185785244028707583123632
13546476869678534409151573812391646075210027819423884091058183051802564476440369
45588993739564688048548785630653100561847159910664880150248346055881507954364871
52823107858547744315830678182471401555873083042695400395985583427849947286930647
78609848562381848976642928069281295148967892131946406203756766468322138858356623
32046314577565703223078974643976933488563683585226034931267927347593291779403237
95094008811581603647206251605586900712497449270738337624523388429769579546125744
22262155422503014524436265646246876854931956238705392669543073360831534573122284
28908084626230419217190389745042676464483446724979831325996252061447580152103071
87385840156992567160620516928262031341976951303206738587236800569999891203358187
07493473438532700006558545030716167721106647310541321413400887712212759839069904
85845504561935886028824302555249499225802184644065776705844132585765088970227773
83047990226598400004022765397009479280411458348262414493585314032769846724271301
20786567050660340401918829404947570194278299298648132976611357094943586832350908
90526892602869250170696895334033498319100087300703353832891312527621821146095531
48754370521204571182270597550485349308385435625150778026687108404374176166260179
84845264720255502669566468078600794112692220912892700739158573311071427489338096
36655448510309353761050837419969808274294716347189123472543017235752840734214315
39526572678688011263848058308114382128954798208055003431063939584891896143401381
57474662292176969759355089690599580673556321410703925352914454483178717957528591
51803313035050615393223771890183121232843216507254218512124598874063121313999885
34381691059369253052121516458058851398938686073420812226425769568640247545413286
90994061230298676567631505935616948333636272851645248495766271611267242168441205
14803132836969700578410473159898115021871406964580974716735478931438631225610725
04443278127009241916670528543263007649687248328398079451426242961208787331749252
35486687178239673057472221084453861037780412087986869560200502962100105142581009
49400946625290171731931231725324407525316129198471555318331255265670200276022986
89642719489406720406612799858093766901304557335685872862351386668777522101108797
25326099444004900570933893910105533178773989842562283348031369165302913563760454
75778155809443783601885110183543944736315935878747864890180083939005769086562011
02338247220952802599025373621073902809800404522581092822675139941850499206134737
75455158494436542892489162647920752330609471706177247422363694454836185382081157
30751920012621683413743955492782227996017329497001208255033959775673875908983847
84157895153025380242614554725323627183358980875869137084620586197143332367181768
69634394083731725301907670935944206944861309948727733084360513237524231713577667
13625824767951019607648084696041371598539565720269010475672468882239460323558815
99118255850856299804079708498432881693118956939790736926496231211248835151152610
70969906073590608276267577513385691179294270011523656913236474482748211624988144
51613425750590090944558756589577366420866769761466873998730478816787148555280679
03468360152206715376303040076244905130191262384308576694291014662549431742708649
71631008486387388412425984410921067912964386400475200563258566723099951042970610
51145922845104220734657010640843757618674588372814705152660867935665549110066289
84710001877986719851100962273582089900441831203589801084702807564164017114635346
08867367589413283539710596217231793215534712748870306348266115227349206803068081
14773011542033968836316186916871405443171005733818885637748183048712729728697893
57848887177147656617690109305487780549229629584165743999866043306701588359768209
92914856782838842247754648652770025449279760054534810038231030750905826585545265
28862424017953891415439907628520427403694255333553848604175661078424130671237003
71679468058279324522363602815126742899912726300426455777970027384042303752589686
83743779848304693106550594514460522931266242347087897730868937334509960415292436
00393470833481378906496884678062101131106557427757968803371784780868859115502417
45705172858336520540418889935237039707919583541461764006432910926743173135134107
65922469273371663243049466316126653869791462397467532076108677851470730411337822
55736980044291915661923664938588302732362012430564435136587595030469083264956895
32625703600398974873930087540690136648197985329417939785400171073729410662962441
77589084063315452990138160599775111745350941823277133398796145588091407087363596
59222639679358197656414609735053166694422948413073615730549372431013808602997074
14539704425859599496921162267856594337918533831353677380883250780265185924759581
98703667179996847748159884081656836386027533123938540140772973085681514119174916
31387125001604268773364899854335051391917021676497836996095916108446353025555381
20418005381312168682941025422169914486588865425602280382305760862870460820530845
63937916404240457561155288257124414355773504262960758771539179027481774369845633
52909900231860290093547568411741715478673010845350448245781258652176866066904726
86028834076614671313538187942769157099576050367368062466077011715699834195200034
10519739691173972520238049169487745902080226803604717296369515336284443779800346
54925152306541629675541608066807205233451249657974249702562157599819037528441840
28517193221429532533442817741801675564705392795988932279724002711049561410959551
87162275980310777858354569387347507747904042339118806102440275948188691833921008
86826902181001300095849423347770282181651266994863846016247005166377238336222688
70428185087432308316019820414418085458385161875866967831488409597619068014365095
59670638930081662309254178965923562856751171547515905000808724731186278520556155
58594040725991506331189983337998026891681540250987778929197417066170533080393763
52832633458451191426826119247363638539907011764994996428115814205683338183973245
25702421317209728161192283129481485721357238075972100540955904808457006548376023
07040220195416885924589130594502846941643748326291906470833044884935797557799244
49168986389684179956318359842740586056624021166062511334866329029538020674050477
91586337790504366352027542473403464485760209338089119855586417632729262213561307
93059105807689980991823164557555398735761301742363715515997567166210113616292622
11185533169997918441688500536628090082279362086978155293279376287969894910191029
79641517290818355926358351343014267464187840153874227551104697486279057502484989
20145072042416916067997024207653598606496032817212859254240292928295029159219473
39721921083488109607567933977480259628748293347655314675530191216089758454724461
98567114914812307444623070722068340932232062595398553551967481550735710102336720
35441338341730764738723311715137618708386527353074915094830023703055468030837196
03688027755158739787453642656209771790282399170834664302582736723895836078468108
90326707518884097727634101689435558379204498656260536649977920176718493530668653
72551060828946345059265035048208599303954731151582281422164331957621154323693199
77811326492935395684994235770358169335365669890415791370232328825103485645973118
41070388976114714485334278004962661462774231751135573222782689273419826559214129
38015203597674934156759592868975792609136402512607268986931524179101808531629582
50821678026793662087828954955747978536014805601145514516378813046541792448272011
75285439319034041829134384277122496192216488548424672213706120403587247755946136
47215595244680832134661063791453303367153573151080412814551125798778421640549446
60230312618507685385847642133474797786901800602801973328188143954790958146670190
01389212983096256122817521939540566803781529981323002879545158131750283141796491
33814777424354730499403965993433939023827205345058727887804383667682288879383357
85534539862975455023998496791594537605262295178667222788510030981711709775031862
73406700926732380185812173411821513308052082658463584937050240103927215538977248
22968503089510017502940769920263788812437734537502009329781793232805054708836262
93003776348065770814240717558882111291170541401010909570382001499495637723745330
02812050519958860219817372942055424402872490505586743383487834835470528631573026
01827730151832056326014869107277796190042931591325203731930055497403504638296624
60611713153738953383750126325780414415687928489602597189725787281186891753868975
22166341305459753624146497069891267646386508222896351634941252099053522892688967
93004601490136715844696745405347551285381753531849740717562124851163311780651382
13121018119473130975095902562551345079610709222964557855221076014254892501930885
83207553308140687895814948600228445909477199925958331027350705533572791869281684
13793725870103149668906081059108987810824888278538632233143018680863489985183465
14986707055369069580358541771232105795253957406698156294029977276761539369074542
12020207841843549462086420446889377345795820199078399493534964924475353002814140
87203000607503519561753780244714194391394298230768600743465583018127131867601123
66039436168506846841331919493413565576059455230122840246532832356243712215842938
20218549420033496768275551277262844066108002001173271681296797048648333457943025
83156414800514565756929502236373969358283896519614364622679924667344142565987600
97818884481099955240549685313530067052717238212837926165341777917136408928864914
36517465386969151785253310463569831002816631056610087963009159498489528170927690
71115173553526807864998195596190055939430956239528872474484145523940306945971598
27803574772905845993937830259557987881570921484792189469240431358941839532492541
05218599809310804981567773683423161888777057660273371924887703737889213155120848
64881345445336400883877368991204908549696209544344873804079850393458897251785030
04325450762984518060790608486844751134916002860641238339089548636025203238556899
36096544772444053043372897813793490359198659305089164913400848646932027869899248
38458158532524305005420501456186069048373944362065751115142675343408402663923758
81615551428114837957179804087791655919578380747474809173006237213796360321646625
40567843116731789622750861506703878619308968327334177943151266665277192910624689
99717094851443340783000405669177547019066858796766320888941449296707016645274492
97660657060980303008298518355542170136039337426420926759102082875993669504812882
16189712593883979778252980984251812126347693269442185791293555347443567466504273
29544689911586990539771664553726958344763424948935696378548519522613812904904040
02395821835956953187123366529100635892886421471002547367321223369642157396600525
98347957615513260122614765389086407732543764862160210694900839756864770394645340
48730566189111178720915560459990933669017321435121173422431821719474120678371051
81549507420856714016303156980897810214709590867445620383750588424181452795460753
79390211439788140074668928519630597667615555810665803004188301554384473327744664
46595177750677773973761814234421511966580619954483272838667764581544921626771972
38830099068921162414484269041848386452084212836600209956932616400504026147754378
20129466016731167208474121379108085577574929914353928385887204100898993080248679
87260826250089376587604695485467847055592775650396442290321440148425130691675498
58241807476493540138232934565788561128306949379450942353024619187167152741825492
26702236323248968324788886552449490518470200291064684331169679912039917338481865
69996344006152155457307060206962187782016471689232744017112772362311810659408104
26836560455039450502842765910764268812688560300030119084301600820296117593890562
45489633457580066409038137646081976329430088609716576156440128017659553502043522
92355198093387345829145305339446495930780596694193362965329424976633719838769275
53905453182905217831299929707319799008693185200170643609034340899604351215341529
86754461126994191716395953341157180807418914971366374494550434623029152091635703
69458884754945408470736841027896101736576739285757258762641636771562564300395107
05127318121402313809119551927434893535649901569561042375783238014524708720670383
24447622527574456278813762627848258826219025538255596255146892433337448733643258
03028280164261480847144919227440544816550261855637074908149075030042514423711429
59001317504251548524813256127269413902621245856928263317233753096444971082220441
10350029046228242721665616726074784641397607881903382756858764220666887870698255
78269604586327965958093564634246127191270980135733205462923034384520126595251059
92805408904670164329270491614000531384086586029844437333500431774746731271817748
73911832970423261195969969667169399268154037957047684560205519450973799368434283
27054111539951236789724097939247148072975561646881946165264610136173427873922645
17393992764236303616908392832910109232969936443733657785700514395547430731109767
33584969162010261776346524603311800744657069019260819194853787986282249757668030
07517834419162311953250448873704804695139274452922297552810108183180642162121866
24923336469374017721134537050657238537497281582945197888390701724565025525340185
03708802260322787110613971165231682676641154975186820936018128469688610626808991
91459525638601782937898834182690279793984226164549683246704348291343654634314369
60645152350954052566160220537220243287979468803986337701115154990463095760838895
86281791232930242706099854102441032008695267479684020434515409227470601517116269
63080375425919745121324746290168872189364652454618518316876422396380123966706257
10079334812308198136389115626462058182134659703886013212396789717280187570148913
80059384584478037360184838175349382220679010299611535210641166428248068601721011
80830190716766954926043421943786147805287531232994176505048480372566499501173671
09478519369273603847553563221890335900760894608934536095073518012195830330263757
42654285073248564251605413581095649245063263828527591355263075038127949800349454
10129655150630417823010501308312916297960851603159700672447829841225759971488679
84237654115579972730517684181992909393500419327468713667383492967460727573570620
85257756902214218368329921908418880263223423785879055853029965460237278724007311
18967051133511609557758441395285504880983837337680370570875034733502017103382986
13338284109483023162097233372983219856217231272564509707196106598343570083925852
44301516942506650547951316346648359041521611840965544272171337935602420054788688
34699571397025739485612313223876395892592860369518608786645601742004383357169738
81788434829512633696239949228338058359279299064009203890508831798562654862082487
84394229180234100892424315111547311962378040046427326478084557861437936924091917
05934647545669620354864504759656701510594887728149909092336741644264261782952458
12677604100023269937876142680282125002038680947535281931277754987247881713069342
01496674832235959177680675907895603620359739647459935833962340081149035685533830
51003412863536629048755674159104110296831035469946050404181969031471105173881292
71715109632022577383921331586603526709756412306504928598386322826795673386201081
59113474972941937837230059303249786917602813253109445499580339659284022893950752
77181886229350915261688743474877128886461298013145741814329006400120896133270205
94932120690376539980171328505838341801767595058905036405805682470214691045023672
38440020363515596085139646566018458855440749704788506884741791912959740217397170
03913705865554952689047265155618052655908298046267284785485255008169496041975718
03392397001206706374550381001994660017615680700659995512626189432572861804548659
24415709142174131056848310302616402092173956090240127257353172697736993758425430
91311235371691711204203060966106477294031183714757059283194456067325472361589737
52217820799003262802891875172586502163244595184564427595760449732384465075392932
09268092702770703609436652826644131334369438086402506815266062110412988304805823
42729682988322765084032423134148484566438319993063208782042652553249233784811149
59141779952944675057369056073999384021190422577426370521688995201357217385275221
57057703250598948040076544608126197782222186226781354865432883117372911636004438
90348417096172285983811951988154227412778371923680094175809984791387666578800021
46712626994637126457151999905322668777391740746648709713785865265624775664332260
29903319479335153495370988989464322174782925944841144818421694410550048057495819
72443090808005057626883435156041194534494238208169003229852935307325383839187488
53966287621186997196159723785002961517332693720121043508169053446728522699699838
10722463419472914621710927240385254971110367573196611619006585881540604528618822
51733885087412209717446429049632313242130840102103789873105937042567209212429403
69051522729135906492422848120458497872217729748727551088334228179105772965970741
32104889404344029918178210735515288276065659663283907080764180081432220460396961
91378320774440641671353614533657794785671297085654333364437965295334437507154048
26946698359916947945888492504321141115027085711796885011892385637303458081075327
00270704506874669749509685945720534972738790153245022403768733103484354136892910
49399471287537896446338855808442183834770045410816058442184590098823125699830223
49440483057232974875085698321259607795325664573706204948550564508632079144862946
42447967672977721601219928251701627727819566581816051680634532126290926319308880
93952621575842141638277104000267448029031902358148630838564734000664843540182238
64153325380508389200415412072097994677022797427621538786099842175153251988600976
55008840977088405275861704440563566637236274006270626111783141819752416155274156
14254964078223826405327275595595006036129011752977644781029822128858199599549138
34029829678625226395981580208510982612447752986457848110035729032992310776698473
45051857232797364472211212548725461309974260848921952835789294386427329553342320
96654942167838684280906921524378207184746105537142654463005205940514610796500932
13789691474525022099550659756273591341316581295928907435410890919659741666649782
17944319682494430754939532773102723100797398137222076258633760304335954191638811
71677139626352515080580132373575227183424998373075388341194786395747751704938051
29984930283245236724078442145999503078816241778586873954063726191338646568326694
78855898072792903673277813932017058415160364805012356022742924951639156730952599
74554961546094908893858165616767581511375183508203110117597581846552443566993403
63712815600335498368342981509110144427960231302994088050572493648748316988863170
94280792427669153610002789566734767434841692665607962371086086300940261910670822
46170533373866582360235846829683847724692067665517768965558631355477997388425387
82596003435455145200637921839311602028232310866578324018449321582830569859354462
43046751484252551110810905975189865438158595388028742995523857464921797109749915
94093767110006028320381713789849641303244840657784152292793277127431535814452689
26791277303934780939319596357828873452185692196509811585628957171345083210598770
85926520863597687075143645579485795401619414802847464416762280253101154879091800
19056669245856038284817516555165896507849701225883438239025531172620011391576961
70495748366991368370620672827365918043049614815506901465196510235804288760672884
85781295231183444136304999183819443909173287990306835299926582669309198470199610
25335283349413908799022817736126563318993679175504144896237389719362402404876741
57400052311014858356804552310998287962748777470492294645473105128579083133904873
49678280031170035633135627238292297669757928412674241264492840869387729498929101
51489091071353797274714989980319280741662000725909890222342594933675064466947616
44806938355297628622826347486140852330541290833545725896593243820223080291116173
61365993808626444289163443860138248340419179482477064045845094898057265690667085
62995210314079819220606782355591506639050624645251224168898980859579289912733710
18336290853120898338571123291215796044864977084891629519736213848139459945883134
50470744777455116033684806025342620696288496119889290267410853492413057481695683
59517710321713727691448681048224465145193284201080340207649038753749163923468653
83371192652315152356155912069223284946350911491591759033954316015228736454245318
98474014841810934822381501910122604412892580090662730711818567475287059321856028
13922459445159234546621270385658456348312961901237717194269578874484511664927408
97332637922053851387467077999137247575770952255959172422468828855627770697119204
71349821461863617507712778502816257392712723248408024567474710951105470857894694
14579677234964141545641777977828064284375831175731332236007078370705065331613840
03391248691981466471451779618743919379746198785532562686388959719841596609583740
98284336004442101405183566871107056316667917657266479850507509375327458906746827
73070154966264153747480999647810474636369380713626252007715525789833831863302873
14016875812379317983729289792143091542260432096486412341946088500730015412945088
02133764784112304441136781727754969874817444470450921157259642624055026906141353
35000403257310012825720938562426350606496400298383977638004241238778534068870592
36903129486397898470246396279873071339572789008839108874161205567122721088083373
55041947945901461000423185587670727377001091779675548408152215087854066423733968
47866703545717198620953559665295313935268691566694523989890734498440537358698495
66068317817563936086560087837586642868874402552468243530933617169395576921483027
67065063045392378043398546646188059642120343218946464928421868318598305205190229
35820102292925637755482262062776790116096889574153305103278298730706807922150379
94717090491564310791432826059825833811533113929768254620031745937828719798830616
22696395652278622797251082248418476149320157797815253001284303491118083955368616
69935008614757156658231505272175089904798462401013403463900326149452406710904146
51711212539459071013061701470084327705888967246940654301876091513239812162415488
68813807018929813565653495950589507044100306831868175383532254760451928252658966
17821365325327068665872893301137360505200985502288881629221767514720133488038357
04749156095655584864247846266510147903782435703681833877744698406395794858621428
10292551563390471025967345228058152164081851031812668864541695223325695581035322
47976268910373552467866105152854011105550478297662032270670929234489891951491601
49414522782489988916198478304895473884384366575457760653026031479884904096398843
68761066335060930434874234613278685428935034726425465474720994225858404618993917
93791283607650466571143748062139454082528173533329488238861388477475613374014568
68554475827348740196028705873657649364650356846377954467939663350344225852726811
51513548507564741047379738119002586992354080152813711644247349256418239699319448
73341871053471166925117918893802929436821634571765084267479762436858917661937640
23315904183107733008362408909363621507737211310199428589048787113856194497915222
40037958233628289729547728960079064925597462563722547869216336249247604214102389
10317467924914885304059454407635561567310577159024044773755690878237602998360696
16761917853947173598803681184495280906123715544066375979299025713670774062772651
83067269428042744230744992364777092557875623128799519655842206816538140902458025
44881532855875314620517724021964736405893909502299359842179762443535141726499739
45027935977569734032630612238574348929346001535238214949901978131326394139199435
18670734099072055432917526031459343161326891480956554838097469765406322938274146
68080806410625942158117358901936020184325472200177852189543452670408064097070124
79360311639299065128427532113963783127889582840670449018421512394165095901590565
21885751746742243086201471321175271318994399845677103756627821494644825114136672
28166848380259767900280598411909102605584992838477749974058869968469425298121373
21927034452893715866973790425199916596095837079991195734740344788477093941417307
79298515282057153044715486490626571469363358223329008867110676365992970842033427
07085986957841131500428015318853748907619565591669936239229648764461874563938916
21999324160523857797868241837010322228312637125606928497603668552150654607103316
62096344689931249649828136545205923261846219086185875414796311867971530959777684
13362949975256446271630981052247422014111881511089773205782609910679387976286771
65503064300392787196644685261851934397723236013104803557528431825824693104376028
79083499158388338861952633710445413692866434335512733752139776663313428918175809
86546613083714964846630723542603989078458454048444715959031973025268083668106461
40769769003146976960457477052641516999691852578154191142001733608070611391553843
92092672411469263356033802251036460747827749620911495233496617165186671159957072
74382264361386553370259246355625362580090563112449401564614572053219550131773055
41345606310684168641504300997228804461784765333636832978893080822369142962636731
36037336006931175052512172246283503500831542847199388201374102598887792262843649
38580720592484645955366923566224497944046066839607978688179977471884537905533895
03048278143974215636390912109640842335206645147765843514602765381699262036752808
46462312251694059511331506172133409364282044823003665451958310469758339693052335
59610565077748185877344793722086510501130647142297930810847254231934279974699068
19763663925212016010476848770350623141455079563639530938699943276592014071041568
52719933575842390793031764627414922870477056258992736662852477458178515533916623
05254903737349887834555113211007985602810516325898626672682704567913697465006154
83633039761783515866329757555756178474015974634899747066844164102307583103131525
60723506866398471764274888973660702373024859155746274428882599728169769911997454
61677537767979732285733570424423618665094929452328408541586900925522014687908772
84873012007276521605156047461338856490360500656763625521222334827730584688080499
44838118584398379057850319077735552013286235995807542085417799659000327877088299
88118709063984868092270176389845803423870830933948071296302653059320664657519724
10458317029267831625139383377730147312663620125060866086943997357124180247565994
08939744196660392996396602188452935588034008077498031703409365755659112943037279
90669871848815754113738031917622942125198508093929705472795178317394638545374523
26302144611995380077745983054015476741882670832708900625214457893082644185164776
99325275885991168195002292931385939927549285928500194671613955969487078661308727
59987476236725711184081808779437880694041509726974962236291666853093119347394155
74561531890601971844711845341534795413230831771679558500058736507003763805380732
92306868581075472947999712806540637446404976748792092796230314413844040446361076
95792869882201564448720612068153906599467759718436075614995733433865759994392340
50982080682631648098440651608967506623903380516047722785563633325447039510369582
99921858820963242175575079754573252719291429559303557137127222344119987021500176
56921146082897164914216729238564573701495706053717490266171241636524597520738406
57713669544920203772010812077590404452608824199961407421878666810119623293128145
33663075348611529893327487394895373565690611025481342158589051723107272597541932
06556508517193673235605975409650738323488952601205043237003256222002802135087942
02231617600197565956409540212514809322348243050293541381476706962170218974838183
38389997728385886061230429902082913312273787983207150813522077353979100089600552
69474704137249353577309408477430843765895563217815175084279832104043101744807802
69521882877262653505954106285453928264338639093283215662300312059520238969075323
82252946536973590182841789289461880425988088524826318252617913314374912034555468
99320188770560939212608747706527752933098817469421560203694675807524512075257446
54383033448862648274750498509173840623193951019606864063466024724918840702729830
93305353777602385089598889991034115100826813506677314996902413955174471581839831
01361690133447619165678854831769335881400597516485413688825144302684478101451182
89869492505453307381006819065959050310170159121835306509801640484248548398137940
83570553454543363638203973356057295451640053935854371681532859944621028362998261
99185743235404692133232776458094349232290227766582925040651077763261870794107638
58416199476915636615222727806441963474395085714873622037887169263172286804638260
83243339344824099127326055560891429986623254563904458230883765735749719228381707
65621923560420548378724113578642282539492895757455302288978565780762420765192173
36736563205867670514895804971977599333034528763672207432434906877271780785190143
31235377627961451418219493411431993495125613844926950585938503745245309159895654
07455383905244511062900041274009158491298735799171023048690916776109320402079143
63939992628883163407031416398084257256950916771951748991290345254076369640522857
93593703191970453060831490673240855809963063944716905162373508731713084933333710
