

4844088711 3413525033 6787731679 7709372778 6821661178
6534423173 2264637847 6978751443 3209534000 1650692130
5464768909 8505020301 5044880834 2618452087 3053097318
9492916425 3229336124 3151430657 8264070283 8984098416
0295030924 1897120971 6016492656 1341343342 2298827909
9217860426 7981245728 5345801338 2609958771 7811310216
7340256562 7440072968 3406619848 0676615805 0216918337
2368039902 7931606420 4368120799 0031626444 9146190219
4582296909 9212278855 3948783538 3056468648 8165556229
4315673128 2743908264 5061162894 2803501661 3366978240
5177015521 9626522725 4558507386 4058529983 0379180350
4328767038 0925216790 7571204061 2375963276 8567484507
9151147313 4400018325 7034492090 9712435809 4479004624
9431345502 8900680648 7042935340 3743603262 5820535790
1183956490 8935434510 1342969617 5452495739 6062149028
8728932792 5206965353 8639644322 5388327522 4996059869
7475988232 9916263545 9733244451 6375533437 7492928990
5811757863 5555562693 7426910947 1170021654 1171821975
0519831787 1371060510 6379555858 8905568852 8879890847
5091576463 9074693619 8815078146 8526213325 2473837651



1929901561 0918977792 2008705793 3964638274 9068069876
9168197492 3656242260 8715417610 0430608904 3779766785
1966189140 4144925270 4808819714 9880154205 7787006521
5940092897 7760133075 6847966992 9554336561 3984773806
0394368895 8876460549 8387147896 8482805384 7017308711
1776115966 3505039979 3438693391 1978988710 9156541709
1330826076 4740630571 1411098839 3880954814 3782847452
8838368079 4188843426 6622207043 8722887413 9478010177
2139228191 1992365405 5163958934 7426395382 4829609036
9002883593 2774585506 0801317988 4071624465 6399794827
5783650195 5142215513 3928197822 6984278638 3916797150
9126241054 8725700924 0700454884 8569295044 8110738087
9965474815 6891393538 0943474556 9721289198 2717702076
6613602489 5814681191 3361412125 8783895577 3571949863
1721084439 8901423948 4966592517 3138817160 2663261931
0653665350 4147307080 4414939169 3632623737 6777709585
0313255990 0957627319 5730864804 2467701212 3270205337
4266705314 2448208168 1303063973 7873664248 3672539837
4876909806 0218278578 6216512738 5635132901 4890350988
3270617258 9325753639 9397905572 9175160097 6154590447



7169226580 6315111028 0384360173 7474215247 6085152099
0161585823 1257159073 3421736576 2671423904 7827958728
1505095633 0928026684 5893764964 9770232973 6413190609
8274063353 1089792464 2421345837 4090116939 1964250459
1288134034 9881063540 0887596820 0544083643 8651661788
0557608956 8967275315 3808194207 7332597917 2784376256
6118431989 1025007491 8290864751 4979400316 0703845549
4653859460 2745244746 6812314687 9434416109 9333890899
2638411847 4252570445 7251745932 5738989565 1857165759
6148126602 0310797628 2541655905 0604247911 4016957900
3383565748 6925280074 3025623419 4982864679 1447632277
4005529460 9039401775 3633565547 1931000175 4300475047
1914489984 1040015867 9461792416 1001645471 6551337074
0739502604 4276953855 3834397550 5488710997 8520540117
5169747581 3449260794 3368954378 3221172450 6873442319
8987884412 8542064742 8097356258 0706698310 6979935260
6933921356 8588139121 4807354728 4632277849 0808700246
7776303605 5512323866 5629517885 3719673034 6347012229
3958160679 2509153217 4890308408 8651606111 9011498443
4123501246 4692802880 5996134283 5118847154 4977127847



3361766285 0621697787 1774382436 2565711779 4500644777
1837022199 9106695021 6567576440 4499794076 5037999954
8450027106 6598781360 3802314126 8369057831 9046079276
5297277694 0436130230 5178708054 6511542469 3952651271
0105292707 0306673024 4471259739 3995051462 8404767431
3637399782 5918454117 6413327906 4606365841 5292701903
0276017339 4748669603 4869497654 1752429306 0407270050
5903950314 8522921392 5755948450 7886797792 5253931765
1564161971 6844352436 9794447355 9642606333 9105512682
6061595726 2170366985 0647328126 6724521989 0605498802
8078288142 9796336696 7441248059 8219214633 9565745722
1022986775 9974673812 6069367069 1340815594 1201611596
0190237753 5255563006 0624798326 1249881288 1929373434
7686268921 9239777833 9107331065 8825681377 7172328315
3290825250 9273304785 0724977139 4483338925 5208117560
8452966590 5539409655 6854170600 1179857293 8139982583
1929367910 0391844099 2865756059 9359891000 2969864460
9747147184 7010153128 3762631146 7742091455 7404181590
8800064943 2378558393 0853082830 5476076799 5243573916
3122188605 7549673832 2431956506 5546085288 1201902363



6447127037 4863442172 7257879503 4284863129 4491631847
5347531435 0413920961 0879605773 0987201352 4840750576
3719925365 0470908582 5139368634 6386336804 2891767107
6021111598 2887553994 0120076013 9470336617 9371539630
6139863655 4922137415 9790511908 3588290097 6566473007
3387931467 8913181465 1093167615 7582135142 4860442292
4453041131 6065270097 4330088499 0346754055 1864067734
2603583409 6086055337 4736276093 5658853109 7609942383
4738222208 7292464497 6845605795 6251676557 4088410321
7313456277 3585605235 8236389532 0385340248 4227337163
9123973215 9954408284 2166663602 3296545694 7035771848
7344203422 7706653837 3875061692 1276801576 6181095420
0977083636 0436111059 2409117889 5403380214 2652394892
9686439808 9261146354 1457153519 4342850721 3534530183
1587562827 5733898268 8985235577 9929572764 5229391567
4775666760 5108788764 8453493636 0682780505 6462281359
8885879259 9409464460 4170520447 0046315137 9754317371
8775603981 5962647501 4109066588 6616218003 8266989961
9655805872 0863972117 6995219466 7898570117 9833244060
1811575658 0742841829 1061519391 7630059194 3144346051



5404771057 0054339000 1824531177 3371895585 7603607182
8605063564 7997900413 9761808955 3636696031 6219311325
0223851791 6720551806 5926351803 6251214575 9262383693
4822266589 5576994660 4919381124 8660909979 8128571823
4940066155 5219611220 7203092277 6462009993 1524427358
9488710576 6238946938 8944649509 3960330454 3408421024
6240104872 3328750081 7491798755 4387938738 1439894238
0117627008 3719605309 4383940063 7561164585 6094312951
7597713935 3960743227 9248922126 7045808183 3137641658
1826956210 5872892447 7400359470 0926866265 9651422050
6300785920 0248829186 0839743732 3538490839 6432614700
0532423540 6470420894 9921025040 4726781059 0836440074
6638002087 0126664209 4571817029 4675227854 0074508552
3777208905 8168391844 6592829417 0182882330 1497155423
5235911774 8186285929 6760504820 3864343108 7795628929
2540563894 6621948268 7110428281 6389397571 1757786915
4301650586 0296521745 9581988878 6804081103 2843273986
7198621306 2055598552 6603640504 6282152306 1545944744
8990883908 1999738747 4529698107 7620148713 4000122535
5222466954 0931521311 5337915798 0269795557 1050850747



3874750758 0687653764 4578252443 2638046143 0428892359
3485296105 8269382103 4980004052 4840708440 3561167817
1705128133 7880570564 3450616119 3304244407 9826037795
1198548694 5591520519 6009304127 1007277849 3015550388
9536033826 1929343797 0818743209 4991415959 3396368110
6275572952 7800425486 3060054523 8391510689 9891357882
0019411786 5356821491 1852820785 2130125518 5184937115
0342215954 2244511900 2073935396 2740020811 0465530207
9328672547 4054365271 7595893500 7163360763 2161472581
5407642053 0200453401 8357233829 2661915308 3540951202
2632916505 4426123619 1970516138 3935732669 3760156914
4299449437 4485680977 5696303129 5887191611 2929468188
4936338647 3927476012 2696415884 8900965717 0861605981
4720446742 8664208765 3347998582 2209061980 2173211614
2304194777 5499073873 8567941189 8246609130 9169177227
4207233367 6350326783 4058630193 0193242996 3972044451
7928812285 4478211953 5308989101 2534297552 4727635730
2262813820 9180743974 8671453590 7786335301 6082155991
1314144205 0914472935 3502223081 7193663509 3468658586
5631485557 5862447818 6201087118 8976065296 9899269328



1787055764 3514338206 0141077329 2610634315 2533718224
3385263520 2177354407 1528189813 7698755157 5745469397
2715048846 9793619500 4777209705 6179391382 8989845327
4262272886 4710888327 0173723258 8182446584 3624958059
2560338105 2156062061 5571329915 6084892064 3403033952
6226345145 4283678698 2880742514 2256745180 6184149564
6861116354 0497189768 2154227722 4794740335 7152743681
9409892050 1136534001 2384671429 6551867344 1537416150
4256325671 3430247655 1252192180 3578016924 0326699541
7460875924 0920700466 9340396510 1781348578 3569444076
0470232540 7555577647 2845075182 6890418293 9661133101
6013111907 7398632462 7782190236 5066037404 1606724962
4901374332 1724645409 7412995570 5291424382 0807609836
4823465973 8866913499 1978401310 8015581343 9791948528
3043673901 2482082444 8141280954 4377389832 0059864909
1595053228 5791457688 4962578665 8859991798 6752055455
8099004556 4611787552 4937012455 3217170194 2828846174
0273664997 8475508294 2280202329 0122163010 2309772151
5694464279 0980219082 6689868834 2630716092 0791408519
7695235553 4886577434 2527753119 7247430873 0436195113



9611908003 0255878387 6442060850 4473063129 9277888942
7291897271 6989057592 5244679660 1897074829 6094919064
8764693702 7507738664 3239191904 2254290235 3189233772
9316673608 6996228032 5571853089 1928440380 5071030064
7768478632 4319100022 3929785255 3723755662 1364474009
6760539439 8382357646 0699246526 0089090624 1059042154
5392790441 1529580345 3345002562 4410100635 9530039598
8644661695 9562635187 8060688513 7234627079 9732723313
4693971456 2855426154 6765063246 5676620279 2452085813
4771760852 1691340946 5203076733 9184114750 4140168924
1213198268 8156866456 1485380287 5393311602 3229255561
8941042995 3356400957 8649534093 5115266454 0244187759
4931693056 0448686420 8627572011 7231952640 5023099774
5676478384 8897346431 7215980626 7876718380 0524769688
4084989185 0861490034 3240347674 2686245952 3958903585
8213500645 0998178244 6360873177 5437885967 7672919526
1112138591 9472545140 0301180503 4378752776 6440276261
8941017576 8726804281 7662386068 0477885242 8874302591
4524707395 0546525135 3394595987 8961977891 1041890292
9438185672 0507096460 6263541732 9446495766 1265195349



5701860015 4126239622 8641389779 6733329070 5673769621
5649818450 6842263690 3678495559 7002607986 7996261019
0393312637 6855696876 7029295371 1625280055 4310078640
8728939225 7145124811 3577862766 4902425161 9902774710
9033593330 9304948380 5978566288 4478744146 9841499067
1237647895 8226329490 4679812089 9848571635 7108783119
1848630254 5016209298 0582920833 4813638405 4217200561
2198935366 9371336733 3924644161 2522319694 3471206417
3754912163 5700857369 4397305979 7097197266 6664226743
1117762176 4030686813 1035189911 2271339724 0368870009
9686292254 6465006385 2886203938 0050477827 6912835603
3725482557 9391298525 1506829969 1077542576 4748832534
1412132800 6267170940 0909822352 9657957997 8030182824
2849022147 0748111124 0186076134 1515038756 9830918652
7806588966 8236252393 7845272634 5304204188 0250844236
3190383318 3845505223 6799235775 2929106925 0432614469
5010986108 8899914658 5518818735 8252816430 2520939285
2580779697 3762084563 7482114433 9881627100 3170315133
4402309526 3519295886 8069082135 5853680161 0002137408
5115448491 2685841268 6958991741 4913382057 8492800698



2551957402 0181810564 1297250836 0703568510 5533178784
0829000041 5525118657 7945396331 7538532092 1497205266
0783126028 1961164858 0986845875 2512999740 4092797683
1766399146 5538610893 7587952214 9717317281 3151793290
4431121815 8710235187 4075722210 0123768721 9447472093
4931232410 7065080618 5623725267 3254073332 4875754482
9675734500 1932190219 9119960797 9893733836 7324257610
3938985349 2787774739 8050808001 5544764061 0535222023
2540944356 7718794565 4304067358 9649101761 0775948364
5408234861 3025471847 6485189575 8366743997 9150851285
8020607820 5544629917 2320202822 2914886959 3997299742
9747115537 1858924238 4938558585 9540743810 4882624648
7880533042 7146301194 1589896328 7926783273 2245610385
2197011130 4665871005 0008328517 7311776489 7352309266
6123458887 3102883515 6264460236 7199664455 4727608310
1187883891 5114934093 9344750073 0258558147 5619088139
8752357812 3313422798 6650352272 5367171230 7568610450
0454897036 0079569827 6263923441 0714658489 5780241408
1584052295 3693749971 0665594894 4592462866 1996355635
0652623405 3394391421 1127181069 1052290024 6574236041



3009369188 9255865784 6684612156 7955425660 5416005071
2766417660 5687427420 0329577160 6434486062 0123982169
8271723197 8268166282 4993871499 5449137302 0518436690
7672357740 0053932662 6227603236 5975171892 5901801104
2903842741 8550789488 7438832703 0632832799 6300720069
8012244365 1163940869 2222074532 0244624121 1558043545
4206421512 1585056896 1573564143 1306888344 3185280853
9759277344 3365538418 8340303517 8229462537 0201578215
7373265523 1857635540 9895403323 6382319219 8921711774
4946940367 8296185920 8034038675 7583411151 8824177439
1450773663 8407188048 9358256868 5420116450 3135763335
5509440319 2367203486 5101056104 9872726472 1319865434
3545040913 1859513145 1812764373 1043897250 7004981987
0521762724 9406521461 9959232142 3144397765 4670835171
4749367986 1865527917 1582408065 1063799500 1842959387
9915835017 1580759883 7849622573 9851212981 0326379376
2183224565 9423668537 6799113140 1080431397 3233544909
0824910499 1433258432 9882103398 4698141715 7560108297
0658306521 1347076803 6806953229 7199059990 4451209087
2757762253 5104090239 2888779424 6304832803 1913271049



5478599180 1969678353 2146444118 9260631526 6181674431
9355081708 1875477050 8026540252 9410921826 4858213857
5266881555 8411319856 0022135158 8872103656 9608751506
3187533002 9421186822 2189377554 6027227291 2905042922
5978771066 7873840000 6167721546 3844129237 1193521828
4998243509 2089180168 5572798156 4218581911 9749098573
0570332667 6464607287 5743056537 2602768982 3732597450
8447964954 5648030771 5981539558 2777913937 3601717422
9960273531 0276871944 9444917939 7851446315 9731443535
1850491413 9415573293 8204854212 3508173912 5497498193
0871439661 5132942045 9193801062 3142177419 9184060180
3479498876 9105155790 5554806953 8785400664 5337598186
2846419905 2204528033 0626369562 6490910827 6271159038
5699505124 6529996062 8554438383 3032763859 9800792922
8466595035 5121124528 4087516229 0602620118 5777531374
7949362055 4964010730 0134885315 0735487353 9056029089
3352640071 3274732621 9603117734 3394367338 5759124508
1493357369 1166454128 1788171454 0230547506 6713651825
8284898099 5121391939 9563324133 6556777098 0030819102
7204099714 8687418134 6670060940 5102146269 0280449159



6465453301 0775469541 3088714165 3125448130 6119240782
1188690056 0277818242 3502269618 9344352547 6335735364
8561936325 4417756613 9817039306 3287216690 5722259745
2091929172 6219984440 9646158269 4563802395 0283712168
6446561785 2355651641 2771282691 8688615572 7162014749
3405227694 6595712198 3149433816 2211400693 6307430444
1732847861 0177774383 7977037231 7952554341 0722344551
2555589998 6461838767 6490397246 1167959018 1000350989
2864120419 5163551108 7632042676 1297982652 9425882951
1412758412 6273279079 8807559751 8515768412 6474220947
9721843309 3529726652 1001566251 4552994745 1276315509
1763673025 9462132930 1904028379 5424632325 8550301096
7069227202 2707486341 9005438302 6506812141 4213505715
4175057508 6399076739 4633514620 9082888934 9383764393
9925690060 4067311422 0933121959 3620298297 2351163259
3867722414 7791162957 2780752395 0562515816 0313335938
2311500518 6268905306 5836812998 8108663263 2719806112
7154885879 8093487912 9137074982 3057592909 1862939195
0147211975 8606727009 2547718025 7503377307 9939713453
9532646195 2699965963 8565491759 0458333585 7991020127



1320458390 3200853878 8816336376 8518208372 7885131175
2277696097 8796214237 2162545214 5912818317 9821604411
1311671406 9148271709 8101545778 1939202311 5638719508
0502467972 5792497605 7726259133 2855972637 1211201905
7207714091 4864507409 4926718035 8151575715 1405039761
0963846755 5692989703 8354731410 0223802583 4687673501
2977541327 9532060971 1545064842 1218593649 0997917766
8747744818 8287063231 5515865032 8981642282 8823274686
6106592732 1979071623 8464215348 9852476216 7890502609
9804526648 3929542357 2873439776 8049577409 1449538391
5755654854 5905897649 5198513801 0079580107 8375994577
5299196700 5476022525 5203445398 8712538780 1719607181
6407812484 7847257912 4078245443 6168234523 9570689514
2722697504 3187363326 3011103053 4233358216 0933319121
8806608268 3414289104 1517324721 6053355849 9932245487
3077882290 5252324234 8615315209 7693846104 2582849714
9634753418 3756200301 4915703279 6853018686 3157248840
1526639835 6895636346 5743532178 3493199825 5421173084
6774529708 5839507616 4582296303 2442432823 7737450517
0285606980 6788952176 8198156710 7816334052 6675953942



4926280756 9683261074 9532339053 6223090807 0814559198
3735537774 8742029039 0181429373 1152933464 4468151212
9450975965 3430628421 5319445727 1186149000 1765055817
7095302468 8752632501 1970520947 6159416768 7277844720
0019278913 7251841622 8577837922 8443908430 1181121496
3664246590 3363419454 0657183544 7719124466 2125939265
6620306888 5200555991 2123536371 8226922531 7814587925
9375044144 8933981608 6579008761 6502463519 7045828895
4817937566 8104647461 4105142498 8702521399 3687050937
2305447734 1126413548 9280684105 9107716677 8212383328
1026218558 7751312721 1793444482 0144042574 5083063944
7383637939 0628300897 3306241380 6145894142 2769474793
1665717623 1824721683 5067807648 7573420491 5576282175
8397297513 4478990696 5895325489 4033561561 3167403276
4724692125 0575911625 1529654568 5446334981 1431767025
7295661844 7754874693 7846423373 7238981920 6620485118
9437886822 4807279352 0225017965 4534375727 4163910791
9729529508 1294292220 5347717304 1844779156 7399173841
8311710362 5243957161 5271466900 5814700002 6330104526
4354786590 3290733205 4683388720 7873544476 2647925297



6901709120 0787418373 6735087713 3769776834 9634425241
9949951388 3150748775 3743384945 8259765560 9965559543
1804092017 8497184685 4973706962 1208852437 7013853757
6814166327 2241263442 3982152941 6453780004 9250726276
5150789085 0712659970 3670872669 2764308377 2296859851
6912230503 7462744310 8529343052 7307886528 3977335246
0174635277 0320593817 9125396915 6210636376 2588293757
1373840754 4064689647 8310070458 0613446731 2715911946
0843593582 5987782835 2665311510 6504162329 5329047772
1740835593 4972375855 2138048305 0900096466 7608830154
0612824308 7406455944 3185341375 5220166305 8121110334
5312074508 6824339432 1590435944 3031243122 7471385842
0303901060 7094031523 5556172767 9941600203 9397509989
7629335325 8555756248 0899669182 9864222677 5023601932
5797472674 2578211119 7347094023 5745722227 1212526852
3842958742 7350156366 0093188045 4933389897 4157149054
4182559738 0808715652 8143010267 0460284316 8192303925
3529779576 5862414392 7015497408 7927313105 1636119137
5770089295 6482332364 8298263024 6079758757 6774537716
0102490804 6243018565 2416175665 5600160859 1215345562



6760219268 9982855377 8725831451 4408265458 3484409478
4631787773 7479465358 0169960779 4055687011 9232860804
1130904629 3508718271 2593466871 2766694873 8998245985
2778649956 9165464029 4589350649 6433580982 4765965165
1420909867 5520380830 9203230487 3427034682 8875160407
1546653834 6196112230 1375945157 9252696743 6425319273
9003603860 8236450762 6988274976 1872357547 6762889950
7521148048 5252795084 5033958570 8381304769 3788132112
3674281319 4879502280 6632017002 2460331989 6719706491
6374117585 4851878484 0120548446 7258885140 1562725019
8217190669 6081262778 5485964818 3696214107 2171421498
6361918774 7545096503 0895709947 0934337856 9816744658
2826791194 0611956037 8453978558 3924076127 6344105766
7510243075 5981455278 6167815949 6570625597 5507430652
1085301597 9080733437 3607943286 6757890533 4836695554
8680391343 3720156498 8342208933 9997164147 9746938696
9054800891 9306713805 7171505857 3071488156 4992071408
6758259602 8760564597 8242377024 2469805328 0566327870
4192676846 7116266879 4634869504 6450742021 9373945259
2626686135 5294062478 1361206202 6364981999 9949840514



3868285258 9563422643 2870766329 9304891723 4007254717
6418868535 1372332667 8779217383 4754148002 2803392997
3579361524 1275582956 9276837231 2347989894 4627433045
4566790062 0324205163 9628258844 3085438307 2014956721
0646053323 8537203143 2421126074 2448584509 4580494081
8209276391 4000854042 2023556260 2185643489 9414543995
0410980591 8179488826 2805206644 1086319001 6885681551
6922948620 3010738897 1810077092 9059048074 9092427141
0189335428 1842999598 8169660993 8369616443 8152887721
4085268088 7574882932 5873580990 5670755817 0179491619
0611400190 8553744882 7262009366 8560447559 6557476485
6740081773 8170330738 0305476973 6097865438 5938218722
0583902344 4435088674 9986650604 0645874346 0053318274
3629617786 2518081893 1443632512 0510709469 0813586440
5192295129 3245007883 3398788429 3393424351 2634336520
4385812912 8343452973 0865290978 3300671261 7981303167
9438553572 6296998740 3595704584 5223085639 0098913179
4759487521 2639707837 5944861139 4519602867 5121056163
8976008880 0927461158 6080020780 3341591451 7970730368
3519697776 6076373785 3330120241 2011204698 8609209339



0853657732 2239241244 9051532780 9509558664 5947763448
2269986074 8132973026 3097502881 2103517723 1244650953
4965369309 0018637764 0940943498 3731325132 1862080214
8099226855 0294845466 1814715557 4447096695 3017769043
4272031892 7706047177 8452793916 0472281534 3798035396
7986142437 0956683221 4914654380 1459382927 7393396032
7540480095 5223181666 7380357183 9327570771 4204672383
8624617803 9762923771 3120958078 9363841447 9298025880
6552212926 2093623930 6373134966 4018661951 0811583471
1733120258 0586672763 9992763579 0780638188 1306915636
6274125431 2595899361 1964762610 1405563503 3995231403
2311381965 6236327198 9618372548 4533370206 2563464223
9527669435 6837676136 8711962921 8187545760 8161705303
1590728828 7007123136 6630872275 4918661395 7737305460
6599743781 0987649802 4140112421 4277366808 2751390959
3134041558 2626678951 0846776118 6659576601 6599817808
9414985754 9762843878 5610026379 6543178313 6340251358
1416115190 2096499133 5487331311 1502270068 1930135929
5959716401 9719605362 5033558479 9809634887 1803911161
2813595968 5654788683 2585643789 6173159762 0024196215



5289629790 4819822199 4622694871 3746244472 9093456470
0285376949 5885959160 6789282491 0544125159 9630078136
8367490209 3749157328 9627002865 6829344431 3423473512
3929825916 6739503425 9958689706 9726733258 2735903121
2887466604 5146148785 0346142827 7659916080 9039865257
5717263081 8334944418 2019353338 5071292345 7743755793
4406217871 1330063106 0033240539 9169368260 3746176638
5657588775 8020122936 6353270267 1006812618 2517291460
8202541892 8859352444 9107013820 6211553827 7935652969
1457650204 8643282865 5579347072 0963480737 2692141186
8954673227 6775133569 0190153723 6690368653 8916129168
8887876407 5254934942 4973342718 1178892759 9315967193
5475898809 7924525262 3636590363 2007085444 0784544797
3482918020 8204492667 0634420437 5553250505 2752283377
8887040804 0335319234 0768563010 9347772125 6390886404
1310107381 7853338316 0381352808 2811904083 2564401842
0537467929 9262203769 8718018061 1226244909 0924264198
5820861751 1771137890 5160914038 1575003366 4241560952
1632819712 2335023167 4226005679 4128140621 7219641842
7057843289 5980288233 5059828208 1966662490 3585778994



0333152274 8177769528 4368163008 8531769694 7836905806
7106482808 3598046698 8410981351 5865490693 3319522394
3632879239 9053481098 7830274500 1720654336 9906611778
4554364687 7236318444 6476806914 2828004551 0746866453
9280539940 9108754939 1660957316 1971503316 6968309929
4663491427 9878084225 7220697148 8755806374 8030886299
5118473187 1247772919 1007022758 8893486939 4562895158
0296537215 0409603107 7612898312 6358996489 3410247036
0366450586 8728758905 1406841238 1242473863 8542790828
2733827973 3268855049 3587430316 0274749063 1295723497
4261122151 7417153133 6186224109 1386950068 8835898962
3492763173 1647834007 7460886655 5987333821 1382992877
6911495492 1841920877 7160606847 2874673681 8861675072
2101726110 3830671787 8566948129 4878504894 3063086169
9487987031 6051588410 8282351274 1535385133 6589533294
8629494495 0618685147 7910580469 6039069372 6626703865
1290520113 7810858616 1888869479 5760741358 5534585151
7680519733 3443349523 0120395770 7396237713 1603024288
7200537320 9982530089 7761897312 9817881944 6717311606
4723147624 8457551928 7327828251 2718244680 7824215216



4695678192 9409823892 6284943760 2488522790 0362021938
6696482215 6280936053 7317804086 3727268426 6964219299
4681921490 8701707533 3610947913 8180406328 7387593848
2695355830 7739576144 7997270003 4728801827 8528138950
3217986345 2161110666 0883931405 3226944905 4555278678
9441757920 2440021450 7801920998 0446138254 7805858048
4424164047 7503153605 4906591430 0781583724 3012313751
1562284015 8386442708 9071828481 6757527123 8467824595
3433444962 2010096071 0513706084 6180118754 3120725491
3349942476 1711563332 1408934609 1565615506 0031738421
8701570226 1031019166 0388706466 1438897736 3187809407
1152752817 4689576401 5810470169 6524755774 0891644568
6777171585 0058326994 3401677202 1567677240 6812836656
5264122982 4394651331 9735919970 9403275938 5026695574
7023181320 3243716420 5861410336 0652453693 9160050644
9530601612 6782264894 2437397166 7176612310 4897503188
5732165554 9883421218 0284691252 9086101485 5278152776
2562375045 6375769497 7343368460 1560772703 5509629049
3924870884 0628106794 3622418704 7470083688 4267102255
8302403599 8416459511 2248527263 3632645114 0173952480



8619463584 0783753556 8856223171 1552094722 3065437092
6067973510 0056554938 1224575483 7285457117 9739361575
6167641692 8958052572 9752233855 8611388322 1711073622
6581621884 2443178857 4887981090 2665379342 6664216990
9140565364 3224930133 4867988154 8866286650 5234699723
5574738424 8305904236 7714327879 2316422403 8777643301
9260019228 4778313837 6325361210 2533693581 2624086866
6997382759 7736568222 7907215832 4788886423 6934639616
4363308730 1398142114 3030600873 0666164803 6789840913
3592629340 2304324974 9268878316 4360268101 1309570716
1419128306 8657732353 2639653677 3903176613 6131596555
3584999398 6005651559 2193675997 7717933019 7446881483
7110320650 3693192894 5214026509 1546518430 9936553493
3371834252 9843367991 5939417466 2239003895 2767381333
0617747629 5749438687 1697845376 7219493506 5908757119
1772087547 7107189937 9608947745 1265475750 1871194870
7387367858 9020061737 3321075693 3022163206 2843206567
1192096950 5857611739 6163232621 7708945426 2146098584
1023781321 5817727602 2227381334 9541048100 3073275107
7999489919 7796388353 0734443457 5329759142 6376840544



2264784216 0631227696 4696715647 3999043715 9033239065
6072664411 6438605404 8388471619 1210900870 1019130726
0710441141 4324197679 6828547885 5247794764 8180295973
6049439700 4795960402 9274629920 3572099761 9501403483
1538094771 4601056333 4469988208 2212058728 1510729182
9712119178 7642488035 4672316916 5418522567 2923442918
7128163232 5969654135 4858957713 3208339911 2887759172
2611527337 9010341362 0856145779 9239877832 5083550730
1998184590 2595835598 9260553299 6737704917 2245493532
9683300002 2301815172 2657578752 4058832249 0858212800
8974790932 6100762578 7704286560 0699617621 2176845478
9964407050 6624171021 3327486796 2374302291 5535820078
0141165348 0656474882 3061500339 2068983794 7662550365
4982280532 9662862117 9306284301 7049240230 1985719978
9488368971 8304380518 2174419147 6604297524 3725168343
5411217038 6313794114 2209529588 5798060152 9387527537
9903093887 1683572095 7607152219 0027937929 2786303637
2687658226 8124199338 4808166021 6037221547 1014300737
7537792699 0695871212 8928801905 2031601285 8618254944
1335382078 4883465311 6326504076 4242839087 0121015194



2319616522 6842200371 1230464300 6734420647 4771802135
3070124098 8603533991 5266792387 1101706221 8658835737
8121093517 9775604425 6346949997 8725112544 0854522274
8109148743 0725986960 2040275941 1789425812 8188215995
2359658979 1811440776 5335432175 7595255536 1581280011
6384672031 9346507296 8079907939 6371496177 4312119402
0212975731 2516525376 8017359101 5573381537 7200195244
4543620071 8484756634 1540744232 8621060997 6132434875
4884743453 9665981338 7174660930 2053507027 1952983943
2714253711 5576660002 5784423031 0734295515 3394506048
6222764966 6876240793 2435319299 2639253731 0768921353
5257232108 0889819339 1686682789 4828117047 2624501948
4097009757 6092098372 4090074717 9733407881 4182519584
2598096241 7476101382 5264395513 5259311885 0456362641
8830033853 9652435997 4169313228 9471987830 8427600401
3680747039 0409723847 3945834896 1865397905 9411859931
0356168436 8692194853 8205578039 5773881360 6795499000
8512325944 2529724486 6667668346 4140218991 5944565309
4234406506 6785194841 7766779470 4720419588 2204329538
0326310537 4948831221 8039127967 8446100139 7267538921



9511911783 6587662528 0836900532 4900459741 0947068772
9123282143 0463533728 3519953648 2743258331 1914445901
7809607782 8835837301 1185754365 9958982724 5319253105
8811502630 7542571493 9430244539 3187017992 3608166611
3054262539 9583389794 2971602070 3387678150 3301028012
0095997252 2222808014 2357109476 0351925544 4349299867
6781789104 5559063015 9538097618 7592035893 7341978962
3589311259 8390259831 0267193304 1892151096 8915622506
9659119828 3234555030 5908173073 5195503721 6658702880
5399213857 6037035377 1051780212 8012956684 1984140362
8727256232 1442875430 2210909472 7210734741 3497551419
0737043318 2766261772 7599688882 6027225247 1336833534
5281669277 9591328861 3817663498 5772893690 0965749562
2871030243 6259077241 2219094300 8717556926 2575806570
9912016659 6224360802 4287002454 7362036394 8412559548
8172727247 3653467783 6472019183 0399871762 7037515724
6499222894 6793232269 3619177641 6146187956 1395669956
7783068290 3165896994 3076733350 8234990790 6241002025
0613405734 4300695745 4746821756 9044165154 0636584680
4636926212 7421107539 9042188716 1276177870 1425886482



5775223889 1845995233 7629237791 5585744549 4773612955
2595222657 8636462118 3775984737 0034797140 8206994145
5807190802 1359073226 9233100831 7595106590 1912129479
5408603640 7573587502 0589020870 4579670007 0552625058
1142066390 7459215273 3094068236 4944159089 1009220296
6805233252 6619891131 1842016291 6310768940 8472356436
6808182168 6572196882 6835840278 5500782804 0434537101
8365109695 1782335743 0305048526 5373807353 1074185917
7056103973 9506264035 5442275156 1011072617 7937063472
3804990666 9221619711 9425912044 5084641746 3835899382
3994651739 5509000859 4799901360 2667426149 4290066467
1150671754 2217703877 4507673563 7421547829 0591101261
9157555870 2389570014 0511782264 6989944917 9083017954
7587676016 8094100135 8376135785 9135692445 5647764464
1786671153 9195135769 6104864922 4900834467 1548638305
4477914330 0976804868 7834818467 2733758436 8927243104
4740680768 5278625585 1650920882 6381323362 3148733336
7147645204 5087662761 4950389949 5048095604 6098960432
9123358348 8599902945 2640028499 4280878624 0398118148
8476730121 6754161106 6299955536 6819312328 7425702063



7383520200 8686369131 1733469731 7412191536 3324674532
5630871347 3027921749 5622701468 7325867891 7345583799
6435135880 0959350877 5563562488 1049385299 9007675135
5135277924 1242927748 8565888566 5132473025 1471021057
5352516511 8148509027 5047684551 8252096331 8990685276
1443513821 3662152368 8905787866 9943228881 6028377482
0355060160 2989400911 9713850179 8716836337 4413927597
3644017007 0147637066 5570350433 8121113576 4150184518
2141361982 3495159601 0647527125 7593518530 4332875537
7830575095 6742544268 4712219618 7091785607 8393614451
1383335649 1032564057 3389866717 8123972237 5193164306
1701385953 9474367843 3926709867 1245221118 9690840236
3274114966 0124348309 8929941738 0305884171 6661307304
0067588380 4321115553 7944060549 7721705942 8215148861
6567277124 0903387727 7456290971 1013488518 4374118695
6554497457 3684521806 6982911045 0580042998 8795389902
7804383596 2824094218 6055628778 8428802127 5538848037
2864001944 1614257499 9042720095 9520465417 0598104989
9675045119 3647117277 2220436102 6140797508 0968697517
6600237187 7483480161 2031023468 0567112644 7661237476



2785219024 1202569943 5347162266 6089367521 9833111813
5111465038 5489502512 0655772636 1454736044 2685949807
4396932331 2971273771 5734709971 3952291182 6534851555
8713733662 9120242714 3025037632 6950135091 1612952993
7858646813 0722648600 8270881333 5381937036 8259886789
3321238327 0532976258 5738279009 7826460545 5985551318
3668884462 8265133798 4916678394 0976135376 6251798258
2496634587 7195012438 4040359140 8492097337 5464247448
8176184070 0235695801 7741017769 6925077814 8933866725
5789856458 9851056891 9609243988 4156928069 6983352240
2256345704 9731224526 9354193837 0048431833 5719651662
6721575524 1934019330 9901831930 9196582920 9696562476
6768365964 7019595754 7393455143 3741370876 1517323677
2042273856 7427917069 8204549953 0959188724 3493952409
4441678998 8463198455 0485239366 2972079777 4528143994
1825678945 7795712552 4268260899 4086331737 1538896262
8896294021 1210888442 7376568624 5276121303 7101730078
5135715404 5330415079 5944777614 3597437803 7424366469
7324713841 0492124314 1389035790 9241603640 6314038149
8314819052 5172093710 3964026808 9948325722 9795456404



2701757722 9041732347 9607361878 7889913318 3058430693
9482596131 8713816423 4672187308 4513387721 9086975104
9428437693 2502498165 6673816260 6159417682 5250999374
1672883951 7440669325 4965340310 1452225316 1890092353
7648637848 2881344209 8700480962 2717122640 7489571939
0029185733 0746010436 0729190945 7679946149 2929042798
1687729426 4877299528 5843464777 5386906950 1489841339
2454039414 4680263625 4021186143 1703125111 7577642829
9146445334 0892097696 1699098372 6523617687 4560589470
4968170136 9749095230 7208268288 7890730190 0182534258
0534342170 5928713931 7379931424 1085264739 0948284596
4180936141 3847583113 6130576108 4623668372 3769591349
2615824516 2215521348 7924414504 1756848064 1206365201
7038633012 9532777699 0231186480 2006755690 5682295016
3549319923 0591424639 6217025329 7475731140 9422018019
9368035026 4956369558 6642590676 2685687372 1103391567
9383989576 5565193177 8830002416 1353956243 7777840801
7488193730 9502069990 0890899328 0883974303 6773659552
4891300156 6332940779 0713961546 4534088791 5103006513
2193448667 3248275907 9468078798 1942501958 2622320395



1312520141 0996053126 0696555404 2486705499 8678692302
1746989009 5478507256 7297879476 9888831093 4874644264
0071818316 0331655511 5342761556 2240547447 3378049246
2149521332 5852769884 7336269182 6491743389 8782478927
8468918828 0546699823 0368993978 3413747587 0258057163
4941356843 3929396068 1920617733 3179173820 8562436433
6353598634 9449689078 1064019674 0744365836 6707158692
4521182997 8938040771 3750129085 8646578905 7714268335
8276897855 4717687184 4277261205 0926648610 2051535642
8406323684 8180728794 0717127966 8200607275 5955590404
0233178749 4473464547 6062818954 1512139162 9184442976
5106694796 9354016866 0100551960 7768733539 6511614930
9375709685 5455938151 3789569039 2510149532 6562814701
1998326992 2000663928 7537471313 5236421589 2651262040
7288771657 8358405219 6460541054 3544364216 6562244565
0429990102 5658692727 9142752931 1720827939 3775132610
6052881235 3734510683 7293989358 0871243869 3859343891
7571337630 0720319760 8166044646 8393772580 6909237297
5234867029 1691042636 9262090199 6052041210 2407764819
0316014085 8635584276 0953708655 8164273995 3493465463



1450404019 9528537252 0049578052 5465625115 4109252437
9913262627 1360909940 2902262062 8367521323 0506518393
4057450112 0993414649 1843332364 6569371725 9144893241
5900624202 0612885732 9261335968 0872650004 5628284557
5745965921 2053034131 0111827501 3069615098 3551563200
4310784601 9065654938 0654252522 9161991819 9596027523
2770224985 5738824899 8827074659 3635576858 2560518068
9642853768 5077201222 0347920993 9361792682 0659014216
5615925306 7379445689 4907085326 3568196831 8617722682
4991147261 5732035807 6462981162 4401331673 7892788689
2290325933 4986179702 1994981925 7396176730 7583441709
8559222170 1718257127 7753449150 8205278430 9046194608
3521740200 5838672849 7094110232 6695392144 5461066215
0064106747 4020700918 9911951376 4669044812 6725369153
7162290791 3854039375 6007783515 3374167747 9421003840
0230895185 0994548779 0393461222 2086506016 0500351776
2648316111 5332558770 5073541279 2499098593 7347378708
1194253055 1214369797 4991495186 0535920403 8302357163
5272763087 4693219622 1900642608 8618367610 3346002255
4774778136 4101269190 6569686495 0126883762 9690723396



1276287223 0411418136 1006026404 4030035996 9889199458
2739762411 4613744804 0596970625 7676472376 6065541618
5746905272 2923822827 5186799156 9833907476 7114610302
2776606020 0612468764 7772881909 6791613354 0198814027
5799217416 7678799231 6039635694 9285151363 3647219540
6111717673 8737255572 8522940054 3617851765 0230754469
3869307873 4991103521 8253292972 6044553210 7978877114
4989887091 1511237250 6042387537 3484125708 6064069052
0584521227 5453384800 8205302450 4565176695 1857691320
0042816758 0549248117 8051983264 6032445792 8297301291
0531838563 6821206215 5312886685 6495651261 3892261367
0640939533 3457052698 6959692350 3530942245 4386527867
7673027540 4027022463 8448355323 9914751363 4410440500
9233036127 1496081355 4905315390 2100229959 5756583705
3812619656 8314428605 7956696622 1547216956 2087001372
7768536960 8407048333 2513279311 2232507148 6302069512
4539500373 5723346807 0946564830 8920980153 4878705633
4910923660 5755405086 4111521441 4814346304 3727327104
5027768661 9531078583 2333485784 0297160925 2153260925
5893265560 0672124359 4642550659 9677177038 8445396181



6328796144 6081778927 2171836908 8801267782 0743010642
2524634807 4543004764 9288555340 9062185153 6543554741
2547615276 9772667769 7727770583 1580141218 5688011705
0283652755 4321480348 8004442979 9980621579 0456416195
7212784508 9284898064 2649742709 0579129069 2178072987
6947797511 2447305991 4060506299 4689428093 1034216416
6299356148 2813099887 0745292716 0484336308 1840412646
9637925843 0941854422 1635908457 6146078558 5624738149
3142707826 6215185541 6038702068 7698046174 7400808324
3436653823 5455510944 9498431093 4947599446 7267366535
2517662706 7721941831 9197719637 8015702169 9336750837
6005716345 4643671776 7233875886 4340564487 1566964321
0412825956 4534984138 8412890420 6820470076 1559691684
3038999348 3667935425 4921032811 3363184722 5923055543
8305820694 1675629992 0133731754 8912203723 0349072681
0685344540 3599356182 3576312837 7676406310 1312533521
2141994611 8693508331 7658785204 7112364331 2267651299
6417132521 7513553261 8676819423 3879036546 8908001827
1352835848 8844411176 1234101179 9187092365 0718485785
6221021104 0097769944 5312179502 2479578069 5065329659



4038398736 9907240797 6790408267 9400761872 9547835963
4927939045 7697366164 3405359792 2192858705 7495748169
6694062334 2726197335 1813662606 3735982575 5524965098
0726012366 8283605928 3418558480 2695841377 2558970883
7899429105 4980033111 3884603401 9391661221 8669605849
1571485733 5682861495 0001909759 1125218800 3964197621
6355937574 3718011480 5594422987 3041819680 8085647265
7135476128 3162920044 9880315402 1055305970 7666636274
9328308916 8809323592 9008178741 1985738317 1926167288
3491840242 9721290434 9655269427 2640255964 1463525914
3484006758 6769035038 2320572934 1329815935 3304444649
6829441367 3234421583 8076169483 1219333119 8190610961
4295220153 6170298575 1055943264 6146850545 2684975764
8078080092 2133581137 8197749271 7685450755 3832876887
4474591593 7311624706 0109124460 9829424841 2875202244
6259447763 8749491997 8404468292 5736096853 4549843266
5368628444 8936570411 1817793806 4416165312 2360021491
8768769467 3984075171 7630751684 9856359201 4868929431
0594020245 7969622924 5666448819 6757629434 9535326382
1716133957 5779076637 0764569570 2597388004 3841580589



4336137106 5518599876 0075492418 7211714889 2952217377
2114608115 4344982665 4798725800 5667472405 1122007383
4592715757 2771521858 9946948117 9406444663 9943237004
4291140747 2181802248 2583773601 7346685300 7449855647
1542003612 3593397312 9144585915 2288740871 9508708632
2188372882 6282288463 1843717261 9033057771 4765156414
3822306791 8473860391 4768310814 1358275755 8536435977
2165002827 7803713422 8696887873 4979509603 1108899196
1433866640 6845069742 0787700280 5093672033 8723262963
7856038653 2164323488 1555755701 8469089074 6478791224
3637555666 8678067610 5449550172 6079114293 0831285761
2544819444 4947324481 9093795369 0082063846 3167822506
4809531810 4065702543 2760438570 3505922818 9198780658
6541218429 9217273720 9551032422 5107971807 7833042609
0867942734 2895573555 9252723805 5114404380 0123904168
7716445180 2264916816 4192740110 6451622431 1017000566
9112173318 9423400547 9596846698 0429801736 2570406733
2821299621 5368488140 4102194463 4246462207 4557564396
0452985313 0714090846 0849965376 7803793201 8991408658
1466217531 9337665970 1143306086 2500982956 6917638846



0567629729 3146491149 3704624469 3519840395 3444913514
1193667933 3019366176 6365255514 9174982307 9870722808
6085962611 2660504289 2969665356 5251668888 5572112276
8027727437 0891738963 9772257564 8905334010 3885593112
5679991516 5890250164 8696142720 7005916056 1661597024
5198905183 2969278935 5503039346 8121976158 2183980483
9605625230 9146263844 7386296039 8489243861 8729850777
5928792722 0685548072 1049781765 3286210187 4767668972
4884113956 0349480376 7270363169 2100735083 4073865261
6845074824 9644859742 8134936480 3724261167 0426687083
1925040997 6153190768 5577032742 1785010006 4419841242
0739640013 9603601583 8105659284 1368457411 9102736420
2741637234 8821452410 1347716529 6031284086 5841978795
1116511529 8278146203 7913985500 6399960326 5912485253
0849369031 3130100799 9771913622 3086601109 9929142871
2493885416 1203802041 1340188887 2196934779 0449752745
4288072803 5093058287 5442075513 4816660927 8793535665
2125562013 9988249628 4787262144 3236285367 6502591450
4683776352 8258765213 9156480972 1419296755 4938437558
2600253168 5363567313 7926247587 8049445944 1834291727



5698837622 6261846365 4527434976 6241113845 1305481449
8363117897 8448973207 6719508784 1586188796 9295581973
3250699951 4026015116 7552975057 5437810242 2389579257
8656212843 2731202200 7167305740 6928686936 3930186765
9582513264 9914595026 0917069347 5194089753 5746401683
0811798846 4524736189 5605647942 6358070562 5632811892
6966302647 9535951097 1276591362 3318086692 1535788607
8127599105 3717140220 4506186075 3748663063 5059148391
6467656723 2057145168 8617079098 4695932236 7249467375
8309960704 2589220481 5507991327 5208858378 1117685214
2693347869 2189524062 2657921043 6203488529 2626798401
3953216458 7911515790 5046057971 0838983371 8640380244
1751134722 6472547010 7947939969 5355466961 9726763255
2299146549 3349966323 4185951450 3609803440 9221220671
2567698723 4279407088 5707047429 3173329188 5238967219
7135392449 2426178641 1886377909 6281448691 7869468177
5917171506 6911148002 0759432012 0619696377 9510322708
9029566085 5622254526 0261046073 6131368869 0092817210
6819861855 3780982018 4711541636 3032626569 9283424155
0236009780 4641710852 5537612728 9053350455 0613568414



3775854429 6779770146 6029438768 7225115363 8011917581
5402812081 8255606485 4107879335 9892106442 7244898618
9616294134 1800129513 0683638609 2941000831 3667337215
3008352696 2357371753 3073865333 8204842190 3081864491
8409372394 4033405244 9095545580 1640646076 1581010301
7674884750 1766190869 2946098769 2016912021 8168829104
0870709560 9514704169 2114702741 3390052253 3408348128
7035303102 3919699978 5974139085 9360543359 9697075604
4601342424 5368249609 8772581311 0247327985 6207212657
2499003468 2938868723 0489556225 3204463602 6398542252
5841646432 4271611419 8178024825 9556354490 7219226583
8636626637 5083594431 4877635156 1457107455 2801615967
7048442714 1944351832 7569840755 2677926411 2617652506
1596523545 7187956673 1709133193 5876162825 5920783080
1852068901 5150471334 0386100310 0559148178 5211038475
4542933389 1884441205 1794396997 0194112695 1195265649
1959418997 5418393234 6474242907 0271887522 3534393673
6336632003 0723274703 7407123982 5620246626 5197409019
9762452056 1985576257 6000870817 3083288344 3818310700
5451449354 5885422678 5785519153 7229237955 5494333410



1744201696 0009069641 5612732297 7702212179 5186837635
9082255128 8164700219 9234886404 3959153018 4640047143
2118636062 2527011541 1222838027 7853891109 8490201342
7410141215 5976996543 8877197485 3764311582 2983853312
3071751132 9619045590 0793806427 6695819014 8426279912
2179294798 7348901868 4716765038 2732855205 9082984529
8062592503 5212845192 5927986593 5061329619 4679625237
3972565584 1578537445 6755899803 2405492186 9628884903
3256085145 5344391660 2262577755 1291620077 2796852629
3879375304 5418108072 9285891989 7153817973 4349618723
2927614747 8501926114 5041327487 3242970583 4084711123
3374627461 7274626582 4153242710 5932250625 5302314738
7592517247 8732288149 1455915605 0363345754 2423377916
0374952502 4930223514 8196138116 2563911415 6103268449
5807250827 3431765944 0540982697 6526934457 9863479709
7431244982 7193311386 3873159636 3612186234 9726140955
6079920628 3169994200 7205481152 5353393946 0768500199
0988655386 1433495781 6500899616 4907967814 2901148387
6456821749 1407562376 7618453775 1440314754 1120676016
0726460556 8592577993 2207033733 3398916369 5043466906



9482843662 9980037414 5276277165 4762382554 6170883189
8108688068 4785370553 6480469350 9588180253 6052974079
3538676511 1950793732 8208314626 8960071075 1755206144
3378411454 9950136432 4463281933 4638905093 6545714506
9008644834 4018042836 3390513578 1572739733 3453728426
3372174065 7757710798 3051755572 1036795976 9018899584
9413019599 9573017901 2401939086 8135658553 9661941371
7944876320 7986880037 1607303220 5474235722 6689680188
2123424391 8859841689 7227765219 4032493227 3147936692
3400484897 6059037958 0946960417 5427961378 2553781223
9476461478 3292697654 5162290281 7011004378 4603875654
4151739433 9600489153 1881757665 0500951697 4024156447
7129365661 4253949368 8842305174 0012992055 6854289853
8979426699 5677702708 9146513736 8922061044 1548166215
6804219838 4767308717 8759027920 9175900695 2734566820
2651337311 1518000181 4341209626 0165862982 1076663523
3617740078 3778342370 9152644063 0540718078 4335806107
2961105550 0204151316 9637304684 9213356837 2654003075
0982908936 4612047891 1147530370 4989395283 3457824082
8173864413 2271000296 8311940203 3234564208 2647327623



3830294639 3789983758 3655455991 9340866235 0909679611
3400486702 7123176526 6637107787 2511186035 4037554487
4186935197 3365662177 2359229396 7764632515 6202348757
0113795712 0962377234 3137021203 1004965152 1119760131
7641940820 3437348512 8526029133 3491512508 3119802850
1778557107 2537314913 9215709105 1309650598 8599993156
0863655477 4035518981 6673353588 0048214665 0997414337
6118277772 3351910741 2175728415 9258087259 1315074606
