65280133305643137535330956748253352991932616085858489461465502763629929494761367
39059683655625437447186822229990462140942082557330961759773688602352426158422564
87967899966060282816713886912948959198115468164771518306419107579563974476676631
29160939536230012825584785691626335320650268582088833082703119814110802046260986
09630523359783537915598264745126111196884325506516753461769776276621926253727138
61293112887316219712796675232355388061856525554037190961128904802440332657712659
03857139661760096414124310559208924929825947577390479549396441048952348553460477
46254513939101648612632002447712599217365281865490398697199637044377550805072287
76172129736318073433921581048054059765403170003417285798770565681848991253199726
45946151330635616255260373429375418749354321876146687770978186755049248228409323
86882285114989313295444042298470348994037616572821231758539262658066383012760465
93045963540641595757240821206666970734859028861862212155902426816514354251848499
46436552632846288129006337468335245068927255397771211497385080807334248067634236
07106110264537817685416843719274455798240759963827064837098408544710601355713787
34013391020143029533182320185580870118415493232677056796414891265322071672758606
50690654077722155388171282854294117803149521152048468323484810807004391282237962
84239041853706340928724206987469699392324079767095754436981497404270732605018557
77428495075965165848509296390332632787416776816470981576842737445457304126523070
59101919203462054283726096050541438129273853829311177521422533330165719706192570
94073809475238746816687187142821093801631091211772063800117219345893581773691057
78508267870147944958577068964772844518684106955506098869883630585730050513315390
80999155098437014596462582345708386833173180080085130376775577124773397155145994
15225055773382369742784415970055286746063099878691179535095785770114006250285595
26735152531536381476708687546904911862813725082180231812159769483499333236886579
64898942877121394714909530945761083530415541622077247110025485516868982704700676
25897150505935824370619712881433595237936362150903393924529391915140116340604132
56892033296966236499339726192526704706940041639057788639319219656690224451473975
35170987872780934430724155667188880176810111341566792391204010939415584246429248
74909687149440760490894318669386555767948494604044570507943080898504742106035754
70185352465412649910499437148587739483491146585705304181669582615857391653673970
79253063471410351259682655576031164944218401600406926127834708015892773467778597
68097127269697169669586836188518636496316121688288996193626774692050635813025748
63743429364197466703051368396355321368614746996563540313609555746665876624906689
62375404139985961539527017202705362219366760787278454529481649480520537964744438
84890239971703744801708883690724881260730051967839295511157135772151387268458862
76170647224224419516900990342958243385538093017347424294901245042805604123460626
96593113735274562071301539141489665013395151861447427077720678380652557556656387
87811105836138902315228401559174841000029969728213411705587282366692366253971510
04746629069743471490743723101494553645406937975604682244101591954451896991184484
56264850248873502699739076446805218296635320467456393322360669196763388932856289
56360690971453465009114781556645403937574631226086204467731376256172396881630846
51619514670483618594939063257189554634493440502064717996857161323875458368002920
80536130711279343314781696054788532476483158196726108644077858077071063115586522
18240516214215699750270669141935953463781907764028191289776389987394935017462905
76318078208222444585388235508881584175642345979617269183444741302774360128001484
00030053023465975405420713911393547155137119620945227461139850493541978174423025
51465669423810749670306211421326991290006946659320198220591288471666636858133726
84755999206626639863583807953916120940474678970925959828554371170109174687789419
36331937791725702239336177784655681728014236082573400035282438147705944950960441
87764837123662488384901179175577687146719987116100484419284626760988710738462138
37040448851475017483692714606606578330093464823996518217747456903471355090927550
74348277547986906939335471288557886268252684377097703366756745516814870597255801
44209169826100682415654564174720254821880366638701769261993959910560228607795114
24473497696685951394988276415418149376874213107650136697577329436734752382463644
68295589451025928774150457612653376313281046637313789338134437869187874829606298
16401954893950408821881201837339811504545441104012478565451440064981606481057174
44961582502158214910333593874686771419920415066767360507919524411875379395415864
17424437819370842997198856998428017417437914456341352183994147560129974720807856
81350768181129948937780922267843759986301611205631497204268348855286973298663031
01275545487988345125491886489050676140481156701790484505153085491092121299710805
26341910513593924764486985849558111641271869768199358326845521390190668418671548
70631995531171923408837426387813258424476424468180137542006232558449323978120145
69730296179157767821237604897847510723764666681515356625600045793423139103848690
49072231929855338286725514587330812804544762571321774288053593784199390030117850
41185863845132561564703447276662780903783082694357943642043543179285577074922374
78944764777015250103426584363508328091166409264980875011824686503855517149210829
96071078219406143296821097376678046887356862884048353927334451239286172515172764
54110862887172748926433939816401845031030563395734647620143815390969833372619124
87839444073301843429121349462822204650060151639721752530277687449510031074331001
65095610859213547991862727786754369206077724780133467709245115123140634599883459
84342348347601367574887221217025047465064468380059422553553592232506687551629913
12640154052165564424511251328916950589197996658704443655672803379263786724892735
74695733231440784360404960115188169496300244917646600067805916225999793046719983
79301485811355370903346870538667398392799757651895132953631609017685904512098151
03634879988438947644872003976182646181777010481388625673424349751253316703941078
45085212376125569175603916230251921030733082005545547570662473813528557558467156
41540400708259938172632633518199111239440709573082238236584143601949501249434446
59014675066567201168025172657050431058591156709630844669145595554396219178095054
54075433584969315069713973736067923172937236644267015057626003155281615328428175
27917270430912764358749830443599256450120548030623635205467190328923857387999130
54675834389862277881440909760181462003156274277696441265754040396155289719308549
51606215709034487659035593866824819458723024758474191464306978733939604499734265
20300226261301087784902803486697431392988161201753367563793077553830723818160139
89234561915751369549266702430710978650307599388902086875873900369896858034637835
19339192677062745871808539844339181615885759900241855712211956028026673102447429
39281850781434848496389312022941350017110799062526458772970642873924472834077890
73758462102172098328230771911532170974015560739387453572860076662866396466725377
31954175043519546153884507031757638472296055314241554052642654646544265745632886
31539265024092248863093003408214347075649704092241561687527140753902446740163824
49895490767488794061915772584565044856286264591979009760042758859108766776911722
95031897006876023298104271891138751377662652838433507945430242891277445898172569
24435348915113307099584567553063439317547066563341720301121493121437917805124567
01087756856614846806514956556303459318941700511153621517826945481537905054249755
98131918541133618508548283182268840382816857874219106162977947692288199058275830
32862474143879600527618934655535360049328429405247863304879389430209991805182327
40258349153889807917931837687625561956584607272233572798878845706260729736251274
54499645929540877812288401382249637968076633789610430034307688429361108893420803
23455439412609761162798475093629013885925854021202876032066335291507049785754255
77592444784686933746733848696251620755822022822112929982828141418804691909763009
65049595297762547122046377006328225185780677040436176717451611236451842699856024
77985730885192346899826825643680880535461631924382836957570945318433274858101131
73461967069445656921339643061004034585759834557478305082558544901230358480773816
73637798500851361578792329698091983390302300790068618892143261054327025894558407
02397585205065409067108959650510347633536825827864756506565774350609855738553714
95102299525257667591232877256462252672326066203674100754849080744501443904734579
04105920232961962944039670402993807683327961084518376732757113480121160923487607
28450903211382317525607818403891863034710305208764377144538713214507897671227417
73570662253287462447941004156036583970534378875181584696908267838731080103753581
10460803700234589530933498185470691110261421264105772350429652980137681752731313
39078019614903419694449418941915536129910585756926421021082532453156198785092004
01114258305546971392802031088693622284627862539151110199703638429685066001132255
20936052291076631379168530778209595230677776856108260150416424674295331744916664
11872713381647909523895355197891080191585675615630451178071989611842664588342757
93571302524351953493573565869252425098769452537458735525825579166600303320459776
37711645576066321828603602606099326623122328201440521225058062970714045986499917
21549714889711898968605339470245766953854363321639814090779861684881727718804373
10951037487788590294967871832512174675610319120349798406839990339997479609827932
43968053333100874335042396416782109934097896762116736978708368101513321617310924
28616119543661690413303003198622167117048150470543236375313437198425914429394914
67319108267881428951620090772178927344052727934081299271542640152005746507321286
52320825576066674911101087825602695495545195431186260989463052359367865023371847
21772734940389812350810216702363313788510541902745513567997719922279489379223801
54870408505805978814377862981947624388234062101666978240756600866882676923124718
98674652861133214403276294417165733918992671712602926674192294035180569453003114
59107616643351416624668820202399801590184422099089997763978685918939218338279733
54395100836861763077459884956569228612920357501057202037645665263074041529764921
71269100146448674387172419931893767916244219257027010261848503124423002745874532
60821571051916953524897536264468515192028320169998178712229830556764692793411026
43505662104974606536044983411454801948482349445312165650568435705728554535351701
38748243285909685867406435613094400290621162616453349412637577007396614963011740
41973917685378465339984481441551817768809558294242555690157746903180341550303423
88354981885972081725476219760067884465902856439960046584433055926922944899294167
68949692784457591955903585283163216294616053095514788759013256491749415805343186
57886562745287198107973066469411100060912377353357001011857600772846196536806768
55774142142700919263606404527146639482148925891005273516862561587337813134298335
94889909556260918481089369264570565975089416345573953615698643295863333618595715
45534259297949948402141009862912471194216773883080936360633246410886163622392738
41777404457238052141594214319337098098344305729928113476754359014106789842439724
03298912210754560345332837122156941001727466039741909211182571026884601301734587
21840544692932594963660503035227609160403565401737720097990682222015376123092886
72701806004790777519579554937685425918977451149770648497664326350826252673575121
23042910156741109917802662007879003121823033321594194649247651813502960235220281
52434358527383633099569400961850475837315054416971593283523835006327384219030897
27291501435341932922946804376231263039783708672614549357918714183148362062064092
28949793933606495084515346495370011308209787939670530483967293974642526049211633
71777248522332186219487347229285555703660147544003088005506684380455745714860834
10234766364028291825019425252737212420937497952107809750947522460740479487614801
44465257519058693187934476118129740853752962999344851708503436447569891606626769
54199184208438864784363229073109944086537944957478608871434976650752186857431123
73749032448467901457555241228952204163242208669683436460979347678374860547656919
68949956942476848796232554041481149993701661747535835859489573463178753709086988
89280761696479723140101068175386438605901198957053353483492036047389902174429174
64324980084638370000968291482724815259068877200866392009316146137907833499894820
33340241268438566687434775822925009439451942025492074199854826720284180653651881
18692770813977714794301065330460148162502823030791646846476257754822455185447603
16470638771670312787013409523749413343404090001974658799180030512153251389597936
15679086727904439573954504587335773266535450219266556840771297754238279299912686
95013854545599202657821325819196869577678234065252030083807047557080490319706010
60590424942198219170956300798653715143448181249017360322771929287482980546761546
37094219879318833548662400492529749276782922464686147714151097715837802644166129
40545935946902930845797652998418876411343111409608710644658011942526001055171688
79720873934147987325883076770763220599269810220649027305186830724185110555921338
50637076541064079929203839208371645662111375250255601654126612275274872260008105
26838401059476400566586189940272525216471639272060265776390677829125540300770053
93597923524442844918590725600741517003950079228266935433830591649662501246474866
95124419034389124625321942330870554457959087563481161024476225213147655311734046
31951067588706790226786461732317512615983003477084883653147910357544498277239100
27404997237068327352152334150200190454014735095907171440227064873103750580278535
19295918538467655109795016726971454769398849249032378565712130538246518300899649
91082035742306160289769595666574134015745192803366698373272048589683730726477211
23042529713957315376797617422855626011976663016222433873225640057686219110613742
15723055061491783939043276267749245960721758693451881622835311643941630618257345
65518019601054762753495456483905868394386855200334396650717405423045401200838209
15050461373616326968689176535450878492840809730477209015409581296860792549223019
15506906019283381103691593166372298401141248381999855929562389464159894937587259
40009821153729777976478363346722811092218601052822147913228488011171701493167243
34258409711174120803187156364803091199466113588456843248306550544310703823535999
30839353443292855756360187779702804103623797492067057244903972712556527393181630
63462518115463805752157857943498547530965024959343342488228933702542337064047728
71956332662050210824657770622297049328100798877761688635908544299829330374583113
99926464114622205532478139097141029543154154706068578378016784065429442580944359
53066231277767658546946289018725696900848059553797747185776754671369418309371183
23912512556140552510013658594398492291626715282926341318776704750496813014851912
45651507739566843004376794528913879415098240993155213744695742303526964961781553
07744866350458545130653691379021544656304601261791841409177884456993153066559729
99846836868332374253116324830970931094777274262101343087090636088967099175051406
76946952244866189284617227038999920796755330350784134328000044724431758045212405
88682496615735982085619080490497456922521866259360039609932495989660516124853199
06710320627372271076472251714123161471494556245276027029948813972550232460516130
12414206377623301510302726071294026773337033551333474360553928294154648936665412
23239183755407167165315489135395838370989106939991228539927327491020761129679959
87611468115214005274498494535959603885665329584009856785214773348598319121137546
04159608336274779313906793279050408632964648942708545979147848801960470508041488
27552386643448095802674939340699895392897019858862347226359696845906271398612410
13279452933170712485398684380688491040233477444403460943003753852743050509695229
87724047944538151229919617677489956194130565343903664422931046849785008242429293
72495024208178317700242065562145287052670477381151680817045227603372627926159435
53431664623240444772447397792737359875419246995226110391759009566857196936236943
62146290691366581722461630368132850292221903292665170441429837742720694964248029
48890885281122391126584514278939886827206821282510255561143123122410080756220387
65524295570812330158042516358087153385058698960496820634641465089057598350944161
62153573894806258590433609682139430963787631101786646190232251659023635586218804
27482630173325876492469914464041828644478540835574443351541174251622048531910390
46780173782210057929438035363931005161291548097262671930773688496449565081915911
19456216308914542409368016440806676143746574173754580538590509302549963420540574
85996447770125059858308720676862293449793270754716404396922461212112080580126043
53528228096376081336126177473983086739822145785584679795396882046877306048478507
08280063748228215645713037348442749277090384681021725215315486917667703927248445
98201702023720968252823434562836006797625637151470958218898004869360879986250187
69980848087710603993986359845329981902920589880241542298727035628850651561589004
97001306806737112005627360368233472601200651373846061440357031221902440312702880
86938574930991109793277227255967861413727609686094707465146175989944134407568631
34408382640299769678941340973946258101228393973512289522003764701529703093977205
64546967279359440124826880555106140344171353240169516919196544190408272597276945
31970621741630221615828792784387542403935094131095200452267001829762070336536261
47074752720176576232777206882648680079301426769666023692878093539974851225917729
09597941829023654024479561245528258810798115553723769619545842179286825905483123
33800260467764621425498132194105351873956762993397321251687893841209341953612370
69747394885381073103813399302290408523922062000819754433469331233525775030612311
04359814608319783690245380378318247544183292260373723808064994938120555453367110
34034233711110202544509342015791046595927862685071246759100555785682680544725346
15606511604580572690042782408487808858775767083209855218873768290412457316650730
47626836122562896224488460734125971998665299819107436008872300786508937841496723
46597807112860819521363199217372395331153105755832204352634124703792103842137472
70073242531864802054970362833241123229777022133050810901931441866714076890406988
59711122305773478224672983302316122442011081297143122556331911585801851064756582
34926385526701570893560630928205025948125414379088043083658436779008641849622188
87621909948045132058098944715138495604936594724530062243384124225493417991069592
30895662608153039494150762448685052834961775618026038214401445675502357400842085
41206364998668999686767834001224879564626892592914004688897648166035348625760249
31752754930263446929378645259761991183567375131970610899751013984201888097810166
34918270368189294898008569563606446042095185143706938678575932381752151102857218
68140554117558178024243002281498236164411596826369507346090983913830684337001294
20941628818211760058095020073805240568277714841761788851299297128744268294994169
83607848127194574529132401843012958271400811007920824265203842893607406494642028
14989294652453774250372507819938519675710966530431870178104166575670273522826769
37426990698027121449157102245237421084790141135661512453342031979639201529357374
72568995948899972498623993694212814153596031348063518439533724972554281630823205
26678426911586963415588450504908029774750721269205265773038812067914155209052297
73296592304109164212941292313088213468894337059156541138063788811482941162829354
20898658354264864523952647873275765743845793326324268417642260141607678193368066
22895223082649399182534423867447446049500672164047164979975231328820138864548357
90030454503198132283169660642943438211160763074687226262142481340847629866543873
98904194068453867687484612377461224389788359615427135166816178960512866908768116
18314242404440901736240043993768316767815767202636726057409139205632569808098711
55166138610138286165551278528560326550514103460229633291536702308185014351539157
72635633806006548546049255527466519086395414197138106820935184316741982061352924
32589624630711501484535831962370379087645492835950175021391994035438284149233812
22639743771259831642897627215188450621171837128610929849343378189268855039970406
43726533854453957668527369526764209359474220914230593182245138119691520374320307
10627781586285457530837065810938626871319245663863182436317154410006167772399099
24684155746312044421881709169763494086935777450144999623920186231729880576799340
44931915648417335054660369090900481134492591042119161114111099267226779289295625
00803796412432982122439221734801899359497629176639438257803963943033746117480977
24049782059859661705516648253107484009372028590311180353469580199756081026532621
18201068719245800629072577738461010970718025101421698879701549804521566728494320
33025516650899358645110485705322816326206072903540643499164602561187392616384465
09257370719117527821771852710312564655733500159843674091512042503913847638853293
16921205082304293731737272986827789932409630425292638971586818223027461547602405
23620033334084847106628290953444369198373671167685054210314614497612872136429732
64428932665705264059893937943092408515236279113378047546609045932435863099955662
49493921232956290474539405613497363299057068800832690905289179927097459146657256
36249089431872642527067970166005114387615857626535333155011635816703589879823276
49311582423012465701076593414687053860193374534351099391127140673839806358168721
00046410824391769485728329630242278190209490349575282623001356015147547037722602
93976358991684946812713061577758040930402160738714618897439466453252313792982318
49428699157280317012133218473573807174452165450247495595478891265154314937410268
37390257918910844184489597114480681358041099196459549048306487762663219903872359
54392124536678702095138488280495583126152240132145240650965099122072876441714792
59633576766477232459311419140204884077797258086926774281893946865835832535260548
13543695455498933170339318697853960219918380133830886076170001167187298611063526
40221032344704622111089070722068684757953141967159814834494925941011305623201323
79867014144148347867895192680744083950090514360604710814946396905005705370639470
06795362489917270217029594952703283108827470408576359917939316450747702806905684
63180742254124780355711640033833691970346768875266809180194866760902282707326425
23480004847344560188916707562199002831855742596642155305208827033746185872644784
24986880871315487112504652750956268809988744356198898366812146668397935787042462
50349003752774100825283154286054759699599788325315207904209870333816837840303258
46923713863802266549915974998080229295856164966003635738225537387765080432472555
89059102819268388941158926764601053897343325995706772239914121530443985548988929
48255308224594112868301670621088118342888990308333847655007939235243555738759823
99329801676665033568518275553348356086572472148575727967716385396285040333741224
69620674428113314652177024219797723879532055391960768894168465315370846930126024
95280030560315529037499194216650284794864033806666214060026277883070287682084245
75570160736641323708248500197523169738411838054293892017198974831941084692032630
54235140849294514136504770930587341834333002485280051920970530320917641006291359
11220887902859932943146824931784280558947550912011648672836752075020466583868903
65934981693694455586273999348024900818138763355681116781008137964523968269941136
56656259746192337402088287438681532273271555950992631169276595349853196851189932
56427270629970588992335351846199643065082717185644806478308311355945351467664592
12659405546233764318211978537952480926702226369684396276991084691105190964315371
30150077207278439078695135595710119816138645338188775872024423670038421269371341
52335146201566509068042437519558809429305546524090152577151180549705425151407974
25428909632098102993524186327402804530568868924558286820375883318684401711194466
57559567170589489992929942299734694794639584563894674642084648804464761958451311
81971180980583066002536728568658994914661944721681260603593645859471570952147077
05540688295808750002788293057857534619111068127838387792847239561309168156216389
52809511539869835616031766971803406213904596097350736349115684297254769829610756
71574153704804092251445523253680886923933554936611493735543592840393235909655427
53130883257630883335243369164809580820704056654284074369824615105265109392560191
93173954102640177541686278295207462377141911797087447736968704503643998184814556
37587745280288642874281664236028057267555707613685802071650796441391093723781884
83589108964552757626815456351917713240910830518932272561210867902234847538247754
82586824918673694741028710360784919320401951250478382880967687842076588239716964
85987112277547305293757699308433797666741889359820726884687053201315427472840912
80710293695682332907869918632025987978788491115332456319688525693695568423678231
61484116522415867910676846607414447993288922597471964531406426561395995428694187
06143707614868311866481450904998592845524398434801018382446740693650977461382897
46965771720808823959104217667457448947768316285412945579180826458878837798279037
22266517731357604735462280504716240798604508957627542856305643428676394319130393
48601310357923290452441148564064442455842694616939132950845014596004229412525798
03097826422771751039726514425840821762269443750558578301461221473017138578630829
89900503847192260858029223820571271000982331976298557152979062035119492810086984
94804410984618194203473015969641573024293528936971473006549911074679575004664780
01328492098631547059464928609069982496580044737807806728996400382348115609810291
63574660368899855354979698623598369308629494311405601469986834156464501134481625
40425561138742661958298848927797231276383805649935392426852822696112222756782135
57199601690412023074222430360106088997370630779436247505048719062129023608603368
21168257082325719614524398864776162138987922717744972303006426570831578695921222
80749345890116769987082613791913353994565437165441234203703423355543352604545971
12432925710845420725236154849435425665298432945356257738006639566759336272816884
07216278277122508247335054278016922931980639391236110913822804135620720381495344
89139256047865610676602217259562600446873872498846051112335380100087330288929638
40635297442106502824006217393980962001258267603093708142275697959013948963603441
19839998277487069268417581885527187481966275738763063522429194543215756379152416
59115090009816110806605385379953304832933510105105302446851680261785123872345413
47707131776984589363425618921331630765431169748526943328688674625284374880022261
56069034157096970412883583778753507956055712644249772235737466775163774671873422
70589485124674813868413397858894731599550664658615233411686485803291022245239696
84784985987312022386482615685978476228090797715216933083035528598359873805976947
83536774618970293472287246862568357626916369575845698119346289469635428574691129
79561722723832828908493045799409520055141805759641169816139980624491012747704730
18042679786917664082963130009033805305670219914489232930357150222069081614796076
52020465416112007632391319692058403404797690738140814715653976883086331094614027
61687060135609934613999914560422842010499691049783197366966673639502512595726217
58379453624932323441578397884157086581443069176125527567361334671239213297796356
04461527798264011708768879677064685515833332531859857755180695548924218797437800
41634261864050421495299753622992131512161393568450889360648365229851314645149372
91112565311987470651491859349073814744889742692379150339468746338620059251276896
98984431267137196446577215019107858294464992711346929424870293861682801737084325
50051653824662720023575826098532024052811962919769820344932652633640043298301723
37196455596271688327840539100622680640648352524248002188458634861275839828846365
36529291840649428555954988770405790266383420804953736427247024202485406157253981
80508438992475445805458321180761581389354773582621946972688201540221872661117567
59681026173799883676517533348986774420012070636232228613823413839715956277045045
32917378101130688870768646684231379563632542761525876971002663575599476428878576
16364652945963706758975480050272469285721286742637590719332816104597322070014170
47541963904417037979812021650889135907521641990848422610399427328976043719180500
97421137095762413639591091296132283184487043728153777224861937557543298701964533
40219234101771489962223976988804289757811574266133018585064788888491352859850136
45097767532126541671254151496922760921983712115824376837157633913787651624335514
17588082973575429047139544239130148875771473356385216751553313610959156022904351
45520081759799888838429537612747833110177460440016165154540152090080732158624161
25431369483518606932985739515411621888844524625381694087395747497367702835501454
68715986080653959594228096882488474134504302069589412375609317672820234370984937
45732059756767022711232635847731142316615421730480943700060887688936360027233104
18471999537694722789796525164970287492473510088224996660250992152255337000191295
18650136697558080818474039815720338791430212513925835769121875124154713336983324
45048256078342962732575581817113028691520538877701200097588522536265788200773886
93253164037119867909402915184509964477873736391862833826235045498168936694217477
54066896762492579821093810127238247747159621257175142314696457342910404386949532
69616075672786458602782886754322791969357365413016125526413073437587005376766231
04199072617187254951945566837359163158094823244646129066511070930445010197701283
55724997929612187182374851686448346032839826467217308226013178746766216127235278
82443020229210775728212536347638502847948396422606763896204456988547444671969033
18946838737655801278995187343030583585022264482369999219396527698562689953258861
68561021419384768328345749493313327473596156070202621733632906536470898475734959
04467281323789514880556659605653147196517329341831851575364895230001858317961549
47632222251934247411500157972586546660603198298433911673206467774118725529225574
41477352221908153825571179551221859028311987198738839195217647357044861707144873
56839191496670768407993674232962243892529229069967332277310608797128355672479072
59309958115546025824600499792663095597937783976201212687737793910802722566495177
22557806097942358453399699196292536685936804914563603045528942540030223604900148
17767786821013987717766785630677261125522053077506873942413514067999820757663374
13524769285864634572490692611735576714054040113254405881785105970804264249086311
24863925988625380720301931538195064392653692718834833765371392062630624057708092
30472753697059845049182666035744055235688317778687046183041385430808798894033657
28304245137639526425827008915569003997456765431398840001638539992108624655755671
96029008909834229968318150971018543109068251645078612113101422711521132795574443
79142710668121167865532844332346134794882028002067700538027309492972986496766143
05521904534487599314536464083318508252622757852660052822170779946249207913830741
56133673515260987057550150111593074918311306159396341885449517042997448016872952
66840379857498040455341901303954672125994507127152709319190060901816167080299566
89350433345359336325879246139105727483900879355229879655877937324299098726182170
31735637763092024950147598509761736652138150935581236621210751021614483556627398
04606984622618136617208108021611963958179676439145989238092025688428348512661267
51054037972776324687543501806455016823829831276804558515977835402952326702250155
36328719611262348053320263543665964086936466937606032194693024497068774425158338
95093293499229260664041106864027270506973215395559017966198590064541332550323151
49393319115804446355791364607177433699854642061552632161061311444178170694747574
43362628069973927068715960133134210100523214540865356560056253840077741915040565
96370941409895856090789554640837373723793531916439397715034282642174858745636530
29771928060109152427033466769466057288648654369627248702431169842214968454362791
63826552278604292927155038484826736159708285883951848981632492063422676194184837
44727266310739495001846820254771988727424808425308391522784630456866365253823737
72071652803322604695060702145765423170876442286291618212010260829584251504263983
71356236577662740413924655736510240000854653264083454427372288887319199123805671
21217874060384095729854984614738953201123368518152452424163899919743086506563637
66746540462028305227077342309956334219653108327766288256419542628459706924925732
41956262874886260113173152789181259312656737756721639219923318388139262879977253
35936221139180139489249213575507765503177128259837053091706256511115443176435858
98698007954737581483679821688681087489207569024488769772306840049161777763618569
30877458626878061738215192719790955824543263332953471283979560259702529088557754
88176613365376620604677739217953334762945443313400332410526643738653622027961722
64203966324253499032498818327754840600409518712120171923789986746554201810806757
73120594594802680201354889099225359980652217038521106624871438880994978114479264
90304350178082475025336776890939918512821490613785957088056950847248465898020908
32446758544861114767325227634691996563955120028545187435227863039882139880065872
66254471728113916030901111183262741602777640735962805494801505676819844857351297
65805541828678522755264124614052757296732675378783050846444678656498614697198534
53136107485802806869359922791751999178862366559134986270981252869602758415724236
40619559094344309857120859497552900320282157737093854620558183743060809094017279
22681808458535902477194560919976791156552018918498466682326788061306580852333840
73875270088663258571304698198352531857285853451518463809843822452050152570140269
52997963551497873066348149368899471516131526416320916805745000431261208399967372
17906665771840220158058754116377727217451161450286565126705419980917359193599708
36909581758166688034181019642732375096728722412750279479369891727044975700339606
75555036269767316722932675163602049512614978350573383911114648278934219079210836
73962500637080007032995050691437847081177446682659461840378075506477969274677780
63724627848368826999415505396048312666073366241950543827286993394962621704028358
79438314579834888283963818048255161101902744796521008142512051784584176166580129
68379609727362617598112659946883751001308426196303004183936171047983629439980032
99091331306800116713172683143304886322079522275773980887175931130980372004170597
46519257688117133177881133890340993354496106286571347969250088515979766202019398
65586967513611402720865421479958185882365334651384167794175777160789802310563701
84196851586546468576991405934089884690789073666961977840729689111054568649236963
11975429773186582618344340268702243088498361571711924549873504144068049756195513
16168487262694690089963004347207971925315710636984949083806327287126459047969647
55215311835945900317620426376237085930093553076468699024393997189469674758459784
59504644562883447120439576272359321317230953018066109418494588818074439474249516
