19276016640497791194513350424475647808331323747278893568753520893531891339380409
65596354470639628474720511573174281610939929106301162462286331823552606422345221
38540699236358451435445934011376796740641783384399448336718357234616021398731739
96333339760589870738731290400051556498084118980135993151852634759042849449430377
46200494587786747802269536958848848258105486706911625677076862425537130373634360
76114750091290403348030857606291172394571860969564357878409734302200217309486142
52430918593661842889272883719192808159595807148208328820283989290395811163242221
63321123872095778646346472163283517549431858269722646554662134213696997331953707
00610972816677917114787524257356648312788115641684653633597677789315146870429734
57123282819251175508041610952059218289621081966391092027386826546243342091428184
95441333818857318854724701381756591785398012427095813849767326752532195016671896
20555654739184580061249255228263655641359313446114655946171975815341986216417927
64824869350351223672087339457200841210400362565219335229679047809687435205003513
56944706547984706081855906458390227942656879411752259744093622592783669991247913
94376234137594898286327086285198962126103831466211897585694475865280907132092537
16841551306420250556055602742719133770479062063027097124542245002889968367095141
41790801180571299820306127703044815810866876885504519757069367160868040689371494
97565665291766895578289835124797229865521854725145198318588140271047532275744058
17925574984342532625080484165449280671077002288919915255512411378320725989458390
78774307786673827113384901721249954343917973499951259511055404858273277726027819
94153511915948515956188978133750963312240786196495324652384040778032120521374451
13464996038376695464377776167370300785793315973078164734989269404525928763259888
96127457369686470645635232132513183916049714758570484106755580004042231199876645
18026079997853938873725560868567309951392531714802518965122965023520854623041284
24767468101254530890591316084736813588948343058978406959811937851780356044477933
76110624411440768881650683183769091443184444611153670698843227515287331342724624
28515795831766413958021698031604001262420044349345397923842600599937550617564910
44152733422791252958170287938123455853163739830772476532583136978797491814586806
67888203697723986605420490542378291608955225574718509164052820206762538707462912
86196583143869708644619160188787702232760333163027076886669327218705074596093367
08913030128016385954780500847191770190748166612655681808623816880705515580176092
84349493666930834833067501399905281168757570196900042082819510421358034830569780
57186567756767373087659275703929035107878180763460556689767490052160764531231466
56455569806278601484098433987295213855766264922066813276702807251419358576717782
77976017829523846220406107795096016918625809347549839833465297641942978110667322
65507801397574607806513943898418223498782110221953943521448859602604286781493061
98128540629739845685519561402952043346813122166421371997450598917393062219743817
47649461480702066260099716099962497778277723285167114030016860143671901759561391
88241777851445776311565766244901515407486913487096520302644497561024097144994156
99683168677396658506525973351244966067835312246127505103682719674995484373837346
05458261176285142837302755736694159741880942500724893672699434033321875890201817
68318406810459457917155711706451109807887911122102784817543417824682350305001329
77830210269323484027025546766073378679530802156906858159690800230489790361075202
57303568815115633446854957416790178511622559936762850158560425851312927979692862
67190230494923497376947686795736633335347492202036071072324867717039102034464402
09961967189338089829314282989008401806657121543130303122504641284787368603517224
04831575527130420775640634925523752174225698949648032609751740401584972816235825
67590283381202959396203177751649384489525480496767344597669161246839025563289937
10881301179036851855506096914741098765345470453793992263626879163797499722927690
89458066610550739448646088345414798373082256134908552967969257841377035843277579
79983852333841250794253231349749837461119895701347120980195748058201016751327563
22607682794693862461724766467454397546032928160805945241170560239348133461522809
31957074536499075222850094497886287188515981349361533741687505742220471664988704
00076387203009873532755851552337362118314876040486256247013858290240550776497543
68823244296888416337578785622760735794397468006591058354011485134166412429038473
71822472755556523829451413884121287022566785224854547958353474074179596364432546
09427527674038866315560076875625170685816988071776222046600677843762820863489098
35084168533846165974132469646996418125132335006257001081857280260195918216784997
35892502635313319662416605217072718727682583933483677951006556622301496032872830
53530895131636017727928614464500670478655830219543624210835977322517941348180220
26705721823290335031780024196200055941274886103182347242827685628333024501506393
50847427326856551941509098413992877304722126094347031330956106544522051109172102
06535432901764351988348142195632598141887483031080505006152077601858935485071636
39370289736449056110777342755412180269568231334531889882949586454095987919782006
44579620840869320167063033900748899368264713334403424145779748596033557553839717
62470469476431612872698808044264875847684322372779823957891845162377580964130023
33277646216724494095286446851716941852455215032404481366709151894594577800205774
67641699957371482480522252411769093386674705864480873578483564865072285868937431
00267877575606633522688711806820379771276787965068899867543093171835816562741884
44223298083390956617378433954217157289248102503973236862206174011683063048701496
50985478000238956560204672641652145704037754840492451016919962443878336982536742
17168501650943140867894554968068454421271762370263350596313786406837675574403152
09896246181656836866582492721696260290070031575266107075182579857535591092834281
27940274904674887303916883732267898318755568350855716827696029353697836784233891
49303942956039188096060417510980278544642792495994558017836018021515482128289086
16506995973235275705869323205897733385380839876343623326567508646379804270294922
76750075287225838218383724792401893099288264844266377340482218511943798289850810
65830008243610493167069379148704908171454808862344105550633166551683817412935048
17896723278283269151857430091494450231025188911138611404095703719954664737952674
18268699538879271457576974419754491717901542058886799636672857859801200627414487
98288824424087623824043338650219748290225356964523067008827520182740096680412290
64736536140922001462282022179570302044324955325548333535815519746085487271027497
01828140746348169261363395488668237344952762757240524442413938248923271401801341
49945712860231779861373082804157439383861299352204620423915817542004771294552960
20206712092607851683879600423960849366684774071327814529069152268781930086283207
04630386224250938613089080433977743660058800320449677254141704227507617375237496
52167186137219801756661390451429196917232965587332138822394423913573585638701031
35021617283736506046814938525618845859675004910943666021568492458838464448616089
40583942138982118041303151617767517310988721721652644271568361924882549519068018
94417919416050583566576925784931496796570001794619235037914829767519585446403515
13630972872742022370181727657273503810846303981320450867423178219682143369231865
54035350876017038823311385247830018216458045427046563975497706132906076471027855
28495128377644576821104193179118290657454129372349113710915611860877001805695185
96131744120388532872009526084343938417789173729236984333271150277321361303226088
31764604914113417379943892410551114154133987245206257021490968402081962049091593
59663206022458986444596487812709446134683337452662553321880906620819123551259976
05218370818165696856739146260931355365329505968584554381204817117351069554908869
06533476171521571356081314226314214624681165203812589614573254138823064337986700
99349776290907432037840663626151407935412165873362863651267938035960856761175187
58002678411971338718419979303386084758786459537282559697953201209935808102225277
88910743922768039770977662208224412312298778075843355938065317686854861777853311
02157947651908008725093391288276032295600102446664831529799796680500755839712000
06356827988422010995032698650594871667688263362366713031543635567628944763629769
18391469564800931925815072077561608044425895095457380676210306139116980947799872
51196262260254535132220959562558803645312316280949499918154427582967791062196173
51620095388729736945078308810580866506754615883937340724232387359834999023209757
13108369699712065295442167911709369352578455532559881387819752988435944274812350
98461626987065017354256948169538820365747785374214667705407847658585136575477088
01916547740158228720787350781302992947050059730417134610880572461889766860453111
29220528743108849977455659550080532507724512575266227567259635384297116638388470
86874072156694170782014647997949027639529257989825623806739027982079570163821744
78609070935006047870397249702682186907109573046431514903361680077140427717785734
02293832060963745912150654190584148238343244111931718971642686185010752627149658
37438087308838202394900120119323152782225046436619381785062373412252001744304166
45301774587514443991477690616260685761050738739269694791575431514372084867931869
89245218623756346623706963172231119661204851577607433137435227701630001553038341
12640004439740432462650016924350735638996418485477787791120633916839386588738597
74414964956238420510239408607003654572735903328243898527045325649786965852900152
62840461996760702946972821738395344561136588700933112902986154410527408322951959
36935617957868643733433518345388129114460076517211217963329080090638301388362897
24573228036410326167143839219178043817166568627304992029305699896466199499872822
56514242910248567524276905476890533947713144771417358191124056605361921460275983
81402940403530085373412096446068187298407673744584519634263501561830518774968006
29657538099049390601437768317390797811721650050275571559008973796675960576789167
01267001219312043078106069167427834517352531886446545476521916898789934247248022
46320224934966637615257715675348193635068811811914869233264205650597924600581723
58702687142234029145517895142523634946030740619854095587129523535801714475370298
93431040374014132438623816405052606883086086624108448939215065701919418698987203
13498216137989290734748735256783947333370676422445725993015373122495965585623297
99835788471554678576150997916773026812599872991329518348049610032264056028694109
17100322829101690349745611878479018196901543979121108461395719106629649935457946
69230280916887028440256926429469766273251428024206398699154850358946638375456225
41962177239197042338142386433869068553646397585926326954294004334501572420696792
03753085899248166936862255847697779257919498815153310680233791545916469076214020
64511685405187230415625501451536352105840055780004395427537279311103068086249671
29328924782919477326456887641437293540107295834305700412037450050725449746330556
60132465695262987140293921101151927878270522241360857729946850997330691233425724
68177952997530205597410017535502284612536854125304322769541250386516386800312727
80638332865081330414003132520193487672642992704807929110657102571723748493878354
19119282265013270231448041347463377937874088666297377066956868328390652807179921
80797409414780781028821216285362954093804753150852652932057123164051492825827238
19484277296086757728905217084635225814745569031803544588706240525191517996222557
83473620112077407997526738991798663577575536238588642554426792740974183955828405
93731605535927899016776664787050640066567035049779997289822046538772504118754967
45152038322689101041868448872075510127573974709380405560447044499040701253439535
55167772852802657563961263383539194349782141966789354709409794156080224524933771
40377553019197461535384662399703323057649104614547603303699354358412836542023999
81179624103849808448736863595928295459264137057824292863471851156802893586281387
19803143905060527642600853066747727659005549713136970728772694203536973254518561
28021630201278871699664156671030621469147076961354482659960993107807546274392169
50393028694314311525696595414750792094046159053853825116660354990543879274464757
19696603520541606765536710610794418535151713095510053146128408966019109357844108
79654114209201037171692014160164231034188203420746015947815291991144779594523671
61819987991561176471292522484167701066042180336355711327629712296331569375439409
21678217470237272926171252847302961475576227138054059307307506998408720290986718
51932728397580915308175517391553934312517639779874474889696718784815245635055155
94759471509406764443324115959471458112785875012948857319525963254334738679688351
62891235007152485086518810114039464238057353130076551600812996496600989554625790
29682207563454091809943956746188941322155800405927036649802655164704196845348698
66851221650983928277149375418703000411002314655059439060244742292587926968795823
54279897869589229165152116268636322872619484681966930326465708476290516283629309
94276862550701023662342059601454828764954570362564692352323631942738833003517219
76962305616072484676955696623448608638680921711065242027460282392621773934499953
57086724541370247509147041851156701716983974412345830815246572084210902972906337
44572354908448930020568949338827149201869464572624185957275351635144097167191982
64242606795534660186254597288451344934348958341027508064675510982949816501428865
50345797800314355161937543332833860938274930970520070371725867772058675276189620
80596903938869197934623712915537945096933584678726818625301908573910986152152290
98983727282055923872418765148870789561939170269533128715502927890714717649865793
46670922174756457439408233238667306149243190729349337291848800532600977108211221
66550713089417028512738115356626712683156052185197916447175751749512127458678129
92015843943733465631169778911928229587466945480837382249133496733626330540909604
40147028382028118850667951294696531327724635601136669874640333457346448076636107
83162126216063382280567112065355638404083069418454547328837092934254748618979462
62396876781565286992546303346956661369030931695653972244640376692085198882182861
47212477372120279255203715485132366549217644245294602873280045745962944856740118
69546175680507778738633468270971768844034314017505508530647420394128058726701314
08328194607302454391837991878536410873456287805347046301402959835115008831918913
99614778483002697220285376133012975653595835577308310437848386949367284843596439
67503551385177428746915522766090141162321893821172991932515476856898634654334225
63612608970959848834059523690476634936986744292207937599627802771406734805571694
25662978262736462809161951547281112002604857336078362573091730481979473222275104
64897726075023141922300424092352530930515115954434126222654446592324440925635807
28542412477240472877650718480632630104328477744450559694644404882358957894268140
56046221076765317210427452874580475210126521186746144672048832382896254112263219
83295912899215196419512706016337852191889500189748609998056964328811263248129049
00592294192627366191947617355043060891477454944504884635546399648843616214540880
20442435134329116157112623296965136049367674667428845815894785361165328124418782
38462631564616949215660025375583588643211258045687261102319096172302809252772512
49208177862092772830053466615584012932921566876113439167415900096896213602120375
06733412290630439064604441389435611829214217826235004195837114954468692753947155
03246733209055772969702379556051695799886535233968324185304128893239768305745158
04359558248072622763073607255901460836392579250189950872595090765817966383757896
52811913808836000113874816703306882077852705927541395439968192833044610949256639
06758921100080899323105836138577068333996198912464294765640666109395468315458419
46556762984845548785860985860245929240005575804577830936525818586736397452911523
45367689905380733709368582487341417816083353308579983677239089409636322222916620
41429401305970857712273596452025253943698516559941789810976023085069680501244580
06673431065361157045284411242674145399203876908155383876118946953997029252580425
83570739410890986377507282652568709775739707245214995664306172665511842694132761
16922295304787089227672897683009976910451604882748330721591848918664048509153785
01735468038345455908447908602214245836656872594478246467039194952080339055356836
35926032428380685581188486001154569365709480674560179503301392321061794034890228
66327450684540218830488991160696052108147591859458367409422448227411512079076733
16802130095746490442954228858852024389553853280353234723874981951726232877431167
95728689577745391635285514570185803942846805837440713596629900148338738943440844
54144823827473140920839007607645223929592760438362556917798493399745572450064867
01246963865968399668849705021427881565834109921772657245303362189239454139727835
56859121227760115424137948328110737424463652804250843160592689033510321101885568
35469915074428259658283733082792438791250115654483432140399826539284444154862024
14285500418365756827819908145958368754875220614542441288708367715102373741761663
14612733823910282811676500732430817626414404847993636393664089142516464553762517
89643610109599825250225002688397533500708268689173606773997844420977316184691850
53262946992847491255792281607532750829666555995379954482259512392323019873606186
59397955871722697963201484115456350505830736683191609242706725087347380306175887
70842622241852150661546374711442411915615058570654997533857824963592603574069865
39070005211697943944148209156813111583400190930915358586638092887270598283164599
63268754507411696282908350530435181966421169707370734813716004576704086925501674
78440159921022384786626708072004643616548523602882502081567444026135623480143810
52460160063901760180890227424257963740824021269765688588037584572078510548419809
96742104239028629166700245904999205479259673676612327025907101570490318782659135
11879167788853390669811012497843362121446122427710773462867073489918434644974849
23400337426279256301701370862314810810264389153534076957027956143770756403412685
42290682175253859209072023818090832452450740011727786865116972015722752521205046
39964386017519110868422019384660776974519911331998482084083710173371149487101094
43689590587262797195170426533895372943300446302897346448250197965847876720717747
90256096182725344898317848154322331739479681325171756538730122180343164525419018
99436539003922354849877380138479341175145148147584681881979357878370622754952147
51568186456417833900248289371216096661117400046312100323665302805068912204053416
18580987979789514933632075148796291613682865852447524796277654526207776112026443
99805122400537842512087506949578839060435262466463845842567433559104466360133520
18262462847284562483242220594494456033788144138095671843789570525788293257551476
06512114851365794393651540856565585551442949907901905377546643642244254150602894
46542763591037551814670762719959028246054917788619612760755123276890312881560820
01513263440604773784705711832007541225059139404275054276988196412457352454831789
33327595205342303195385182450872279634931371080961792693634226250772199448944477
00896984749574344341524294545103208266893710820037321470415360076239385093702755
09049963282871296690174935818066606646294566901098457119787536615264240359252379
36505616868175031249802597523423045073838765615277852813927406318396780769803197
57662235417822638828158297812645265860323525049323065601390540360602035442012079
76632363646384398493424057198900913429868002373304979589701423458182128691519245
77218431279604052565723082250660368493077565229523882422007000358578551187595211
87363335561457618017265012504372893630431505993328074064632230112884953005640243
15404451143009745635544991900468489906219625245673303528375842199707201617750996
45332295935134161346165245821606467896274037352125974567437974569754369757822371
97508592549432020192963303078487041669635271059283351624275433310070882418918404
93113019434025284438655079429235238837007351832101318616058210888319174430486860
44072197641827297361755578839328637677566469098041922927194806653872954086502804
56619431408269710416518800689022972856694231805891197028385224002386993429648434
23892964363074695790125609201838360740733977868227490455797542501426877275991763
42407752873984263359194061483220435855513090917718186786500233653217494245408340
17300527567242545113500677791893495333747567854447135182914125929247269601849236
02763161889563309155421476096898304995511150499467442259016386047062468487201003
16704650733496481268132801878104722713634204613592129905841749815974347440735890
95107799633798828273717797099177158424137206056430274794353666583055542902066588
97355884051010675488228976170470393587135301166556013587042825683814888657160837
70863761848670087566532813377263449381698338777346338232859864400237634179222147
95970635569670942235013408856710397328099403661441636911669936974854469686936615
58117429402781750727705779039459155083289121406001642574028083407775652251028412
65040240967539064208900278932816996674117981281902746375457873790303893012575705
48487809974419865529194816823272722133548670328837374722403645727286933035687430
10300142055958062755526422542311672817776492027387543891214501728393138687005971
80474960076135474445998936326745716250790784558538832605266129050456236213985755
56182351270657154656707738699696201451489208164590137738392109364483666551706740
45202219692732218707772155007832879879849281337907924263777304955506634150958706
81022457931149290603496586959183093945386244923956787963201402524850795031709797
61934294545582748433879948424776168217528738508464265197024268090911284711569425
87044554239494084941620643261539412594372664969662689858070026850820955315828711
20300944683763847903957662355250471750947345063987667892401305785919441013728274
31785990604121334214804195216564620438987414185014983611931836497166486813456620
37612846224713509052254197352589262157345841818278604427336777079381652305782538
33501661013762927897384853070692238133408420287857753943342116337476218732913315
00717795094601726721161396177003951540960113636653983796671364256718631815672509
74607225700105790549359306364122262786907084986371275108050206926085106001233994
39152751803010091300345132037477055905517392307215187665582997147070615087424294
42188817137096231455484141180962937966074964794151420785535682544816929068172251
36039693381848287546567524039970243229327314335735003372325643733752567457366567
59867638039924384022365834816593597210657633803789657405828815664629489836944398
44714931755623343743122981253397302579192058144067721589099029788977188620846303
32574717869235085661800257625427860067092418366161776204013058732281466255213727
03819865401156514904403051048667432391698446353361644893203030170225126963153833
20385124226288280010264609591029365431422852486686015783161713481071286715586166
26630329754033926821779601870296676028642522559569227872513377142033256565289961
66088612650722692957490489619346874443438077235700560695693308560587325100033000
14822272087823677107497574255898909935099832606915031567357923741686886641848732
38596044562757054778381261145164709488909888839341303434352192343760739906225380
62192328378784362188893897701648644838908575092851015403147231647020031693978730
38002252182700673274031363288480151139180688975857969809231023315081867034684025
69255777185810318455339238043355993541365800958817954273551003794229422503866707
54428691315210527325138738275586460013231724973362005840622115954711743990796166
16982408020038702584214706696613643632398003518029188918107354884790532103843799
68600206599829592218878058724290202473544791789301509521247284317599454236218848
24250123157302291945816235715792815428198351420293690908947782411352482241140796
92848157286812384230192710332408025640221495942329126440998471655230492100121150
90195162064792672075371273941651492884497703113147086294446008383950703980808269
47452612891304169725311299168002311244544394302042869732164781429693716506300542
66005916654370002009701533831364731402476122806647510429213854994782110970651288
61396645504135335313085174835190564597373817780387494008969857806789311266048624
36787232537145192477335415624521088857596192959511516608831646279414328964742899
78779117082529594594361075192569538879682242393366009195226451704376888322083966
04778747232507860501173513790662207636035345039676429374968978132536590055343290
44610795676690746953065688396176571492636455067873986989749387849792485604721136
58130931933740547933637555195218538938842436285992034848770052743720503447177162
51359295876903960748913272699163670358809645709293572825738727868816121329158594
95764048005055002422537338624111056690016648967641616686979461916854070523375757
43493207860153412702909975027720198217164702501039975520953916547839424588357939
87992391715635678505518901255572700638124838865844747382052618576923923666828547
13126322576265362362084917358810355145097106069898949163989758524586862421446080
63033350770223940915743688518795241294438919161497831321735551903198313544765268
62940580528580025747440378337636362043249230560683162649986032972795704781966987
47181093285419231002564731338877143031894011058149045812177872024580336074014857
01455385091075679767797087523772161442829980581287666500643883449193840598807796
23878022390540195163275873082418835278974216403567290423100729914511491075369987
15607832053379478372359079377722587473594676131376883402250294737568077325463223
67502369607566904667897013947429552916675887669231991711818845328861912841256726
83972550574937552277648247870330614245983677695523898217522629414276746217177661
33201913867362860166940778056722633133396353464009610670692371029910660961758677
36531602714114899472543643640404884064737158516948143472083028270077760262102091
43653190494047277899725946817361711942133549688453957695039807447170322198096152
15311721594842506551670259240687431133839137050120398943850815436354715644215668
82261644885273948014846676621759361205312071937775849358828917532577007780286705
92206348962015897297113912467529512470598281228085753920673258811865134057218863
65754665034333099831085080737002485029988640626499545050796409227490288136742961
65183478960085034586634689332724182669153198883806719535701643136015658300031646
85285831540703034926132554138321103948151036333026092820495955474090097424397839
36760145640939692693321639172476933864807546477112989747922389074468406399036609
40847797432889773427301568764798369777279670519815090117090587189931125926145224
31309709039362179906666367745598500662200194022599112695909085094232522142398622
24900192390311523556445258400743327302754304279156510949849947453048946437786968
08861854688529086912785832779923389176147241434368242169867021963742732380710534
95116938888378209756670412976292012135819627165320028537295057686298576623814280
16302798940760971230449544063631782740895526318165300826191867463685677425830802
34747110647690398044178385201626507729014792239273924896679233375857079280946169
22294700353753161967484048559213150806376407591055442083706147743751346054415662
47970508135269663765929804040690795366788216974251797548634760606535142050127613
80078128710925301896301238719290145427523777182138450982750686952658491151480316
01442253808464598717389682859786911817024213111503996488307935861760242483930123
55256496877892962439292164119634595410194633934421701474392314004137472059563939
63206624220315905541161259540473612802292522898194837589656477351443081137581690
02173714434695886591403893059348864177712871609984606401935717130096324933058081
42912083613184093812657571467337288037225398629021937206466506756718280415862148
36089918445981181198322484778414058179837814901526832325016845529044180863143353
00647808488153179318963076965198814924900662849291448662848786271734903153805972
67242442839124950509137047798138689871357140441448501156509375694856286188401142
27824944458985141961620159138589780698968259456226562463530444295692179156446320
87660979732965726979170280470469950603678655567176619510888106065910721228331026
01802126463187841272732745553446743383267713339948115946071895774759905830427385
11042188138194600925699412039768864820256627614665175109886240453708996243918106
23360879975483917461788499113750841081735106555294855719246019969466115902659621
28147894890019860366683349002433071419675935610992896469872815903453628752155667
70801397948859607567199128836214643787871658794583267040264217474062676759965574
05724441849349484585401796332869677448493644167777078494631180355194274514016427
72234295846574378697534425529661928990868643334358412656858665438888643851424711
77374112488681678195844425466055345761638345404207302613148579527306920312074338
83222105042844011072735729634427032306609836733327527198117495059673328413773062
04185375255049240458163486560691051411299432747009547738810608550595620207404123
04292274743550995669021523697051472323995458351121670969427850789806417679720520
51815204726982426003454328364940387971424631428030132651017117451594953336641836
79677735916739772920020803310038068422481392525422045499115257994904050584464172
76250752455708054746672799281650129500960618132768079876624907575991946293624661
15142045789228451676187138722201065202858711087221427681050508910294784736860427
94820420946523514528156269662663644037496466831839166986389994231542394949684931
46833408408351804325817842855004429633493340985482932536249332536063893662006487
01259203061377021068792570751648979425738677945110258616190528344046186608825685
64245840312342917345843052659527810390454212902506388212281997800564401377364313
22432752107853833414153146146918956107480298819368917874494271578163159295916647
69607225284506846079451551315017725807660718663423248307087150445755696546308768
98249303692989859870009927809592165647298662980514603990099404279507047584244526
41406515311754291997242030291585644803445277194138030832846741598201678964522417
95870641590776231965490367745520552664186215522452558901933418188441977817887967
75686586283611875439174442471530586534864868145883132075473913681779682737139274
21599049057344446034154113215243373168902760715314410337579449448904979186370915
03143528154953931938188991645710630961999172250371116655630900495121571514510295
55494809618786156894567355471628614583925531526619413878303832103686753871489268
21582284040539437041208014348364722214134677544738791431337361089920795284612112
58188400065543600302651044708839749482483911548363986398512250716400669743709623
22169358813116984524659893807900241125590794517561909424648869708144358211010405
07174971764437580291709388939725907230376152212084711572715203336981448156103783
72951519884330281944506629211806390480188765148613463891493660402140354415929052
03462027757409162120131591242654647859681589008295298319202401367040953224149813
70731198946217643196314999976061430619704257506022454510051397101878592235772386
43717118698820789332973809592875182835601931501862051934732127097773771599446826
47711357024408059908208740103822801697107863787216264185641252920731766534589162
99869156237813484467045972456748438226522776660160598298195603533111079991419740
14133420194200254062348117578716766504248358118394641781011214900345534373269994
40883390538079221675200063374125502380477300801458110852157989650022627249047742
91107034425328865707599267656620548659570230876456574158067655233380209246642972
59952298161258024462453998184785500189264294414875365084417356344388381161095995
47844994483938207864216402038031471909668762193290067018992038980017926049561616
52062490914058658921460447750681544291573651109449590458723706084647011469406720
76561373914596645270436154417335201982650847375319376230095142086410367649272379
10869530943028462245813470982896943875255783675199285769039409270012774761736627
57266969590842165332574600068266841789848978187401753093631198214136051232481481
29167862086514966930326159046696900465963947759825282327524714530801309889161890
43087868351192161956444973726182590064001363809607121010618345754936942399112337
88176227832548586315741078947510153434872621494522985550499416151347141142225231
24983333206231902792258203850091649930056437164381592514637928207316633622382323
17547298630880692673030227873954057901982903728785268146474590564821550790751805
66984498715149345563184765229637895338845836194868235139318519612379847038431015
77678831136574014580472666156022131507814432076922705215582784244026326136433838
10648919595282984719299653520007557892653112814672372470656403735595531434991431
48367646529600161302351767789130251044587782402397161572908810684417816445856154
55108750118357622345841903310127796459409953913107016751005952954133114922776242
19779674603208108803667045470742844014898511857061102683422939605342612669091238
03283492764259916237445353679799016522266929881159929572014651067356193399446958
94748287554723234226764555273912886545461218719555022620965895017568895461257372
07200350760714972958889826416704339495368733782077780941978870758442766513870092
61241499776369843361088576470880677907616982566163072810889150313665795337972660
56072501781997537809989727763029944606973518286119262468206771175824575789572870
44977249063647250877172096204614563111003851950552907385054795223348667085888915
83424503005835936222870167568139659666495799389981014852926374395302436478557982
19872996162078082961888132144397406567358413167055602343510441856592491850105421
00089276117250966979798955588919072516250990575820590254545177902346697421180380
03012084776135184799447578961752007045954147273179787593106945282514917594051286
55762134182632447112612459172327637322031229860236046245846061867954230028319093
35988606060612843754827085071845440108865401472328881740966578304499162788293261
31010799426551363306790625949870366770896153220726320290850826973553776956491466
38787583213289069980806211541873528619961190542758238590085444955368993649647373
77533080527893391291059526348910600554030248512171960167594622750392980128989257
82444182495754492710285974061271616254270331006707654275259021089993374806614820
75092479417233203736200269242791449394110537632270646112110208028392724857468412
17824956598505392710016497427095988588469334720410435522166694154108601661867341
19938856962665229424229260884135612593516384725384929877583098112490674099404837
88167891060274080745569576623553918194246888444580458540314825019655981070142336
53334506588631119071625108985852828154287386239390097269734562430582222582546735
47171931188149468902577939816470397027140956446594835887636835267222804280630782
22321757818996832958511438256433896606629155506137400835783814491882628128344720
39126420839515373757879502882131186886626228201062474676359436762368519867684175
19572702821537319040731512649448498175737651058133873966381976752907600377268430
40033711113739975478199541573210519729154418808058990209165363913256440754236126
