8822024976251244011947513014406140681060518608991237306294948969595031136333066
9598518871721
#---------------------------------------------------------------------------
Euler(892)
2371728585556084436081165112272910477628305101388141521117493753536289294793366
7664156056356173325900216399402252930519380373858788878289328924620090695551698
2685080485322767821313458271055341161026545976302932766360751660418676701274403
9916827204345762446862539164981725622216385682573837099110872956822688172854673
1902653290234538693546471885074406278914097489925527250356044909114015186789879
4720483902784465679321350213144403742496249604352462835888464590875654140078760
8483558502070884137043196937663473310974485968121452257026005659387761941115743
6417664371105761296693469211817347655793697992322757404701475430145664331783341
3162395660626853393813377148888738682933216617366034802821653919443686932000370
7614868197140197357160336752319034781403450989677239395051837429699325775912259
7305615115934756676366359393313727703980840660494204175933990356924432104712370
2105080594336682252916911873763631399994717719636525555026166023055627606448633
9322197110997387372664386666231242719412147283888426254825439718550552020588388
1534819743475184801353817500874436923633630030001530218495663383079302424234172
5830220275624167003486079747321238230413459769905018994482652788596694123679072
4138405116302254466432738147298179789634415760692048431429262117627779945680380
0958370118370913136087894159685502248809410133701432033357166845704427144916167
7712413900578850765460570881903039983262833967927747370516511035232652793552142
9747781518214843043716985477363371622483722222155755710039470846593951829516734
2500455054966031053092723063137408218983412747585555845469882494854469928121674
7166041185379039480180945137281269297410007408769462482292518003317025055492392
7483903275529857726815411843483457471075300042072073404012831466997644915468771
6965078616824190914653520708199966082664481199213137859786952732306673948275239
8835779086368642200054130033708796999171367503319357131910297877342726653210131
4924974583036460821041129878216886408120190148354169666005483324879807025785666
6381686581791313676922635976295427647663811384548755625455031859324185160001350
700872251808726365
#---------------------------------------------------------------------------
Euler(894)
-767386600517048387089181704617571834519420143846715547020458297376857638057863
0800493279789214685776763662211112424574688762561234256459694426409419723687825
6955836864791488454469200376276451815754860353798102961615899152590293337547149
9119316486065153831423601558558837056973807567058005971121544995063417968037524
7262696919722432750141772832019175141373065438021161371581380512936618756860902
4363380060429266993494798255627505282077696234546533902049229057799617330043207
2685464371081751448251408587984923295650876744981867169874792112631671289616727
8805301963671297681160318065417073071261874254300478822326511839287333152665274
5158567864096200165166929523601863319101812480524648901859621461434922365670329
5901787228139589249708520367349223937040141896258790381412569285557641869857810
8742818546245743875770321968812554229423901278153914598005709826198572840847964
9761470495310870269807965205725629931848802945543654616117812960135691975706105
6111619236578745107476357644292455654758587783546108332208846216786990176933111
4820578154834970369835989696869107877703663316476026148995806959451177486115907
2649517192640070085994717893305875238682712354141691220624016278067481731314410
0269956763732147143599783006044408131324971459694518105148396659273686817379694
6110149844940117392835295019907630306978784608949622016860614724569594703427861
0049296081867448269399900931486743354718274990654659838056628865836096086582408
5105216715130452328447227537780042821566218172344005600586002407481126553675328
5031890624013177533636820193575572649029784179258020962570258697479896352825317
2558835430808816159152599140654089906987247090359549338074933428381847791255933
3797082298052968509885228369891893121771401497305636131669191476258761513079203
3888537218947677492283559583127087343000306642693285691922120166384932931236191
6466839745861321607097051121156695497505466304910005310925067670757889311258444
4388088659857819242700086048590859491826890430140160217683531875483244108916710
0513256460838712715050599140463034729337884809509262993643566890883301024045431
489849843417146600022181
#---------------------------------------------------------------------------
Euler(896)
2494051991055319367279283118523988148595608018139807477424697800674746197403813
8354927207533804364076078622148766506079116374078451032134408900577515023864157
0674890588905430272234847526136860865153922038914596117448608118292601094435202
8165023415189380888858028623849468276822493863379098512130883613103243568799772
9980150467116944348079150114176882536514887752210895401377564696851066488620644
2813499529102691712636361554770621248826169803832503614092696221391620596353779
6053455640162379533816737115073849457697199613121214629626240744041895358203087
0884215919212404370411627762459847549966239987870604458674656737009247856096024
2369891753108001454807907286805962852742060771014852059863682927959733577677169
3774316451310653677333635200474207345095844609412341774524003976460061284546597
5106572353911418490071821924001248707203234559940213994582036642977012054041683
4614389909122070605903242008383995469212158914882762988918205673013872027239220
0987769294828528927874939321463166892982538115770314668889832760756744832097701
6578641476969071727791064495503172313236654830531604734037120308420401118638393
9229435514513535497982395851872835618293224129626426623303331991253237798969937
4705213890392527353519358576929655342048792101811547822155333781342993592354714
2766270580836601483804189884875688221083895036536567371269819161509665180284413
6892345966380632591651307729584122749724373529968266583621774818738910266393920
4732615704043651449719685844738315256755322891251907633630813765447388371229583
5142520402381296131675020194253629633397805617615588064945513811548322239056717
3003473578599842564872837906890467574086342888689728131378890603859108324233053
4457427358543924647173720102470455183630448892100502042592290578430493403794698
5073650219909062850215708350369354053813065909809696859320214342067077092619185
7595331379168479720813045647553905594504570982763489378156204415175608933543263
9644344642321949108491752472689842741034001288571970154023329212046212708773665
0229803700833690643813976739553724702156370365719754798917010323151611250943290
49648309109755228588773775745
#---------------------------------------------------------------------------
Euler(898)
-814206430760392132452579711261951629668452622861736103509928957248255888541805
1130902437218409994696425844722440226053641904910901593178185199770409755201914
0353284381374151597945063382531754331920440637814585200952283796244875170310338
6017605208286340124624569647846859189504390365556972390881658276738158208207173
4926036566306726718111788615608847950364770439619163209676496600399138325857912
7152520950026783300305252847325313217011935565441321008247126326603825963451427
1091434145587831376210827627284699898177370163122773696725837224800206609086563
8947682635657273460148087968417676720638970863643478779361098646917890284607289
3244668567147597188179140271405732316386876315642515029310452626885578734559217
1178639159532291685998018591849575883435141589437018413915142391600360696525257
9049511669914592110302664551106857989411388513376845805116705907362296118921153
2971595932605524096742663656616389884692227331949846385620247945691606671460394
7853452575700197389405104125467040794708671921971521503446750504769277654229539
2302593507111807907133754001812499571851955978016663467187999832724459563381942
9282871349933940958815694816352703504322084772981086441893894072741693421412534
9347868797436170630659296171067111560263769829353189904053786277240755049199098
8815866563196605615482650057665984661945601381996925621639326829223455993264040
7296899282583555814676058511568337443957057690113230159898048922536569013219197
4392066929551714465551220602797962509873723396588595890006076420004070130683810
3849030231033680853123260619863671057454662361079223615006420502216684535447251
3379397616228885404825801641505718781290370991405556774264608922152413021721629
9289265563937676121356159924674942478668073064036144566127412300283342189188842
6096937676036949228494536320164205248636240635673514189332592320772134200492430
2175381209792437910757539936884217056594983159963955962702999436808084548586047
4040475583635468062377075109421548927698221415477831283470475746011288254108046
7537799525942868737421512571192638778518966066708870901707715049863283718563152
76638787443971209423179896697856641
#---------------------------------------------------------------------------
Euler(900)
2669912172186034035811335662144713042368836878690275024081407764069428833753448
6418116141061987926827688860004641798424510490543716108703427319420331109469773
7193600026416038193011964555037939715163601334007949065290694374753496551813190
3006526106507589509441946838964300620623392823750252010179088731306006374375430
1842888454984892102442663995353830201644124835468006612567890846621227255903006
6939194536005643042442353478502521792935384932386113858219350691860086266191914
1936981988456284718447890826750514643783586889513507549107386856518758952007823
8807442848509272793695425631180127169095946450652643764377519701427061703934792
3331768038170385975218126758299928767028861946182825120763890008652754127491893
1530486385257612784813190953545614758046001449605947039209650251145702969911118
3785764547437920409554493997085966937312655180894930527112193332515298506382898
1396053725317341144598371730164879644943620635337868431527343025961297197690355
6605658333484704029855002824336747955312942959033180551848876245040826085547090
8236691870085204989852065348763184212526004825130357360544959666724771141021020
6064617332579598720034681838523683144705604225750436392054620653381330645861990
9941946207321177964177086042232600366260379586445265726427439795655169306644143
0475743889728036194045526834408803850652066142047719813606314922576014594163556
0908618282827189487280777120699921481476759824141821318132630950960214105202542
7800293144633974159308971652288303205594736942512769409897938564869575550330036
8501685934430647553773289015268490058578850360731885275826691366773900259323139
2283520628708547141879583014058795435854548911477211818508220698550333126098486
2096016024220711357781135180675499904838464288278519884022772805957908485834016
0113875559274256756863033420163435900393104358899898676227561609870118863859479
9857725820509396586896470929766728221925588618228063951484552116131521866293253
5997877737538482290860655366750516435320791922118771183959085326600475981053479
1780307208803228480022949571452598623253125945659970116810258732841629461405607
3151668551177583025493741450144512501125
#---------------------------------------------------------------------------
Euler(902)
-879404228976163457535652854313852278846202316282049196698809207763627815345480
6175138806665157794065682191892309459592980674071561170528470159596180865451924
2818939932217386534790196227719334082528510314145050229420502280256498178327750
2423598933478274721841360046941857869935664043400420276798576385014195427493610
7858006660708367054687960936403646199161414996981177492044215643916330825051011
9262377475557523884601095512373611272610493373634414023110331309972477423577806
5988198601151340806489664142648906594361273230811009546317590599072999193943897
0792715109483932787052483536035129727261689643062113175182233321673520867654398
3436895853645704554634498979487570170304859255789691714594932895536274788958249
6802935290186638056559760044286780107259290973424853567421285803800731856821814
4928230188020311542452615306167971823230730142147261994295374195345770089102247
4170868867658206756343362352498059815458107268957277011806355834687910495396103
2430791116842424537936191069880949506913208877949311728070551149837545207857545
8081027752988595786668486326248830680619173642699371011401916929648842248610228
4314221683363117076711210028689444868608055796542359671657307792419146234094360
5131286785513845696333679315372438561506950455692862522561030676902853209411325
2183898985294468156624610927928383641564019427345142334498630363790096083859788
3644764739477519827756451331248405192759676940879408445498315882389611037554874
0686335107863901118400163682018157925830845753030443004548035033419120909069077
4502661164332160987992396386444088717761019232109295663015776797380271014158516
6623003068674238377111080610977178141757985638875691738597555136290429747584856
5577215606059470494223054440004273163352156723427995081408835987603924113268203
2998036355201812122868157728938971452045896019310769487961301437383971096370393
9096863265991290542242849179521704315263649240248599973011104807289893717416350
6619545109323681005949173688422611527974371987606203730547303960716683206462798
6602856867037688626202875392981800543073522008742964005185417423439647522341013
8179794951431414267923690299286512088108519101
#---------------------------------------------------------------------------
Euler(904)
2909410330103018775006820845487871923912312178568361223373872704128840209567627
2367882866704615773017213959987952498322639173734875913601647651871303979022992
8322970062876210163645383113759481376929803009758473231381476924985619956600244
1208093382615491314305670410633253030072882442690384145250921846408058238474001
2878439352368217392491650917201901034997513829076248859639104733032010903376939
4475056411436567954511172181352837813225589595636851266289337117234125493158079
5584712569527687821833293577083138505904355121803010137311126639923479178134625
2311938911596762650839376237913386355485699110209765621602136028834039125658708
1126721956793271003644757050918930749218002090920412887989258436241078091008147
1623526415367429497308882727322647965793387963432683356592290602968834357389657
2037790106341802318363863627070929660297143237349975542587643711408047304512180
0491544136659266237107962430133251114985943611360880792779869190118529630566407
6729242533943800846942962102882406548314959757709689016744128594649894210060792
7147846464647641241790816363998934695550385329511876504570817018136203288596038
9841418857226955797296219648783427117446118398288119913809002594209642606667534
9415653741815705221095239024777800370108271200732200810485086509541502263780444
6406504824649375034237453952045327760780165411945058143262553789187237195651547
6964463969151921389327522018634879417799301798600911332461296925401398007060906
6328353978406573937125407389204972093281970468837637688725567801816013077611306
9260513803891754323739393641661874407449815110291523386311674286107448786353750
9469447021849611281221171657934973407925159989881418212286945939633476464169702
3490880993497968295772496834463291780484724502308798424992517451433918955037589
9950992025690795916870994296687379232492656669283900313709629741318525682593948
1503207443320508945532810432084397413003297604621944117437584075291604881512859
0216316377060530302875300540658251053816756178563313962751324776015213592753345
7085569932137233721862759142247889046920924829144151646661849327121025894604735
948607269689762157495922387095608997635062965110505
#---------------------------------------------------------------------------
Euler(906)
-966811926807549432427665024769744324912139252551416505697313992208561958078472
5868934770637351006741129542457554135764912711735075993648933583654598513656317
4539187863523546438199937877797700776307984333866993278697849235537636610738025
0839518595394455776719590337201815414603782817432900869696142887756243782364013
8388549064431755844066688718108808312319460322859630351734596533150606930401174
2090971835012573172277962715851192699736817460380206500864384964318172210302551
7400592677519884419617891098744634523572913480642640789541345192913389579817631
5632684716793498595845326285071507336997314001931502874522312322788677505701023
1558548610032448096678752910984511451521868229819759458027821267494417725266570
4787071888519980160957035079152965822338254065887906213143522482632841033591744
4791637026026419805698469859533759020235303171731712180042253173346681614163091
8451251364210510501835930471927593408858342793241314946788372868484938944724884
6244376809769406261891331272408393206538047589146307341118395075941467048910489
3513083025826617452041988856862173138690028199780015393329462473450962584956100
6003682719585763800060689168931981761962468729803748517687972331252404393026464
6917733097454219147904230173069247844937737168518114093109710226449792078854468
4735932128854042205210311828029793109788218390838830712062820151867670623161744
0947276406336399483838119353368489501204137549775893735254034930902313037716785
8571109725712426719250338374633730956231767943290755084716205193240986931631019
1165858955532953822108256005147593780410301102354035941086666069507416202490278
8709155256676206156346501851087554890518378343820121163797538799564779563454587
0998387978401301810094224437726584175766250239381184026229540054220394846241357
5345556369077860319755225748092894054582656864619530619700578578683475073502168
3185756807647445007115630979615450047042999542158163098078854789308714496547418
1398883217072763308151110297288441593557617605475062531867316043493246454523488
2648473435803309775915377392413140334878184406327842224734818786872095832590270
437364350033723462315532850173378869238861411632992153561
#---------------------------------------------------------------------------
Euler(908)
3226973365238569842447175083489110009739000358258267448281827849851567122424104
3587089512734849618879267541147561012056526818546459362874874261080493159076160
3689566780783264341174218009887094106354544712003158033912974026140886169273127
0145061642469777196394923109582054654851003144928499788372810094778564514104836
4353295607455735130751873516917625449194390342285193362565373319786825019397868
1107979550029133240316591343510683115696706296213650408491231979082053232309638
2541951805366733027317054075414717194652469611269872637653028614587996126924076
2638140452548783707618013211270941588051506109362499684082633955501795792084218
2481824474054131736618677373924123277012481011319703150423247174964835031131163
1651992430251791977231598932232891019766934684749306882872546973806915319612204
8116616220661793270750618124715884268795534942700787561571408256352904947642177
9678657400451757936094119881868452090033630343996801030314557289103005885857974
8380542840040008090030169089318491110723727775789476637329827687379060865610833
4458857089787263117945087606187405275200183228726922479563532878737873703790880
6831961430928395993072212658755588987010372012525745315274034913327569517565443
1839120889936334619344703499741274319109966617569866138449805336024090474905583
5428045135328302673401012418632174669936790744914075978813708928221917087836134
9791487194433083899360362732130191400137642995234456967793954986134017807771087
9745007614953413311362389076791768618655160091681431412249568017972804511640595
3102888802922599727663412485456128526141463118908100342781520467314414969295809
9389841931674584364089168960029214261542157018038006267996524741328715052645009
7856380841958828948699994041769477031796751961902880624150219493488855220218963
9361809577787282043103415717434806442029313566690927123777462988473798101775008
5516570940163249031832994082332469820925882322211902980942959789466099668347968
7062146311540063906709249953293965268722463229375791502293352263652591294179442
2309347960924005660296667984553862673563221580000480221382912645907181579872113
26884321391601096913360171059393414864277127677091124251011885
#---------------------------------------------------------------------------
Euler(910)
-108183468739519736080074693798883741835578953724755167635071483654750999800698
2186309380553636984906392086544544370027431836522789210256277360483926192094646
7884401370944513638252918784431939950242787906248622510104873963973215062145039
6574646074769372298027385694526392404718987917120506863913770723090704621280065
0111717441618179702347241279668606361802741512417261352406037471845338080914754
3189434381796610343068768535199374469509733186807870001161613411078630809052594
8895544208456879453308329794642637325809939045236138412872184887656504073609750
3288955259841585172679583272057035034489540380484723084529759166034091776646121
2564155391579934562182957649210775768239823498379932917038327446804065457652035
4249175328284436853842266845446778379854140238228611491488948078093644078899978
6425859134727512599351255383322179088900855920684809981464544984595632931433036
7821025619334965835785214425734084056546539988533144413147385612459071166416630
6875096414352338516476890048901993545124111898554169745675266966151428981752957
0273625731625395498984348944190070117459564305852723611594072976638059711943171
3955868440436325429296601366688011310207106696146172434321265013352611175011596
1336822795525309147608582848673926888215244912325187681154304280674794331575695
2138748449308235646538993529590611849051331577225812147943089912372195061073040
5069232562196996155895357708214755657132444142210500348688904825958806906084266
4016232008552325208011973141639037405654904248830288815694918757747042992051922
7764237954336316819555364715470500044678729558490110318942352952571965103189006
7467877835639167885392450010726392139519508446248523033573045586779061128435828
8010771332193389671380535035863100315123607573374437177489348702123615592386100
8668407436808724629718697137082729297052902888891068088035532677756072826392843
0010762042480028026107937722451579397701411755806266675364981425948416637246770
5357196576369619526291894919003356707632073950797960222936872750488195931829430
6999311696963205935304089194281892388993577547327552882147191598569825194083294
466061720101536948347470954212058459072819214166429735453963438504021
#---------------------------------------------------------------------------
Euler(912)
3642791911289651871109271246466586209836833086356161821114714407553564579161174
8368044193245314221786274040201409133324373832220110216480162145064765334111329
6573552230472412647717560384495269031039616874327047327006006675439882905780213
6518477388888502205317648387105453823733811711204146048186906032311771338105223
0550646903260966825328222897229608158367732270190302905601221393492493467914178
5651630975187793138296387939348542851588788614333913054838489508613099119750663
6134851575464664136436317519444353455420784849783093508998024115061591819489663
5702019409358124531412485300077439592091243403841664547014428153203371363577723
6496607454664068300449059438282166309203547181895958839126782007507447777620115
9012070624209839827794872088296211717810442926308951624438222869018000924262159
5307084769987987078412441837927426874658411617481704562854349190015935770848497
1845612348538402296304278127384920676387394267107634625634577589592633596940163
4867585738297003484547112148114817556828001276865804053215741200419510827166951
1333235975566807308118805320315670550736696624595818559592095071131907806304213
9003498237357223977889528277893386973603914339620155295582099494694640842208316
1701537920635969603038872786598691075302694447166274487413114650520877908323006
9781400764911457064338238044584310536342741714869460137595974781439687324814539
4309308305841261514556104948440652671465628300792908935110911776827097869057855
2113573270317171844655603881728637646864326927939872473003318514500852952437368
2227740885149837785591973874862485293344521476484402107157165610840343167402071
7234770038174775929287712372417812337102487328495183554668700835617040753620836
3097030364355773824456965756204379020827007814937822973500409681433462145911405
0989005838192386395738043938851588196839641395266247132456528875305999491864955
7537027674262520406593776221811278622927619638376653759238733914311385423089228
6395932232187017819078086767567450251323618714404123660106619400377244616273987
3694746273797611925459578008684756260280850884754175689807496848218384951793157
3862270127373868407690887166619561435213769820962864340492315119849613265
#---------------------------------------------------------------------------
Euler(914)
-123200248203718809323252424628496440933590691042680778911460757453197017034256
2150962801094961108713979944320921937415909844102989447777775974503813567359082
0337746155039560708725249682437056664373348210631920636104324347463176639315531
1212313369247946706977109828810883426225955679795991404383791002369032059161082
7771821724926784659108323432627953447067865744404044056658515224012584244547315
1518002470154127125228339573137369021082888084444997603732542892738064672136397
2203469565862446257779041319927112934456402489882862759548436537976134572593170
7284875133823894732884332889650383831271597211978930027725177482933077858870604
7667679982647377636296348685566086333545757904032936198316782775398231948086745
8101900581418442114856822655373558417078653525996402305728461625504292934901001
1988572831147769263540143070801682700056504959332836427651074655208141403781557
9884729086634785061388469339989673765306304306556703266998434154458485076630463
8703387728029774271700494549033196297344060868155032440470889062872382721227062
0319444266684875733476958105051981988727240218929833061465488318796683578289747
0752153440227612731849718704960327143224405333915079641676869603765230193540044
7588910963828141521387675885335518562333252710694593401372340705929494592854023
4688098327529233122771702650053358032959368892570851205266746626241667871532491
8988094674281288294495676435585903329194520080140359541922580938287700201623105
0553132357020625353027014197927155995363111774519218880605218233943524178260156
1580764339185197256705241022869396917898127384576170143896179702246144978583624
4168567188072632692882734174901092534829784160331554882149754964812993098728862
9372800463872813334205160024496149554762854353096496078341351051279595995934235
1213866384688801687707930809848562504483303975507125881500243337282817531830971
0906363106219680007973993232914205412848377432300276709740039137333233015529327
8666010306326741795644884805991522092777449412888588786209434341362096526622063
6464342325552679189978675069097466180810717589769218268953554998711891411341196
8589047828073546480748366508697090088501567437719401293932709914166683725251448
1
#---------------------------------------------------------------------------
Euler(916)
4184931911478342687319046053075819945398962023779061823345790205491773909083229
7461525355479773925728922968507701732769586616771639764266566848174222513914308
1765816235636274551499520786305212715320467447444796568811458571813420939546780
2557177014687987828450089375031587977460762490097382177990032773974265610252553
3725878747825435937434691673967343326143072227869419648660765300178613475373125
2297859697009964172241646585289201166648650836839992436824944657768564439344696
5023952005423919857048745142035136535063534876249561737651247049851196062577302
8226146173595492159187623857346525878962494296634348605673850973047206417782638
3600616496528552554363255594017656291662062107083257384795228267434196131132160
4239373220918409005786018921190048715157590369576107148544580703813607416440757
3499889678023763213120244168165403449442793548683525971679199669652392384176964
4077115429145708127078324126097148000675147290902480968647770435124945927335674
5121394902133922742451699561090180365192510997430811890784801348770957900383771
1861405725247646756382348615721014286117770701645844003103895558632732149992494
8847241570167716591487310031608548524204534127643363842297634210413168678833608
2363296304486152558566038051316654969804097607690779164864446003353121941167215
0644287732876990337466066549371491341569025183333586730763354913533315809103417
5116865453615684976349204945963851372584492315849302223799640205925345312274381
6025963249566598200188004788142624809720646078467267624654538357662432472793380
7148692196322283075286388180585348210641683401226335406578586019637624992025038
9771858813448642931625800152548460072384166895217118139399066139244753898637912
4716623594728902960137558707330775394567905334778798693612371938723809329897709
3428460334334946359649130699113126566220515019048101948205420877113076947207555
7698561019591637211816642572952989424352768502604985836773237712981232468543613
2078240849316298216336909095581558202512148724365884826798872738972294706327433
4309416704852254470432393425076648222092159434134889739676607311479460244528281
9037309453983787647594141027526796943605534930984384920951951738466774772133811
22645
#---------------------------------------------------------------------------
Euler(918)
-142777791267301339879573300294254805398054952753827531749097205167614385409933
0760730414688019871017934146555631114023802489901814558008138265332805320031675
3080402118344838487653814058978160565092606881719667434865408886028573988770953
4300071507880650273076506767708511726239802321246867524331785767157209406870261
5141789878894135750725011602241720290961240615628317229753128509837310895058179
5768573760063374709952168632025283550841463195171514714626530309649480586946337
0247439383118278879325801951526262304136725372619676508078750747938124692306909
8081140510278299656280997859575886072900272393271048260758209735073126175980800
2381919442099415260196659777574861056937955177763632943888013716446423248416767
3624290028318820937634964538309829510636311061901514863277450831273963594010554
5756021505116485607383440259103571273331807292531275201766130660809348399516616
3617504566753719291455729364234113500374447624681084505041262170390677796436617
2666574559266313795442737333427673822359998640160428769624568432835972214783696
2178890530072754794566899063845138177385060228140751241207196751799685111317746
3555558708819549525433033591052387190945520317753925920293212439367857962210356
4191312804514952081015168107218488545634488996596854984321526026008125875448054
6396266890777661981924165122845782494654824546285003580973534264467136613322414
1316155296989972955270606209230325664926643230656668671273386548529954348362373
0073064289045820670329541453754221765896711046669832414172549972231495790529091
4369108615229847575404836176780564504849856724165678081118340947198498109821605
9433465775796719166990857716507166647616928770787719882096200684235096425978242
8680934363632381505585500416013350229742688791080650222297730944393272205424197
4522421257359051838275305437198777835704273852712758538287002356605080863306171
7301274585955331664153298891409581808624421430658291930849277869976229623028572
2887257384093057370706841456786533595050099234755346063778544058766175105237037
4757755566120631757003926982672368261895061194367062520254116336684366125106517
4022426002488958449193299731218886251322340230205373692125937274804321171920405
619899928941
#---------------------------------------------------------------------------
Euler(920)
4892425757099399908171452377428413131235497331999502761957432360452950948677097
3673874033790041097527186211182156642644164816490484285028097119572558146978192
4327335241199989276136565482855027416815944027453477749693900622395011923235370
6883455794759325445630138256074140955059363947176734214587952454685306918113788
6985139176453848182133810421080951765337049182527090635926507029342934109791707
8330527347738793090582819181683378362984445085450617182258068822329332754608668
3586860709431632208174137489499491811895261173553599056490694256256766062358394
