3597171539 4692464427 4388027596 1486494129 2475277337
4134950714 8780335377 8663631185 6230615348 6757767063
2549018682 9580038258 7884851764 5563087087 7721920831
8388986225 3677915514 0403649128 1933272346 4641041042
0881109312 6098396184 0185584637 0235435946 7248574915
3090804859 4183126096 7299406674 8441944008 4259832175
4803345986 1740020043 1378508286 1832997568 1776571031
1963158186 5995049067 2379791787 3672190751 5640653437
7644763062 1705766985 6708749227 0750280876 7246204225
3538944741 4241343631 1016643663 9699880878 5733504534



6724540669 2181042688 1156695438 4513391960 5697691307
4521339412 1929508769 1112175255 5502502270 7891471738
0068542365 0303237374 8677870255 8389059893 6305021008
7166469785 7118051661 7315670294 7958588442 6271984103
5509462151 0005467265 3266686174 4293511621 0475673902
4197730966 1472422087 0452411170 7433388517 8666262283
8975950520 3128872018 9523544821 7394782194 2443997589
9983500607 8041238792 1930656793 2572487287 0197685892
4652325066 9611473973 0088004771 0443386543 7226884395
6825008857 1648130946 8446127095 6543139557 5475805079
3514267563 1381936217 0242297318 7848122776 8318957407
0484623353 8362165958 6843308579 6285376160 3136764747
8472565866 0926676629 2576087452 7312462223 5504415865
9706369989 2768170434 9941168127 9792821296 9226927665
0708667244 8008802330 9789282035 5930828885 9785353411
9785021182 1400468425 0546740254 9771417333 3668952304
9168314443 7629773482 7205059961 8427960138 2438264090
0540500505 4389956220 3257694031 1410729669 3855412386
1845341651 3571633768 6204154882 2631196037 5395351579
6511561579 1687520081 6745362241 2708438608 2271549504



4441606876 7350715278 6736164990 6840791020 5043844601
2308262194 9618692440 0308314293 0447840925 6311863207
7751264305 9419959491 7717064130 8906867774 6385439177
9381975761 6446811106 6389323583 6184091595 3211635978
8090633295 1732610281 7101486669 4864396113 1017175536
5403322789 0444701001 9763121234 1076463636 2458309773
2689325932 7741919571 4992449855 9646976173 0467291526
9924740555 7698159349 6630773754 7040710403 4797497551
7710849312 1353924293 2997367572 2029345975 7588025764
0391775690 5121552802 3145210293 1304996533 3937302320
0920505409 6856615040 5868034163 7934252197 3861293658
9718569331 2537414578 4827827008 6059892165 4039560817
3187429758 7191910693 2757121799 5208732082 6981863598
4600672764 3387648206 8156113679 1228409737 9440355613
8714059739 0368679930 4742369235 0310653421 4666419163
6140197023 9342325752 6942990274 6933964408 1593015791
8795154429 0533462614 1049155315 6884501255 8555000913
3220611127 0101844350 0695217461 7306595986 4168810938
1630424976 0877061545 7839544937 9187191797 7821405022
5790496722 1220778160 2380149238 1294008546 3237140405



2972776933 5214212268 4618597821 1744358524 2059109702
8941984624 6899952324 2239816555 9046677132 2876361960
1838487431 9465372981 2296335274 0628643961 0417591624
7182063541 9743568571 3007167543 6810628538 3585873611
4148832792 3310460061 3445141308 6470002471 9564721679
8552823676 9001963621 4043564985 3331976888 0648886200
2046177902 5580227094 9683423461 0834925724 7535445213
3926887369 3931289850 4859588223 2814751038 1188809460
4514397803 6923529233 6510900341 3934584678 5041229174
1350494370 6196058666 1948266564 3182166566 2964560637
3347509328 9553432517 4972737913 6224270823 9356455824
4327306600 7731554713 0178084016 9319607522 3441839922
7001189768 8984844635 0552660726 9164237837 9008047941
6176843343 8322845853 7684138118 2511677563 8388925839
4020120613 5674469196 7075752780 4706934458 1827691577
9568602324 9588411602 8959837840 5115255979 7838818410
2901478476 2345089670 2896672888 8964765797 7823069979
8819270883 5134933044 5898170864 6817971112 8381820020
4419749911 7721541034 2051654270 2703199984 6634914695
2076159865 0684885220 3163287322 5903815064 8355010008



4517784375 4507436145 0592219424 0241872628 2490356341
2652643119 2655030406 3202575366 0531509186 2694230400
9333102482 9860919247 0044115776 9350573870 0428590486
6973642307 0558612735 6402054048 2677643880 9032580278
8508769099 4809257329 0173311716 5305467839 2387839859
9208449494 4282354551 1110755671 4179415670 6197119864
1995640898 1974696503 8359856000 1537763197 8659426847
0653207291 3018346587 8244925078 1987830112 3504261299
1308041293 7786711714 4174364941 7041309599 8427749615
2385231195 2163541571 6204185542 6172577328 9754274896
4252455836 9008052069 7198978340 5327952496 2832641569
3415613998 5728673098 7422621402 8851812860 0190846032
3175013330 7807483123 6164178261 3805117793 3714470414
8121189959 1909802237 4678777281 2890453035 7995934005
6720430564 4044935478 0269634646 3971915660 0092636864
2173474117 6193906414 5402317939 0631738285 1890365239
8629007099 8309862522 4892343712 2606098581 0304095763
8851092438 9509763364 9477485841 6747664414 1210442699
6776851984 9816506753 7953954532 8708054990 5298268091
6273410272 4026108419 5694627375 9163057030 6936049304



9551760291 6771452567 3235033671 3095707817 6961089025
5690131338 3745115817 3426087208 0919768962 3761582472
3279969676 2659491769 6890350001 8108711473 8574349836
4099092793 3694547181 5629034528 7008933177 8646260018
4845835027 5093946565 7435197966 2469396278 9671332753
0010336216 7058028060 2032717455 3177354932 7571281289
7223016943 1756595295 8213137736 4076503258 2412095839
4227661748 9875728184 8476302875 1860746198 1595309145
1776753761 4228781538 3246915820 3968556471 3187068248
6414694355 4341864240 8986534022 6529793504 2531053074
5564744585 9877651882 7085892094 2199651867 0330660554
0243235853 0574124988 9718839646 5826949814 1403272968
0400985674 0944722029 4441441026 8192913411 0942187415
1328287331 0798232925 1450661078 2792101218 0103111970
4277690769 4303544975 2830570950 8933635333 3318510969
0238906980 6293571634 3038815074 8514989827 9017106593
6441270747 6112985186 8177731370 4723445403 7456002862
1916791322 1365782707 0240795099 6791418033 4821962558
6266951974 3611248846 5946582728 7656449897 7159444421
1823492755 1749896827 4483846421 5544522543 3577710157



1115312646 9088386801 0392137927 1888579610 9842454401
7603589273 6009257986 1974341024 6093628989 6955972601
9190217380 7009755802 3753808355 0621119923 3147409088
4681435199 0335032977 6225541026 2247665024 4698571713
5357265288 2185686112 3930221223 5302190516 2773569741
2863498354 0839032773 5481050807 1163896557 2944766845
7921741120 9448401996 5561435530 6898308612 0849486986
4517106673 7076918157 2544604668 2028205264 8523358699
2499908059 5519278288 1458694136 8229897692 9469666575
2303826034 3104885807 6055117083 0091971011 9849253648
0728361569 7678187742 2150711037 3995369276 6152452449
6535091003 4528895977 7029742778 8541533978 5881066071
5689492621 3082779492 6549436210 7345696787 8550687385
5611333520 6511000951 6722384444 3533158667 1798353595
3576451196 6809574527 4000424340 1544004906 2666137962
9574706527 4075783714 6094002332 6556772078 3707945010
2526980479 3497599536 3121472488 8120659995 0447324540
5295694916 1135437651 2759235712 6014280388 9143997132
0628419546 8196885884 1752929226 6886442621 4340633843
2354490358 7183699050 5347094758 4495815394 0545298839



1465186318 1509397362 3321405450 9690894535 3116235023
1626454242 8788803218 8619172536 2579809217 9692510697
6631553486 6721289025 5353427663 2117995418 8944080231
1171241078 9106391179 1380111690 8415614710 4326412032
4352019466 8781977732 7163070488 5109519004 3634508471
3867267715 3789281655 6212509319 9330846173 5522700918
5624196261 0481528464 0455268181 7698323603 3294487179
9050874485 6244052584 6670570782 0296738438 6993693546
5436456444 7230044536 2273752665 3145299219 6223098811
7645680676 7139785437 9165847320 9504694430 4384883707
7186501843 2569270115 1713494961 7369807824 2694080406
4500922506 8239337956 8371761215 3905708238 5854829100
4571562854 0523094477 0923367992 1158488718 8615244229
4590478039 6105235477 5294518432 9182177647 0401267419
0255625784 7710396875 5033652996 2214488179 3526405867
8133326215 9209134904 4189412312 5521539959 7795265706
8257462407 6495486611 3924814670 0657227719 6024957345
0805840870 2213078799 4543507255 6036021889 5109924837
0331300766 1853085253 9127407692 0389698099 6769175607
0148475757 7914252713 8022094159 3877488494 0496468312



0257215335 5580648888 1999490244 9124874438 7026964819
0456178567 1518215321 4214586889 6572634255 7795756265
2700629297 8459645061 7489642530 0021092247 9818088894
6251675732 7350029677 1470503279 9875798996 2912792874
6607578196 4794847523 9203522264 5594063126 2832484175
3975481745 7010657092 6022593172 3208740932 7491400979
7818697026 0143742147 8631793853 1308155711 6718016184
1988500770 6082881144 6496753514 6217195521 3852392511
0419841081 6414048220 4424941782 7953801735 7430963694
4364950635 1874820396 0509107089 2098443141 6784064461
9109367713 6150577214 3004751642 9278462760 6125879326
4955586447 1865902984 8182201602 1004997719 8361803778
2118959565 1689225393 4182635010 3713632115 7781214602
3709366910 6321911883 9169527053 6319994253 5844908602
3980831429 8724363262 5841069153 6617915011 7100345827
3988450230 0190025577 4774312143 3421560910 2142563004
7292952168 0512822156 4798791314 8361230334 6110277520
3382979698 4764875107 5308620962 8464767863 5312023068
6050987180 8751282265 5052819891 6999445054 5825287427
4597063402 2960335685 3886949799 3828280147 1099860087



0595684841 2151964733 4347663376 2743513560 0524136353
7190114791 2029922253 1533188660 2515377068 3310154889
0999536990 1717369429 8447066677 0482793224 4823418206
5674258791 4678111518 9747749072 5584891554 6647004332
9222039895 0649452770 7553293229 9426267433 2988281428
2556896573 3266786575 6193371959 3908066429 1914750311
1328446751 4873963577 2879342989 7564133604 2658143050
9213481367 9852888292 5725159524 6368667052 6471898396
1963598492 1134156953 1986380455 8148479071 7809078695
2927279184 0452294301 0294283671 1083950634 8425063820
8555865392 3276545286 2272664883 4185074874 1393854930
7417630279 5550310290 8136770694 3028970120 2531770184
9418209149 7923829631 6560222983 6198034820 4057952319
3813266546 0972135883 9304485216 6287214352 5751137236
8450592929 8249561147 4226829218 3057942653 3469225932
5226372031 7019199984 4767571541 0489691608 2005560929
3880438561 5393938861 0800038893 1415514251 9880728134
6757093933 1543005256 9037837144 5159973023 4429145056
9986414675 9503031812 7152727894 2502383466 7263317333
7455880994 3544395003 6775670310 9190940716 1141154055



7340884834 2833535993 1921443710 6006859366 0264699346
5720093603 1623444263 8215142442 8391715961 4658131742
4731705156 3253482379 3147494492 0069795480 1646821898
8433275915 2807095398 8212683989 3642318106 5489044804
8927684892 1854710676 9788613503 3352449811 3861637395
7310268025 1642313394 1154981062 6704975020 1361285327
1679450641 3100084685 1005211213 6399583903 1402261910
8072899098 1630702063 5413111542 2666078695 4871773820
2141054740 1402403263 1964563930 0962185517 1291432652
4427459441 4418275602 1445515344 0454002874 3249577705
8449408098 4033027258 1809631796 5249173507 0149484668
4157254659 2899494762 3637005980 4890396576 3138240276
9423666262 2690151478 9471169049 8025494902 5258782220
6853726045 7330359730 9077583539 3170308887 0854234953
1223031802 2928795990 6405017737 3344213062 7431431286
1522090518 0899239090 9028791205 1223118684 6024133278
6097500246 7507917126 0577404575 2925643648 2325915999
3166445098 9019146148 0286002548 2343871969 0337398705
3600376311 0023850308 8551562739 4262315739 0714593247
3869850297 2134778226 0711680996 0060440749 9093418534



0057217199 3409130820 8823412305 0761235269 6212454550
8422240149 8616621573 1602997904 0149669949 1727462378
2673017894 0942495960 6884377389 4743154058 9473271470
1696198582 5091282157 1405308578 4661918613 2280610365
0342003901 3081403792 8612843022 5378811284 4894688305
3710330312 3570043462 3165907687 6308980839 5415916852
0545880947 6237119278 8990746785 7536699281 4235247044
1171665252 8910036053 7755973558 8435425423 7465176941
8514470731 4525476876 9289970059 5461349680 3973823293
6238998019 8620565056 2460668131 0225203680 5483248433
4969568965 3100385237 5466758785 6799400946 4253726661
5054675709 1298762361 9267008359 8762678555 0302863066
8799392265 0993773988 4608390668 2082066230 1246129973
0378011574 8296449826 0524705900 2013885624 4146334105
8145336313 2825605320 5200592926 4808303132 1203507877
6629584645 4418916953 7342428139 0351629291 4225048390
3626144425 5735810748 6834892518 5396565314 9819630557
1241999503 5132382195 1186967238 1514583393 4908285975
5991966972 1704534304 3273161935 7189676268 6397897886
8443886119 0418094418 5825869579 6026345630 3755247758



3111543114 7620359386 9850737767 0742765108 2481928976
8101338596 9978614342 4430006768 4394207595 5495740760
9325016782 3992960045 7403577583 3310658604 1155550814
6908508483 9959586167 6625129053 1530322439 4011724448
8740345224 0718053522 1879714738 5313216889 6260285312
5348758585 5672513707 8186863521 1696331105 7203172237
0604678119 5086114266 6656026580 6290848488 1723155659
7264624249 1374667624 4614371952 8456935221 5618440020
8981301595 4860029902 5188585073 5730715293 2312318131
8499178936 3734145399 1341102203 5565410510 1077243598
6055631748 2778472401 3798347463 0972453826 0700785102
5263816602 7436710934 9768677960 9742645392 3241963379
8976824844 2209801913 3054859645 2868142462 9087353705
3411643476 9696472966 7525830078 6930930798 4984271168
7904408338 1863267759 7338032526 8242243329 6807395064
1806715656 0271426821 1230312342 9485516536 5321526945
7610646824 7007076793 2911101196 0165468779 9208741506
2186924352 5586056608 1435007054 6365728251 2899089865
2988276265 6823007437 7036105806 2226645479 9657003762
7144257157 7258126868 2546629468 7239956406 5097283240



7761438918 7704249767 6234221451 3091793687 7460629168
5183902468 0313643989 7416961358 8291859736 5538906457
7513081193 4551982918 1491284576 5152299640 7262983389
6418739380 2463224707 3639276859 5129132896 2522675690
3128989820 8892471349 5701429446 8682265559 5752774582
2828429972 8097773832 1273253051 4169924655 2250666146
5591357598 6554748942 6015712380 8779428472 7911437223
6711153038 2747753341 4242407179 4886020283 4057759385
8604743995 0943326511 3648775432 4221472663 1364859057
7719435372 7858104371 8337900951 7981796311 3508959960
5570568421 7532144079 8955923184 8085248780 8367550068
3459483934 2478328565 6352476418 9493364922 4929770885
8162423150 2049139804 3590449810 0431493233 0105944902
4747184763 9893163168 4443474047 5056811723 7464392161
3431838126 8547094021 0927957187 9936931386 0000384685
1436845821 1668002182 8201299917 4809263989 0989566539
4058295888 6002827448 0269991698 0106424049 2426581075
9212724690 6309924560 7421661169 4183897204 0284553170
7331523151 1142056785 0949657561 2039007683 1567476272
1070457356 6171878402 9626248721 1591769263 2706359138



7678465536 1999859831 8230451455 4009697426 8503775012
0083213320 6958860197 3051218708 5418438806 1088381433
4713432566 6897926277 0244341992 1807686310 0164857338
4040824075 8539913655 7908117839 0854206293 3068122947
2933559716 3936794620 3353915270 9063720694 6734233815
1383426947 1410243982 2438830866 7689896244 1571506447
4790566932 3318085246 4295629231 0160051118 6409568800
6805225939 6549137978 1356366627 8658482540 4606873151
6751685658 7130530521 1587055927 3837534786 8908081484
4722468403 3527700001 1912546712 3303888615 6296696015
8721813302 4728247879 1621978491 1643328606 7222446352
8831053208 5836045805 1478498520 9442235498 4713141131
8817352440 7691698381 7007803170 6833636151 0531335515
3309584662 3655392600 8021258336 2096679555 4446296223
4869224431 9084746391 9351749601 5959286204 4537991279
2443954761 9127992304 1584432891 2730521691 2408131923
4088661680 9185433824 2402945446 1017088275 1608810427
4721924920 9453946970 2686028526 3079403107 0690991309
2204311596 4504298191 0857994426 0900152451 4242833415
8154882276 7582003641 5251050279 0358004805 3428092302



3699820894 1459463316 9359389907 0015559835 0644690822
4449861971 7044307628 6932014459 5156484877 7012594850
1151405397 9796339301 0043840531 9067907436 4712995847
1833213887 1109099823 5667221263 8054868387 4189401010
7540013788 1018393159 1488087478 6587879500 1515539644
0761625775 0818635821 7931011726 1440466688 8481821945
6044051379 2488319715 4571243841 9343896724 7551444236
6589364718 5182260718 8363875070 4592945198 1123641178
0972307434 0955219414 0524464220 0902221666 8654835608
1018514431 7155508745 2030706681 3582038843 5215498794
4960394947 2960654708 0639824562 7394706397 4406405137
8929533572 8586689990 0859908690 6703943434 8708008176
0714050432 5690320088 1536947167 0760999678 0837875260
8107329924 7949817333 2139531838 7783282359 1673701258
3124289064 7354742150 8878255149 8414142350 1301672675
0821791110 0255797251 7427600739 3731921421 0392603297
0810769819 0589880389 1618138257 9914443432 2105291569
0578788474 5821110382 6605498946 6937643057 2820094574
0752925336 1163657509 3600636734 9850284388 7265817107
2599410784 9303081301 1758648611 5832906605 7327427060



3069996948 2400586086 4033250510 7457077136 2035206886
4946234411 9056316806 9892406954 1256556398 1942471888
9220352243 2260972317 5488853172 8266773910 3757237101
0673933766 3808981515 8426760468 5203620367 2407891490
1879273556 1807661755 8781815383 0714572203 8817729718
7593895662 9614975056 7853450813 4597659282 8371823671
9243140097 4105437297 8445101625 7543958762 4579038208
9029349315 0148104836 4513538889 2803043860 3690164265
8923162207 2189666519 3559162749 7955048009 2555159519
0461860679 1880818722 6970297962 2020888002 4877871779
1258102117 8942507276 1319795431 0962466401 9772097232
2610026863 7455300186 1908859825 6565626527 9366085407
8228115251 5511826170 4821756956 1541627851 3963778247
9952394359 3124697524 3690592186 7794263833 3073373920
9231890347 3965575739 6649098205 2618777270 8461695587
3614559295 2198126893 3164433823 9731423847 2615945308
8525408871 8865776402 2385105108 7973101722 5228452997
6947617375 8249952632 4714118173 0160201833 1119181122
2813508856 9821004818 1611461676 0485187369 9956114717
1048969514 5284969675 8125834536 1297803477 3231329653



5965223906 3357421420 2049904797 7949714036 8721532807
0643579877 1212837235 8671861232 8481014289 3866885703
7620723484 4796759291 4421953864 2201210820 7798876551
1025031152 9371693291 9965153887 8042516256 0257463240
8504228844 9977623894 6926963152 8657293741 3430169360
0760353293 6970641782 7787737793 0650105697 3945611621
9240336676 4030907835 4145513831 6434889449 9792375578
1587501445 5206486934 7130864983 3007389808 8056894346
0652073487 5952488738 1452856331 1886966371 7726065392
9012996245 1213621618 2124975855 1092460860 6703292781
9860265252 3263228264 8357227323 9183834925 8202127593
8940571530 4112736281 8836102715 0253648154 9937009962
4982612448 8262917986 7282497649 4874375237 7218823270
2328607878 6741446467 6075600182 0948906734 6574075767
6455255636 4224302120 9167963726 1321178552 4325445167
2661784549 6108737903 7460663294 1769264634 5850239275
5446300306 3866779511 5643109766 1700950080 5367466292
1490319228 9315461344 7952205175 6730507822 4066541216
4309774725 1304495228 8499254238 1654379640 6991093037
2676864436 9877159674 5583878817 8236999390 7291362951



1356585921 2624706051 2379920709 8445306806 7510219235
9762580382 0917959940 3622932241 6000214494 8306949888
4798402571 1575886642 6014882617 2477609227 5527824931
8006124546 8044327036 9494280519 9693247405 6765621398
6896794541 0457780679 3818986787 4389603154 9308087544
8508708413 9693776973 8770431774 2865816964 0187113187
5555139837 4341494804 3673850691 0996892834 0845548658
8315078298 0444429217 8135196816 5206545962 8859248994
7217333292 0607370072 5483852165 9865898890 7709883546
5950445851 4681125195 7872729831 3561434878 7393577890
1650631075 8644069444 8397384650 8885441240 7993571718
9272387604 3392675414 2118240462 4139090542 9387061282
3904674491 8290461763 8581776736 5973869331 0685073570
0688392261 4400496752 2441094393 8679474310 4730175735
2214306870 7911389927 5198337431 7080328301 7996889374
4273125215 8213563170 6351219458 0243208618 5211252156
3609484108 6274928276 8825625016 8628994059 8158930419
9588164286 7887107620 1109560759 7412872305 2213171260
5071600536 8280281377 7234299991 7730050094 3273641748
7408931931 7228940480 3345998552 2641089298 2215449118



1471363488 5180832952 4371156096 0510757651 0978703876
3128124395 9587830946 1734903983 4758336946 6057915452
2058959144 0569186560 9642765085 2458957058 7748288120
4132612392 8589487352 3560338104 3140003572 8912378562
7432502504 6365007438 9009557274 0636949446 1883652866
6054372615 2454172205 8298308509 6593648284 1958696169
1157259324 1982735832 4585383144 0167068161 4873475086
1264875198 9780776187 9174968270 0117124818 9184661389
8797807611 4957261378 2398415346 2245734739 1337669061
7788060546 3474924802 1501000162 4112121713 9454356212
0000272927 3788090686 3891198335 1608116287 0910443237
3070159783 7680528428 1909521539 0089954681 4560480934
7727238999 2107712708 8311999408 3118190220 4147888292
3964542865 0979881116 4285982169 5566288129 0310706500
0093202373 6562567548 4437417993 1102181762 3100802014
0461666848 9913449894 2412244970 1917555764 9285423992
3972482065 0415253703 9228810588 6341191972 0344394148
7016575998 4553384786 8765677734 7709176671 4680382367
3134016398 2840788020 5349546832 9590014417 8046155394
0129223593 0446998544 5894149744 3909752401 2233423549



6542515475 8972141848 9379143502 7789414016 8852816498
1439552982 9554011283 0729059554 7761225000 8820025122
7256136937 3743769265 9490087374 6044344756 8747917170
2479007356 2716781833 7666364901 0405890049 0891903746
4562017867 7383153699 1028400082 2875981974 8535247250
2014372421 0479284879 6759970557 7863311114 0447469807
8827521309 5399080803 1170918739 2213784736 3226332007
6649516350 5108258978 8722053445 1471505163 6392345586
2358747744 6622427362 1281109257 9582876119 1662541536
8465731854 0677262662 8180746456 1236527057 0261399929
1616530551 9804652650 3055454849 9179403755 4110839891
3905394966 9149956241 3086576574 4020383965 1663557873
0617890614 2079724617 5671478853 5806936170 0198445798
4350911655 1020022736 5198453484 7982496446 1874462583
0476746482 6173612333 8632176788 8312504912 7792009266
8848423818 1854808972 7394461806 9227465490 4673210947
4947459117 3096314265 5993105118 1446498491 6465734889
2990956236 0569180745 3782343016 6274316235 9500345076
3718679986 9307186295 0698331108 7556768767 5209574031
4348590022 8811237823 6242261019 4674169308 4249295818



8229097115 9753012490 4150583934 4052802235 0651030862
1844597274 0352939276 9896469538 5469623728 4285171887
0062273433 7169764549 9882868235 5302327643 5037635204
4233031219 1859473589 4560426683 5449612689 9092401308
9983378701 3512452394 8795384596 9039342470 6092469339
8335944514 2833816687 6839060145 4197079224 7310862821
6859276547 2336421218 0787384299 7293257587 2522741969
2110088899 4834956422 7696402311 4275391244 7443241958
9510468682 5138415711 7226630817 8034083469 4446916054
7679329388 9420433966 2086472722 7134058503 4694769837
8481116592 5615771535 2284042764 8249729162 5573147864
0882004014 7197345096 5477703012 8475568141 0163286181
3732440985 9068562663 7160588907 0719967656 9693695577
7186970008 3478267984 6572398312 8062485664 1195835594
6686463368 2410147066 3496905455 5589265162 9622100768
4166189734 5442324855 8753157654 1157523508 2441977440
5089409900 9451558682 9666106709 6709024218 8567263513
0220769461 6474196101 2483500488 3243990996 8585541868
7667730961 3636285574 9905316728 3427905552 0874941700
6678209583 0556996249 4777334336 3507138316 6500916099



4458603070 1991206362 0947261628 1628154305 0557973001
9787551337 8835228335 9301917015 0243774923 8293956379
3589629549 5380106173 5070050621 1537941161 3692454017
7933110673 1368079062 9158577115 3435290634 1740273374
6525121883 6939159355 2057152548 0391410141 1607607349
3255128653 2242006682 8708349329 4702711238 2304481910
8063670170 5555168166 0516170852 5775389709 4270729668
6930226006 4896574146 6207261504 7086137372 3724645325
4378255759 0092567538 4226193084 2019301417 0554457973
7519753004 7041686118 5897332422 4553893793 9958889725
7396558578 6621204211 3770585010 0415363247 3380634849
3087817055 6606153341 1288607376 7434320714 0406875176
8453010249 1894478822 8924670924 7645453578 1147272683
4119812515 7937479385 9013653631 9222853772 5907459494
8916500890 6353103732 9346048208 1275476655 4480334689
7509941733 7722730080 0883513866 1216396087 6950803327
7446327520 2112383366 3890757017 3658688340 7143249573
7637613189 0231795720 1193318346 8407571300 3556003589
1019144267 1794848640 9750703489 1571557880 1216721948
1317424387 4698484019 3683550642 5753888595 3635406457



8459525802 6348940536 8485245661 2071352028 2183609121
0728244860 3570984859 8621499110 7205603824 5919485982
9823543664 7477244318 7443625938 5244319349 8859769508
4769983030 1144277916 6402353624 4069488936 4336665191
2063300227 0696431428 9141781565 1576241366 0679408644
2773931508 7645327820 0005143114 4169384502 1360245385
9527358241 2808228405 1480072499 5059504215 8198022032
1191170380 6022726228 5315277822 5079828160 1848480446
3884542381 8778217104 5347616593 7626072970 8884217699
8044060036 0950716305 9379235337 2760325679 0842966377
1490318446 9807592422 9306159288 7578809375 4556644160
9888103227 3324326116 0955215205 5865572880 8412282000
0875492308 3828398024 9303701852 9206223877 0987704278
1012562268 2864582582 0748937450 6573468058 9573571270
2446993304 0752354544 8638482611 7949774906 5229880663
9691549161 9456757341 7174146656 6677615589 1302285172
4937498914 2315440420 3600837602 3193268910 9975546265
8514424413 0691699988 1628089074 8596904830 6877241500
9109248226 0722119536 6278356268 8880666917 1455147204
0654698672 4461341839 2754666639 4924222757 8726053861



9426620379 3909264926 9513080814 3167659282 5048764721
0486358393 8056093091 3730692084 8388137756 2730641491
5510911084 4125268842 8224477997 6582804516 7088789610
0155962325 4578416946 0313922987 8054528721 5559674980
4085046227 0826259860 9921560665 6776059196 4786619653
5011861033 8730120681 8626988983 1755538563 4933349620
3625458890 5835397049 9641814143 4400220806 0299886141
3468584239 1393401535 6423247214 2530142859 1205657638
5693562776 2470877172 6378207859 5318143314 6684288614
4057787948 4394185441 4553901189 6337566375 3705902427
8787829869 8149149790 4899821810 2052906879 7424909942
8432273239 2927379229 3589493756 3460447117 4134618118
7637755675 5317135332 8694467886 6336852529 9779133888
4062520535 5767274522 6875909425 0269880262 3029029591
9800718727 1543905075 7092048947 4278808112 1617537057
0817778606 5723273944 3689675971 9613240934 9773380717
7485067680 6611000249 7094831775 8504896131 6817104715
7601328115 9979796697 1179648937 4936580182 8293146885
3266706863 5647384591 9381630061 4124738538 8455900458
2927311830 4531949237 5073949535 9713935327 3415735585



1621085639 2947218980 9593934148 2083584956 9334691831
1894798014 4332181463 3528391077 6628884496 0868696378
2651073755 0363616449 2166918087 9049103339 9484824422
0747450873 7919354745 6961564410 2072323320 0904265039
4967045947 9467217232 2314104619 7781792322 7968911516
0333870859 6999475128 4280501000 7507936666 8644883362
6725037759 0252110262 5881334848 9287313666 4049593470
2802062967 0055707734 0622029755 7733498918 4277808485
0329492415 0006562102 2687299216 9408430237 8690711214
8745940890 5047676091 5559737701 4065431151 3641993910
1532216931 9775060536 2646324562 9378601040 8510259722
5325173092 6509659234 7969499224 8331176811 6594806088
0008261892 3704059498 0770400173 9674582189 2429548950
7168771331 0010397851 5335345314 7106859570 9445060537
3359195365 8617196314 9700601821 6015116781 6445877799
3723274548 4370216719 6983240352 1589516853 5513924782
0559128279 6153491663 0151458051 7888411480 9718670698
4272264732 5396278568 8562186013 5755148025 8411912578
6169815402 7609127050 7419511403 9656379289 8288285227
4086014503 9535211265 3895388386 7793995172 9586292709



4784127391 1524331129 2594640007 2613464924 9972681810
9451514403 3606300528 7128811763 4557474400 4968524233
4339885902 9913064236 6501730923 1172549322 3569364627
0826473653 9614701936 1465648808 2366385687 1274311814
6280242967 0841610218 7589986096 4969235031 2982446820
2286241015 8118338086 9587321577 6018223789 6180157677
9989263352 7484089573 1040846106 8537718696 3984413185
8461150414 8287305023 1180669598 6341793389 5317469817
7066866352 5117787844 5758531114 9522528920 9150428157
4922455591 3847113304 2715891355 3411142349 5667324043
8530735724 6228684692 2284083793 7344847060 2916936013
9930409506 5459619003 0818380252 7282563082 2093726975
2752989520 7663388958 1100393467 0501955027 2152540707
8422203158 6900159951 3082638484 1974877768 4991692392
2196537231 6654475744 0764101009 9650617126 2795901780
9881925888 4779270810 1654593733 2535284128 0200757510
4825911652 5137578340 1008951847 6852491018 6221173555
3486369698 4157401995 5602865124 2236187405 8340908447
6878971542 1259530355 9132707207 6061508973 8197994811
8563835674 5062572946 9513436916 7891826306 6507952431



1558263643 7199760377 4446201879 1016135424 4770062736
4765654919 6267616444 6807721909 2292908086 6228112959
8849247811 4867153425 7155367603 1195245475 6156523696
7703853704 7688660469 8021385248 0305611763 8206875750
6758136412 8628780137 7651406190 7267002330 9784587766
9182283339 1651290787 0760866937 5171168917 4162769080
9551757279 6980520168 2102716262 1360697060 4160915617
8870530540 7209797684 9302663763 8968662736 0501139889
8836733591 3513960315 4742889747 1385416969 3929318308
6800212328 9632959938 1271653722 1185295145 0167108432
0746942049 0209766700 7422827466 7222156833 8634130232
8609110460 2401561230 4984559140 9523921046 0975654364
8344461508 5503749970 5955336660 2213462604 8399601227
3273641910 6949439922 4652457000 5239136227 3333832849
7275573933 5649594315 5230901233 2305634341 5235105696
2822867788 2109308461 2156866114 4438707609 5828406715
1875349808 9714331027 4396702320 7286830105 3055854740
6112071090 3593522245 3189737748 9287212239 3887443165
4802090390 0810810885 2669227724 6193143825 2909725863
1124615779 5502759822 0706166870 8048769500 5424198755



6204669927 4663988639 3484868401 4223352872 8214440395
4784228917 4547658271 9454397372 1716746000 6085368620
6659734305 1524283327 2893912510 7799228171 7140591722
3602073852 7892642080 3737929278 6435578021 1583575735
8359060207 3781354710 8144950490 4591832117 5530154501
9836835859 8699232679 9363224360 4356246020 2847050065
8345386692 6334314789 8299146785 3814916433 2937337706
4728561197 7754717802 1057206562 4167806204 9249605068
1014505544 4000836915 8538639919 6405583027 2863321210
2715925478 0491989067 0890668715 1219434944 1699015818
1216296916 4529656672 8882261734 6469987438 0606663650
1254919352 9951563426 7061483686 2978791948 2858285181
2784137702 6940221675 5806828356 7621527125 1002722532
1755011753 9167618570 8244100056 9786355201 5457177509
6098390350 0128251287 3029138851 7597460971 5463747851
5816291219 0028421493 7284094101 6515570616 8620646222
0736689554 9393145435 1822662501 7737147979 9689206120
6532527541 8413914476 1139221521 3461406928 6419355821
6544796702 5369448854 4417123943 3349986029 8027098502
7141815954 1678025432 4505451516 9222688322 2768070584



1685710882 4894008108 0598243638 8069304940 1400360540
5882514727 4558825823 2852976555 4366006097 6141881745
4395068351 8994306440 7677097341 5827497543 3460741103
2688819736 3251029598 6891271391 8327323940 6546776520
5701268560 2158373854 6587562512 8673719730 5200835452
0571151156 3796715242 2854375612 3193671768 5670090063
7354250309 4551019185 1196229951 4032597437 9209354374
2091184315 5116834985 1325491586 5438192839 9557383125
9453672482 5067114738 9629672990 8788858488 8259970107
4227252504 0354818049 6285225705 2082363485 1226938315
6280672836 7147435055 9839279732 6066842950 7263513827
5104197468 8976767259 1369017306 5123657317 1953243101
2869561072 5805283363 1589009582 6698417353 9638487201
6520049064 9064035498 5449237229 4274183784 1103308077
7386940393 4504663332 2001742224 0536339407 5275059829
3574910869 8818541052 2731299102 2233397661 2533246907
3008027004 9025891197 8660954614 1221334121 3891962638
8266617865 5614634421 0813263307 7176078663 8063634243
1909183254 1943227473 2411523770 4877561380 9279604835
7649969536 8748511308 8070624761 2732575037 6659107831



6587857685 5066198839 7945830269 0860270196 4112202257
3660586407 3929143877 2259890740 7359876447 3315527068
4661916708 1990942108 6085140332 8060178785 1430149967
9947363423 6622229182 0690324453 0152501557 8576015228
8473671518 2349449265 4828857179 7699263163 5275384557
6557644067 7544890668 2489966134 5595218009 7814220867
2688630564 2915401382 9653468573 4899671972 4201717604
1456299913 0251414447 5248848788 5952192226 8437236453
2964338807 8851106993 3976961277 8269162546 3097323535
4514622641 3765213929 7506809924 7765973472 6126909397
8722139280 7455856470 9998158942 9668515562 7040336605
8762305340 3109834593 2290012698 3226920502 2015814343
0280800022 3658015463 2882552904 7068250736 3006307811
8956871980 9407671585 1261033440 1938296271 8808600861
1697072396 7039431812 6130974247 1117179019 8574301239
9075403547 1650628805 1264920095 6055134533 3620292630
6649809154 0875817634 0212996001 6194911103 4937515765
5887524827 2142376797 2642564269 7736819889 0882172269
9265553049 8724790479 8100065046 8434265519 3059548646
3515965834 1932560199 5394272542 4637317151 5176352439



5140380742 4423857724 7656596152 4567466993 1628602826
4855040685 9122463407 6966397694 2701366938 8291856076
7582008669 4383375631 4593294171 4551996669 7728221814
7062090620 3497631712 0864660306 0567561493 3109167359
6869262998 0336515985 2130088802 4046181683 3186087792
9665002779 2213476011 6174813520 0060259895 1502189632
6415385131 1775210714 6410707257 7934971822 5272679005
9933701865 9615793278 0066176911 1831676147 1579646487
4106952245 3761145688 7923115088 6303623840 7176919599
8900356580 7547270107 1991664477 5922773065 8896111939
4275860246 6572916464 7782959517 7925217284 0786074432
9511315658 1166361862 9044736315 5515655823 3734102054
1097055398 1055118587 7748472553 1770169456 1977327400
0762746629 1601557814 9893849915 4800670015 8802872713
9647788555 3340501525 7888467196 4802052467 2424493955
1864372558 4409996006 3063002898 1857811273 5319400344
4827534004 2960655950 8922535186 0155422289 1764294635
3097283905 7155251922 0067182252 0448345695 7283024858
1587778354 3719512685 9654267081 6960798234 6616792592
6073561893 9895590289 5422982006 9011350119 9927833705



7617540712 5834805827 8068123894 2856193111 1141325049
3316426052 8023303981 4169006798 8980373760 3209951643
8489058699 3696068307 1012317961 5266924530 4649237463
2284627990 8242334798 3303740344 5017864480 3988127559
2259020465 3660846910 2137948423 6888145262 9696866213
5664767020 1426725320 5644350313 1171444137 7135146736
7169726545 2265465106 1440382027 4351610225 4601111621
9577553769 0901298148 1368832862 4816036689 9277390833
9405147143 3848747692 0116426194 8192396449 4632004463
8474688479 1115170448 4391938676 5303110082 4238704981
5245204055 7396205818 3162486945 0329535091 9858056458
9890874425 6831229254 3450747373 4151952742 3647641802
8199548731 7377212901 2524214467 5404294585 5402423906
4717022570 0446424875 9363876636 7067747962 0244276809
4377854825 7665128437 7690093142 0986660710 1870293385
9331043773 2853034371 6889518480 2547799127 3331396336
6725069762 4004443999 8428715482 7354002136 2280036387
8357808619 3032813099 9490596589 1889375075 3834426925
5703320890 3758324628 4679499477 2016161849 2448067072
6066423943 2321923207 1760037252 3136002600 7938117888



5240250457 7314925350 2497399425 4405139909 9724277891
8511892389 5556724908 8332253210 7988627081 5640003225
2780315109 7668662283 3467773834 9417461225 8945420980
0002909329 6907437726 0138690910 2791406259 8515250597
7668184401 0781670669 3400075149 3482854055 5614304755
3911053314 3757464229 4862097446 7908447587 6468363178
9277308598 8511135509 5794744954 2186298667 7496696159
4744440927 3113200669 7861138085 9054531762 6494590167
8196971498 6139949226 9722338452 7051438093 8951350464
4375512254 8611170891 3966808936 6777973099 4384880861
9331909104 3578607208 4967307382 5937923963 5993284751
0040727279 3862627167 0447540757 1920250393 4191972545
1894831172 7902461404 9668955179 0799869102 5376489096
4845981670 9017139351 2067828395 7996122631 1973314913
3778183433 8419318523 6753866290 1900463343 3285328343
4182492107 1916092767 3080132353 6947264848 9276442979
8706811256 5462806117 2604607332 1917630474 1215064030
2017893205 7956876051 0277525053 0436122270 9604675845
3127386616 5214241940 8683408375 8914009511 4133929545
7700947317 4811688536 4094183528 6109971034 1672355817



8602823498 2020314998 6794017404 1719140283 9362105194
8060481901 8245180081 7013710421 9745921279 8404024268
9630053355 3685494164 0086392177 4567695344 5865088328
6298216584 6016450780 0003598985 2129012395 9007042026
6074498878 5062717607 7622255060 6390745319 4771889250
9905810093 6729891954 0995766335 3865837809 8044793537
7991877121 4297746197 6409472721 2140235326 5517772361
6341966074 3763915386 6019450177 6914006240 6841273162
9586080635 0676293775 1252934367 5960734271 9967513520
1580087373 9548389734 3990123825 6568290785 9114425882
8521366169 2014029900 4131462136 8063235265 0865411218
0847499875 8441118362 9097908919 8341187537 6649604809
3626489329 1043905977 2563295581 3887767446 9546181579
7870419159 7558335000 3772867246 0735185350 8854954642
0293097158 5636949785 7640483741 5055580991 8840209343
3335128195 5145551857 3334888164 9167694427 7824055543
3697731192 0143722541 5419274505 9760137984 1443735994
2028760525 5571893780 4114892612 5798303618 3801077110
0500423923 9264415692 2779005702 7947401364 9422918479
3369253543 2484048780 2317774451 8417795835 5825754761



8425495753 9587854945 8343084804 4173708798 4926741952
8932303148 9589916006 8542287957 8929481590 0068735373
3333338638 1390842099 4872551172 6171087294 4088868447
8508116345 5852692141 5402996720 9886937158 8623222033
1485581742 6826359506 8936234481 3422473786 9394609232
5660075472 1256741410 3421849013 1189639676 5473291674
2471899342 4330280290 9269850752 2949079709 4430092386
7287743936 2551113136 2876159197 3832413491 6722682612
2826312779 3811750807 4089589439 7190025426 4126649479
8017644201 6454158813 1760189726 5962461441 3913192067
8503524638 3065776401 6522973204 7089201146 9171337228
7863037038 4531341942 6441424966 4984474404 8617738513
5293731080 9985947281 5111736507 1913988126 9307482690
6140392864 2276627849 4329558828 5938372148 4750707783
5511989622 4911955882 3704506458 2005610170 2053248444
9021502294 5617655618 5921457439 9009554822 9413751544
1361329150 4304691417 9941224609 3381651362 6279028278
8421381220 7758942403 8840622943 3172798925 9418366829
3679259604 2241845941 7706530195 4864394817 0335524102
8747044731 1715070347 7508343237 3331163258 7672763683



4685844486 5625391872 3946082732 4713500448 9570868031
5032503867 6401735315 0794003455 7285503700 1845602769
9615061568 2914161170 6104616174 0824846267 0335189152
5518824821 2726007259 5765678899 1256787020 1497866790
8471066310 7487646730 9890914719 7987925985 9062573364
9734982350 3126098309 8734686162 7393580579 0735490824
6830497284 0977323811 6708249151 6373468087 0510521919
1762054169 8826254760 5445817711 1799377677 8696542169
9257855772 0426344244 3042074495 4897033904 3450720611
9007697363 5174019526 5632213928 2583120528 2400374669
5459092804 5259687984 6081408707 1953425476 1388363353
5119112144 1431485055 2012358138 0626492313 5383387675
8091889237 9758551573 2036588317 6242411691 6752381458
8592075164 0352366843 7267917590 6370539219 7981126597
7081139473 5167196299 9970520901 7090758985 6916389066
4270423570 0744502775 1201049039 4814832945 7443809746
2603510578 9819540763 9870607875 8177407249 1184506978
8429941383 4206081242 8390148814 8725998541 8148029294
9227878324 3561055491 5641091748 8770670678 2011985910
9589098386 8839511718 3801349148 2549927491 4269855259



5177653612 6242157266 2448896096 1482979703 0842021051
6027967147 8561594064 6136382477 5890201102 5199234215
3210060175 2302574212 2375421074 9591872867 5189552155
3299453226 8942518840 9422826757 7442222755 2820761560
7277103947 1825668024 7106606773 8312063031 4662847443
3862047432 5956850568 9287162653 2908327878 4399650716
7242206138 2945329166 0046380872 5630595241 5328812093
7009922989 6006981396 2796862795 6763519874 1824018562
9319849226 2333643189 9309017048 8199525882 7338807953
2658851449 3938124115 4327320589 1645786422 9452684117
5188081840 5095690469 1381344307 7848902114 8797121162
8397734430 5484614980 7935624354 9671412947 3332666422
4830500436 4454547027 4917232078 3995650868 0187617327
0331906565 7954753952 0692925201 5307064350 4713068812
8903205385 4556398799 2101095667 2982873047 9466100543
1635846234 4874415554 0713381432 3441311788 4241960190
3702868696 2422762465 0240042081 3713504640 1599347205
3275567950 3533906712 7216177906 0302162399 7804185763
3481005448 3887031730 7162552564 7995999986 9353196813
0101562970 9787116730 6964940274 9166572674 9434320813



2314613886 9255334949 2941183163 8778899032 5940109341
1157274298 0133181457 8281687913 5142439557 8734205915
6145877368 9880807917 0711455115 4762661682 0817775747
2484278797 1298154823 8520368959 1652405437 3052466728
7313030192 5829524987 6393209857 3120916105 6135722017
6392716995 9868610886 7606133843 6496169518 6548486046
1684848240 7438381180 7417342224 4839478939 9827801473
4222305786 5410217729 2648209140 9485035013 2241515599
9901630714 7814852705 1614432258 2547801434 4010953366
0239362642 4931385229 4054753641 6836467041 5743005583
7298470401 8145571002 9696234698 5059977885 5736998021
8223035492 3831879762 9894156977 2123638440 8891789275
2775284714 4776218920 5742545315 1037479977 7068623624
2189906303 0962822117 7321970823 0347745455 0602385859
1140389896 9166622077 8768326012 3961741999 7623655063
6326601699 0661168908 8687741333 7809195161 4977054921
4171181911 0149543478 6938206209 8082787895 7313278990
6002086339 1127847153 6843043814 9815097030 4770886881
6359741925 3413412219 1396287457 8109934248 3271410917
8276317654 2096312507 1366926365 8821357511 9987540115



7902802850 7806698333 8418338266 7394553683 1965657170
3194629336 4109272667 2742449927 4732291380 0983574450
9134079930 8568360484 6778665354 2105866800 5211542648
6749723953 7936421566 5358720818 5541259819 4547427516
1184169366 2556324193 5915856950 8890535314 1218336623
9987802211 5042456600 1502364691 0815997419 2025443787
3610226712 9412282988 8805336794 3950329404 8049616771
1072878810 3161467730 3715021835 2890241464 8175430954
9059448875 4104250168 0406999981 9671937982 0827733464
8558158591 0776178828 4975054685 6791399040 1138456243
6040357440 2461912376 9440220076 0421433573 3872603925
3724664089 6649147146 5473007219 5292737417 6796135652
3306780426 8200024230 7412186674 8669462805 8788787382
9952327805 0107066101 3854028801 1913855730 9113805727
5589368194 0309380718 8637937582 1544435162 6559912030
8784820523 9374935189 5597158155 1828048148 0783131053
5096823567 1612355096 3161528665 8578590195 2871775464
2506412984 9451057303 5332433489 0979972094 5729170095
8784083221 4044050147 4114381709 5657712526 7157798170
9767638478 6420648761 3679394578 4423858603 5649664463



1401310486 6705613462 7690174928 3229004327 1120819229
5641589481 5282655842 2192618902 5305138159 1180342310
8851491226 6539179448 1743390432 2700506874 2888199670
6196068850 0673328353 6146804985 9608140287 9119631127
4825466404 3703847828 8400798157 9134452321 0166867374
1121294496 8134510122 3798429402 1947946916 6481503124
3187396911 9602156712 1142279430 6820104087 6756809373
8982054684 2147856014 2776882018 8071717414 1274936746
7817513227 7109046730 0153094677 7306922329 0953495694
4916011690 4681818272 3477816197 5125727851 5355698616
2922029188 4745302698 3015663874 9177021947 6050941748
6684119727 6604440854 8329750498 9078258061 5390200301
0352180271 7920995081 7839121233 9700700278 3290619371
3368218336 9615408265 2039271615 1802279152 8640768315
0329974060 9280483105 0625515722 6287131327 6818247801
1691549378 6248322401 7238370727 1608864192 9421181718
5646748118 5694008705 2996113141 0594582938 7033052862
9791882649 3247420179 5512442329 4762903488 3495272292
8308040122 2637227611 0275203800 1209375208 8562406453
1125037264 0153996437 1233707903 7439512032 0285350254



7482779809 3030202196 6325093290 9448819057 4510298521
7283069962 2421954710 1651939329 7693706545 7633343243
3256433136 3912210835 2913555770 0812650539 7931646814
9451341207 5121883505 4739685955 5387809194 7374656627
9031868161 7136416152 1554077453 5438041479 8454584063
4474745085 6802808623 2412696939 9311229640 5603273109
2793849169 1879333596 1485351700 1814969826 1648003440
2782281398 5879014862 8521286746 1753848503 4806838652
0168074767 4402114766 5569643873 9675796644 2958864095
7755915419 2615071966 5373410817 0649748222 0419135035
2239320369 2779239073 6955880577 9975526019 0308143550
8492475981 8577979802 9812641251 9269808310 7565746594
6935112856 2797590578 0034193234 7600136961 1447290131
1372932651 8877314672 1410741275 2210105151 5586571349
3912768855 7300645655 6663593525 3545094573 7896883580
0277072108 0754685197 9021567766 3559608589 9524492722
0497752998 1545862535 9295568858 6552190862 0348857429
4435488340 1766168305 5326602458 3599445433 0952973620
5642829474 5396641017 5938780787 5790401431 9567264450
2565389640 5200714870 6853706562 7117466761 5719181064



2280464382 6867806417 8170171014 5579987859 4929810286
7487747167 9017435503 9931696835 2859211648 1487861286
2891163759 9276847108 8743661617 7623930982 9498234064
1378280711 2174123783 4222414406 9984863288 2392406563
7743898084 6317043398 1419017041 7704585646 7859934941
1376710185 1048288345 8475911298 5991132618 0631166520
9771093260 2545777664 0478113979 8120273962 7905217807
9656593348 3031963863 7263605481 7261754402 6268435726
4514741114 3619747488 5328135254 3231321040 6553747535
6091405133 5764484512 6503159949 9398475912 3386762589
9886282674 2421410656 3170282684 2027427753 5478527849
8062554779 6730956213 5010751357 0108143767 1209736106
5693389811 2877006439 5086822635 2419579899 8752445315
1326843577 1252695511 6568426062 4979530056 4134236794
0326869432 0221277155 2845229455 9060131663 0023329786
1842729369 7054256408 9572247314 7960842279 9606431211
5572289888 4134069015 7060791698 5539706270 6949869226
1315505954 5816240665 4276265360 9898824692 2842402217
0510920884 5226419380 0405064723 5141065446 2939736295
0062687069 1857435034 6890787025 2668899031 0590307332
