43442268722675325314165635664082232048187064534096613588407265293015286883731802
72502679155473653473219810687368237344087628710536180085085352655594112038346350
74318333501642838624736497833214244863980232649741438695862855614662352568723490
30972771883652383941566891923557983429848859304815638732565674431622221965197181
33835639842814549663726629722866184979241949871683794749873837064700728030308163
90808337008717354380164685339594293716245200892576610080292386076374741077861692
57041007920420461042721047101055361625232869856517204293604296046953469383497693
00563473348565173527010062842553665181729242550236637624741697244358716826204788
50188654718835044344045956389040762044481342951249828618132238407729641135698458
49395978509988337666464768735641210368115938814868838958869836025260393351208418
05671223483366960713403872564775873531840919386424253887632460278075372994466992
27152898343555384120282765437985569695024213272619938191123898718716189816765140
23682821658248301110633993497859293856966996318497095158892037974734604017426155
17271335368052524822061630397076616535441741247481446949791151638584446782971250
14781853846455442579715848202863845779516066099062810782446229186625571876216097
16732995951839615325572934504274527317029537138339702084397324574092487119666350
90262314326592370299987029961636148647445774677555702333550889975910870288989226
60010324214065088785209119523672612873743205999036750638204126109588090316498850
62360083140995385453584030868068564544168121372130220354725518441650210296306497
35005059555526538526801414459077005844051869744896467872301378338364223937385357
50891895146341969077094332544640735238868444262877570657005752218102191538625116
70186402763341712104404651847031281695156799195994571535905962406887019118878370
36459818465973615605557433781950672247974862358141520629000258925290299417238259
04514243194566020309797709541234581736797319151466144121206366118980707918006735
52556113639876122930508216787693511505129302346878180699265657803384508541227736
95902701986722256684506531475512976566201077472540472894165607321322810099792664
00125599608540985896858397091317780178609576233809041420753707445375920526511785
53420945405331830955481591883592035645912582920363385098916940840179041423722337
80690859202360811491129023128659257077392348062588331353773941944844865072615156
75884475864046194324322405638487207181547154921640167899429018103109804328423606
68009140054133765497975401230553259622978423929861146184125267315075104992593351
37140634177178381362429441406303722533413421198693932270866187624396953512165100
18713795746856706529351063460046814174653033154236290263991447133250379994080362
53692273549796867473628166543907444429851056767443382673223833162793726014499551
41885842964279882347158322349089544356830633782876046052675607181303689919507269
78615233469429022271681104747139132761433002817292372904149892523466366638112625
85185836212826419598541072702418403054439582335113791127953422019248868919482943
25924852862354490535473202264380709436686494398312415302299621855499026287941275
80385023801108034154196969572189087720040537933401880985083138454769955992985996
71328590147906496491025478067880864449214689447674689657394146192211884844325307
79121843212933715370389731257598704147230020493221194118215975726552208901541534
96676583714020835851919983090647834656013800589720162331400712186822663139055008
89965668581695428497214998312616962626771795538436145225967415730258943050737818
11754693765976904971795225704715529819831666230671175848150507475316178672145488
63868614619423323619727214251469426514373391899803903897459972216269347445562193
48190682994542761089488454128210925130006632782387502812836525685172694819806616
66462911054938306590567468697333204701217869209867301993077823358987691795094745
62248650689029987479031682874354837310187765237028577939649879534420817069960800
86513605033257322340375801634519219423598109306704826698420757925016848713178803
00510674216358198742915717298283295274925226406375684986411922747809607122078380
83954485002448711575986519556940310093873490774558618369967462027479873936451423
56284596382074532563447663970775819006392915811298363458697610397757011538124436
95697070250844747595176473845814156294673543922382933014828728126594069879997369
74522503474774019717004816239864787768934547778204601883608778195358710009356621
88927527064900785719352855027023502213747513530245717939732623061943903390901346
64198692352305002704115893440194713627965975618973489516872584695727180089712745
66663537167236268444240143920913685833439284804493019497416885708624499928133914
83119464918559604697355077317350978881287299066461338474686418129768733350510595
82558339365853056246097836694572921891307566435232807385688525644109583890045673
98762685784222269994766065612896362598265151966647914712394708061165966522557051
16342262816632732950247641569010522712946845915576617514926577411214740418744779
14587811348152946129449826608956898334251955760122250078263217118227868747392493
30271610062072440532471630451674786318996251412829121614601171934901436793975418
97204589718558535859217009320689309308474233515896372799292938803791475729625165
19290616298408608708894399970039467031425301845332015972105388640459648133064280
75480752624510434312055953664491031185254307174199258179455635660818355264085623
78067647415996982638587812997426840049993258722744201080442147015982032819662509
40891207532229123268082444252702377548031902969412069192382552908926053280122765
74242165961331151006787649213870199615573709787205125187342075193659732408998080
88673573409005356455913784426353385534693415990854121374104997451328832706248167
58335720020724673726723230853052497785033797053816888617155466542686559592028456
27618111991258832703883686293523970443403324996354939300756450463980177560195479
93611451094391014204649013654411070121560667521536461074009041738886585198207804
08285458414988534438909792712180540331074581374002111888348440138861046295623300
21381600534597772759351061627201139984668192434852704370892249871234227847641122
23219402781121236118044667822109103759924814559978307956874540333118209331195381
97013455966299393977756987261280241370950747135153033966303372870079273211918331
80522250995286302801621247819399860577067536516927452213864920412044203875381963
62867630839669394049711717949976485660357809105172510079279720837240002641253219
83295981907410137193507657072830974387829116073377955623272392954052229670409824
30356753846941800511673645289743223628476720470490140842777290622748433087216170
39825700920979209095580356299417257216363918151124668110851711289694961521611172
31093566432092590786684687490242750360060929020598264577123223683031867769461338
41960351506047728064539711899119254105926545085607795082861566371609612627982508
75149703409949625987248969566423953701521697324852603569743014154804978276969237
12270267560437621785655887587283278541097428164566606396184382949581269550010594
79517912654111326805165902916727666625120680256452722236529876024375311165706887
24666691407956926627978467567053859725010433178123656119976956028593513117657012
12950072593592015453956884994729198309670226079932328556439891421450471503336618
22557739376249261248342589721893789087482103497540973074006319396295002491297489
75539201349006865401928076141334282182154285600890657129433782042850204991290803
98980155172901433513610000034649701962048845670576910527652016717856573556670243
72865129434816615897832947842192580459500360166010518741297874808893592376437509
80463883075282296741057157780707906329611779338141118454383524697053780970843695
78826333790896115898900092191505770140750109840783677944500412502062949746134808
40194342423208600146000561193648314476572792837318021328359319720599256553420981
50337130176038990483198905584455623344303182259919670355727713253080136133144705
45648092195287369902121671059048673015802563707640488114322713661896363451010640
33325286467889949543677608754860753830803451923528342334311275685113107388558530
79468652509251510398934464455855636408411587008871723419110435215505565117321116
72264117950931637538400891035588590835188548613801004036268916071386284694744690
69200218316625725061979018239130403687187889459313804948263745755138785947710304
95434259596037740933686428566653477531737932908644126769574189881967011991857967
25564712176209358279273989336067530973342068170941155057639150093983619204257341
43575430147705438340898888189633094613364196133110262209350068739092870743171987
32747840302933770813579468047265532604852407194548572062677873563438195076046712
99947760862760527973776095597099646663058455779062841573548063379431429967280121
83397866139366318492705220304363703990349187210704197444332468633709240126141127
56143042415079603201993516747247416878214233554599204274390552728279811667596478
63432596702330471088843709734765726137338687324037162642079908361443303641097670
94228604511923170366267133578600386125976734214641482698451741077112861130035648
35860605939315769105857731272717884840529441738288431039480353117185710188168127
60770783690020081474462439715037556378059906943746395116728856758143451965670558
26854493787527562115987893904114654738951582851909026194545409003672060468329957
63267410244252940506367913792005444830414750264272934603563399047050189547843477
66401235258922559409848985215615578657078338030818903040018638039876737232296949
31156731786133121097895060355842977819345427929822663678375176852465922550301794
25948420602849772132503312471956245300219564623515952944221613775138551606557372
93649056088115770914097888271678965220476438860098503172228213012647605743689235
06239260872357148752920172181809477366233913054327726903979773920928776422151907
06733528158710630318696947042952834733604653104920880210157445291762442286498608
97646884474289936144196434160888069008822833265701838458278144543103161107974591
98949047382895173084830656133663944910303099779223917216965994394895944572516162
00171020497168589628936719395697507222171623011878547586185750439209696039827190
04766937027615310344002488532986702769635471186642781560858464566614199808080711
96300154073494509741834362018857549798410697628713900266203631534284095086061894
63744211887600377286843548793534906518957824177431565829326001984639134447529536
89441466915761775458770421006533111267260057743930722628305705569971181971481592
88297300786378983756634267976431903534876562153661069318149562282143442660974311
77159566966896963641592012572755639583307122317009406605721180086053038243375035
48839934381369712931585345107108813382568212957265776113997865584647897035580348
05770906755061155651731840773083711097977894571797819269759229415439809589190218
13496786467936904310196770622885294931111622621155683211785817256839997754100214
91309072745252855219186210423038854452985392379633354508581315717757747399705332
42276621298553058959476014852773230161554636445722334038689308494456261325728593
36205027890668782102279849563317270647146775165979917567608769514154693506083149
17451640608005005406381508486190547734454901843035630091330431041925540113826180
02485439670938916376291945594859085055066366536625725956725020659586265698026186
81215467414597225198746916306417518267181467855060039753446346138688330950386572
06882577240935032298558648316969541236151558929190158032735763528150917978968845
40735868475279521346007011234752568085452548894908325687794449106015367159735358
24723781376020302952256322887466274708482971869025625103562320345551912275890623
74813296594378030459866336701671047484404526042695510811106654254132022437637408
10023676263275633834800011110959703272623875956292454699836882046580600415468621
35465902111000211620369473564952636855987765358663314402971168696730185939526849
42652460904487985097512672204816374923558496177969010886069870925998851210524992
24763731162381603931182603152363050653341922960439540749820453517896727412714425
37090928287850782153035135284111353958341542138749865748754493352046079085910599
80068305678936128967031383797854761746065930975552960734579949780600088727251888
58461878662074166843133234661726214104378455302036366384257290033277625350842494
77524703311017899361671176982129286119176864147615834379766660654202650129844239
42687080082285761772490075491960560997513398196811182624449065682225442340604596
85957688572135455711435152131135251568386132355077227008410679194084618921637545
03040087098925721556504491339124994109416950239259940397708035570456977626660703
10533013653745417693836878077896918275908543546799390081558591208929889331565001
29024424277679598423253018676191676121871028042040885888926195278525903923517715
65585212442216583094943999282009265968330672104142520495852590294443039076044769
64597050800660006837569631708130078922155430432996346349823868880176946687140221
79624700718690697579025261655755327938345224425819174910891123919755826495886048
85675294574586014509608138714821011400626728694423713396104998085718425164581289
83341022135408618306499246738664666255651755531728884866729720260634158712680723
02044768971066882665799434747040223525906208013857877655200868712749638354653697
91772124089036247269840144086937813696246256850990662049876339764002566184878993
05835607351449733897716491326454953027188822179975452237393006389774785351454792
04379017425265935609750841752705151870888299480227655018371356030560785864082223
35917020735807985377049139231422960288059120985655449236946594472528751336637970
35877259443878099315742956842065369447948599407160434514137091048565018097572587
84702952154406236163918888691731210229171618769632604983112203516866380685165726
77433152860982477230968351725592620867959160116668231655442057762825384898239361
86034119255248182949014974291843824089725558358517124637437334664699576591948176
60286534121085871044246324612834672218171242110857219198925640155797034027791383
01342104856909797100422227970382958315801961503314955743399685992417161715467377
90325487306835564986788323513343876298578257463871577305070876712922189330700407
39267631832435442825690829890731914210258751750684544035178172064908699657719818
51652789037273999604669881715611507430011651092047812870798864069997448761314700
18282960858658252478440317028899865710442912563090182792364383798433898146825962
66875139295165555835772082169126995308505254976226978289102573963879690367316117
97825286358860860643435099135776159870837872765680205709383640130467558146979591
68483897366250184664709740823210490432563682306162525949730531400928477492935060
74205209337770490133118227095425994092735711835373267458025015212704489297262490
53043946382322740699211551884497182294231533023021728454795453887385618412518857
42561496996182927877688130985458457837598105525373208403496464346728929699699337
98997202519580784013483708402579945301116773345530175288105582492929362168614065
48971071878449339520335420530811886280712365971414825166570601098621564237932540
67854843697194537351338005563755839106918532219090107691141364370245386659970833
61334421436900326493368179441642347481578535535349928409210772567093950549167877
16514645564910986630820647359644970325635576514221862798348532256456393277885331
93349615597535343511498857033050297125541540311262659653264660715649555762727059
32264604997264877886877785801338933627555233143503942468466241135087662266434698
49600481018552801000438086786731843837851734433603518979439528747497018139672546
83456993074578287556785594886087969153262786301814663409822574129934432812370234
72562870624483964646690380051084119272457358360939929454879161293421756977255058
39725642077995309678296688089818824155797487221681900013490937194449588245651162
82390130864830695208179886820369378779985953086173894478775465958351270902772141
66012423985074967782115962617725397205984127580726906108052538513779583193529907
67411790109646383479872869568364877833718784643836315979681032829936156616307421
07580070954605837479103451496556476607513170356388920546970387019914525377919643
36698791622060373991032272300465205312746342565291137360215026742347923390179927
80641528186327605813351104524733558630654654779948387815327579009617103789230573
61409552212087537610604295886645180617618276359731657398309842929249575568300941
20960934822122229805962198169837580558630087945590620111984055485335145490099563
84874420013555391052666882884401967856607209332313279574687669269264300196799602
88512593410081568863859251488195999433891783434949692317862792164738770423094044
83915920339696486115662249325739329355708448361027050437646672414077124154842380
29569091173767703083177515920508985201388777228523083092502057976088282882897418
16356634580527087912611571487765506695533766256244485503843334451564735256994398
31395351686510452923221724960785614900853333159283948466623344182417354196754730
53623553909908515509382977171332829667660260401289143638529929305437781075345999
07900838865759177560304735716256438947407301694240192972982006960934770417168972
91141334636024958770003411117896984627877070170448297857881408488498657154930128
06573799443019010945034511737811017638537911004672437531987306298585618793266703
04929736470634623964858111142586296910678845765511178138530936019360602644805761
46951848142107858580883402054147858352958036615456961916190036490963128961277069
35837205222567255679020904985668822567521878692215030512385671452009801443957107
25951262672478523120772117242169917042982419826827394984664696314079197740668070
73596117541517669019563250858816624674420950867267893259846315005055617205467737
20158762681521098534887574190433496224007372833205547597350206957234595819248860
18880817358113011449166193518594920618227971499994246499654900628288473985165522
54527884917151245115773024826195411965424199811079479406283883040991338556852815
50402896938765045121023159685105900435150383910892707986779751091578008223321500
25082245977535411397050801181230728769463823956306159695922259718738730982350710
66580732781191311393884563595854538865943238694128647001763644249916640655112327
89804048749455801764994407384358823956855068672825355085406890557894121217072185
50388587245961391954308540299647624338398889444160867395415518281298996069527876
88386147419221503818892843769113889488126052465880428103181594386826683157000730
76219248484167156306188929803077590246365969527497266617148533629366953790405693
28023512122794080272745451007352948293550231935469662879791206150979044137168883
03008580566595158259250426425275032777216255341823964079488611621323119479491645
06413735749050299445038179148892106725227823456674261251444514541574486220088814
03349779362847934380728525349079670085829886369354039737081917052832399919386787
06194302975387987133368969752544766151232868756540778895176531061824384747096450
09142236595188081864999919366397625658329694112951326782213180709873328708671570
72163903592820561959214311659000813100434439599920354212177767205348156645987418
61761605274675343261498043417677220630057172138320891206642158307017494686668151
94111532326223014301721512666272872876456229601064245332349655796601427932946646
54644324392535630332130487791285812692881485125275587694843858312147535365630111
46782740328649158647637117543158613803883412991129023896840169410785046097687843
52561285603501130035842397346386094218938816068016437378152586810560722224732925
81687041609958993837952215837179847655156976529873912619581658883095694183165692
53655957457677240250496358496223034022501044540433125866749782586140012913516824
96376660360270143103041900341267617003120618944507463272085354936689790890322831
91549193616905753748669101842253191878623228266262529991747816513422480966234203
80315020488303017417281322929294597541634942152918586692680291655486549155161726
00894197681453875407908624930910689643734147961512676505794216473372558411966228
80391913186605931377261240468451803358563147302007142219630039486186490074305391
88153928069664536291226650663813354881111245917008187017110589513534569052206845
91330702225166221244655227516494126886436136258792090206166378157529579362530976
02162297211582019424960062651691271684776231612359794655818175241398643517174160
28336109292917589149399364253714834736302198504971460611617533987704803197235549
91311205081856061636705130364658374870312121253453079001259167581797282312286466
50933996243202879939503759771434335576893984059423110185817941401289574153043383
71519101790251288947429537880104044195368277272178719150754446832001298373630031
10564484883374592324686656677412186407057774776764746875093482355554351053958827
68236193156295243760708751061452417559049838231654077013885574596032866484584118
01435940365129223961854490970067655588050493565274293503442054308968289517662034
02814616755512387072772813942920567759932225335954870534672869522607844607753569
46430811443994282621066179024867582089305049611675947138344331721284543488082544
99784377128391174126805411827328509509012775612250165972150540564883090787854903
71705607566733968076783504658669115361459782736342482924933137420190838396803416
76041989495271423381865376019035556074396584470256034841606010212055103666925588
90496609698422999402490071813449883345913621861532789319588786056528412912044072
68429270539264917527881299672038457229044119651120031821004182974914166178694401
86467049411696063782237253497690527698701477730074225503789321665897690596116879
03602833269408951370375148459504613646804317149373231280607711929094901201889541
36303508001045100409114089408105279160656064826367082132983575666961311294606512
45304562987619498778471513858995315546275989270965355045407451670440789131052392
69156784845254881618532025185414035165380521433334421715996850214431098404113022
34791470235093996896117068591160694868276864302169543730188868758945092720492124
69841199605737489420173202264292902267461065219908119555023868116728954555389974
80735406101473542495294432123214758799724967351457342863458496280887201925766052
53538503449948731552398643546059738115897735424541033526468471707226105728859680
39884705894925818584581913127606572313943580577538903527300973960413615983999512
70653311167938177000165388546894037334013365837374336734575356258605636873595574
30681808567814522901279240095406638644924106991025887243817911056426909576958219
62038252554423369066130281923643575268845001428610853121547050018499722321308518
12693878832967314508077416683972007918804948912998458528387809387444603360337929
90735564493038770404395141863145972923578094310256575306879120022271254200173028
23260988366351879493045840099959539422533723061654202606914068712185864984051248
16069508576023786582554474527153127324651433270350767733804195351050726355629818
89599869638782363134545125250600668176685642558852637279400479136435266068415175
70255288099401786096341017362824157112308935491494414249784988011148057571302899
50676353011552249986867936868504824364373086301746667826220245892679161167159157
26349513364972713661623462026240223900828320585085140324639042507546566963433156
06885035840692393869488418510506866973567161312073082194955371155818248633855636
87294764057030996721592867406769237926053423632254384583979979471611263481431953
41240896166475718089926280302864205364696474384797656596184264142507931563305882
18666578064054053535700967361026404696371348676536391929502811168502651984768818
46350683037410341873588517116054041149388057617530953273504833683661799510280171
26064765450441042454945011920709072766680245380046320012002291673271438818090793
43378401970630612668979597021907731542332029246083452384014832169566521163891831
52100948864944713361662795491218086739123451406513069533226442026726492349251915
64347619066891013368490009254184159420654318374417021993762439123135349186870730
47840056999948020433919466784621456093183747094718226685060313904013428660094491
70868645627466816366176128881868926776146691025371283391704475075910095813449229
74584203708776435187878352244224859703674544326225438248938705628678754874614726
25575360054774802680949061216277806516518535428806223359377297851866694070129909
79941430265228444899754902801261970568231703679125849333296783243332940064171243
30133393182094560528522544490787025140564323686955639923872502901659135797471192
77493198738512888463890151235648615842886161588124630427933414866789722201076126
93777354820181356145299020891879367387350106956874846293690588145704587529731476
88925195052695674557915847573538362732799584444998288584525310987864898867757189
51285662115591953003792150567767734837528760800719613096872655812011745966394737
78187581127119235466783326931133750828674364890869939407851176691082583227819962
36916268007246437434157921362179732170439340669213254645935380727090850847206798
25656102898680238401688801670595074304297991256926363984599483781794838986389283
49277209241424659378801959109470286901174322086433977991490987446973150894362806
52732773507444532415764649333561828916982757510863984412537143358905851202783988
38070395263235726189767802392346647257004377241829688279362216458330132146634147
31476748061174932153462721691664201182509934649677887390640739135664283473843612
12896345542174677989402009715133822303251320490494673360963336268118281941976420
97486038047338435996812683076690701527401258918143064939919789715806619456340811
70676366777282545217462709091999600282740001942849759433621754310828801579494177
27584824262348002062271741733170821143240593164669086109942934218373174325960003
82803628938685901134307801984764115547030511623793886558128252446245990665251639
66596551391157974766951280352499567292951945539802856183223246880723879310314327
98452978044462725669159522305260979025631210402472468912324846079725419199279012
48719789522151253387248947179659066716497016316870370567877291546771472676495177
57584555780666437058628479204968333398658375831252397922325633750921887767598232
19854535597854032437425751086205662869224599505427153831835675328909543876748163
97626249493886348954115859446401107745194784888766460275147403620720269819754089
13578113227995105757662391670366987393310336097543255134513758106267306261942761
05136936018425200021531874807852979861775077618307546295648245904795354840316834
14230045635976129096732070727184813188807972366124643847950969122016130069027446
69358683386163477654472222299823079196593114056640554033959258321460498969371618
09382118206848248380163194962934212970474059531944838008043838644628636114359076
86931427303079152177663572114540992573155529348091589549199221408661696633193296
44347945605909780117822892751058895341487638134407755925549174457587442614766907
04597078150903926720620186306388167407483229243654275120304171443153308153803367
66121348483733709936754425439687611067291778947553295769227365918001333766212291
46512476658570883062910659202280722229182757321406925348412128486011301788215419
60322413241406658001189697904683905904255941466976230319716112902379558412172411
90742004481596963228706061657660566914840563308082774247622681712140508019378576
89680037465740116374362544982054152082548047372907134412958752950877532022045213
32648327977173465690459753000308721068995104590352358274758058674239884190637063
52665771434624797908835986411500199228893792692929163427418801941709423978567651
90833548178485102520805114236871637533179599135210792110104479980315474157200370
80628259983268749715678258578101275010414805297706728318561453389592163177905464
48955248401146179093145474116446755147896065391572446560317698441608432347156119
18209294440373533076391558052081969448669609612737211169457070613372530639268625
79105889120034170643303653440957387618726263351420376893561096414327219005611037
37895065957609168564518445171286143645620136967217452257797332154365346744606270
02820808033587916886634051491690520169255689807735245124394491713867797734254003
97644388887378100067047053801484517276954396127007226751793460334698158548718511
97671443753978255408744181404705674643562226913164236095569348223708486145114774
99802836875420693705344449268292896791565925820093295252511032176588313507174251
95470230740264481902221623922200738438335488976475481540874588379525135226065117
27013675174337619287248013742605784696178807054984930599589508004458223724439880
61780999357049200983393319701121922700751121096816955418130247092104032335640963
90466648781289311549254167320124426397586211528721905388244958688642642241468554
97059084548839997458475847858351077026803447536273337632201901563811424045887421
49058316307593412175994993856843038440660406487568229611429769100014352501682537
99828958838429761211672740347219072632792096080145745097023428175963652598519947
04362731339842046994336078054571428185854483151214097321256513428780092992504465
95069003698345956105561138142238344249259859899732946780580103604946857761218744
28349658429280232005262343354395020159115902525949207324735479277521005439132269
78629514692660075520280351631439487472609737497314263249522382890058518917875479
46142011438841923279844861029896215966401926277731421467946693842018401314083994
94385842252859371378400854831484641636283120814975546454034950656666873321633159
71550002305017569005696631374811377706873916978217550002428809941719391398571392
58354142868868012779251016467809622075000491478553930572070947856444379025458235
39559202220197272937471348254605284226047660017628966935813001440784533768660028
57929893500019642828086184080006210462811466551513333886886634599613352786326934
12377679141527828956094824384159276923873386192402617608257560966780803055548373
93927399013005781773694812333251805368140255813061792897686176024204046790359685
77604370260719627050714866846480047934489737860400900504421082913219448814685039
64774090479375507135911279252996809012342804433975975664043978198207070306197100
88384298934545317746002356587683140991785136845676936431776655483827329814902821
81299224522547022802053946648148651003804987522724767656337614593679124160980418
95017879843189055557520566456897635437366940608556816233992622685906002421468475
15201301436514468550738336905873166467253739090352004061713081625888473995503269
15096065417697824830319070286642945376990671644495036909770684428353631175236900
77172773454504244094064506160423104396632090393976030245978203945360856078406808
03711054554892598143645622766110170883098589245206788732243260603547278609089171
93384889265542158529706038832993882639399649816908013676223979885502398499406033
11852372297545686021776201783243924602441072736355553829553046439631689344426038
86410074297347197682503549902302528994337866663241017545567897031335841064003613
46376706379864639034402776631595053183886043775554848041580175275531310609357289
56320451492104064065798049337247694168571873059122899692422443169119250874838353
10715016594173205841879330048254650932308641689777182025818379398768773448232246
73092305623687959257584078884042392517404425427852793326747776118199021875441017
74765731034974181249008361633779759891761431343757724979038305998151736820939509
71994781700809654262013492815393079997297583958837037421977766198774808078510106
69397445589026919906136246242598626619984000698219282445735448430727263929293381
02020309725120341094134207203266614229475107589385704022051757350941555764875753
28921770006177313155611823162579812055811407109536776578860836041956323372728588
81512720984139347583914651089988627349929774316463750901865630465256213864680418
92444672402317921425718010822563795435379524765514609344385707597765222903746328
65263035549738489704536751750205819737018321957924175000746998438009719615826867
89027347532310864903984228217734948358704911194590851485584325514829890674651913
13588547332402737039277956379019356303156833457063502182082509928430892853759250
32724161049735684097475160309658509967906865208956954760758154497902378080935892
88529087207415363844159417293847417931832964414253572024762883709252463524489376
02648967727605536826223224844652678389942990239240449039735235897215934297289716
65995971621782044326109085904331321282062318523851010289502819678693390902915686
11709367212905967611739388207186793653697803651441236186215653432422373423165988
06887531083642284668112734470336973864036999722297448832606914933987894022240000
36145048748019377525861693083915647797675244211949495904404420411461719492987445
60466615775872901995957571621042144634935170774367758468819504473175319543281467
03681468470895178729081871340728296386291472609858382171661542648590552482910074
97421280601947572239548445093548556566462043737564084418608770551174064975605276
18729864191721032909847113600025139104460725860030313371146332578992016542159035
43178825800149512580974973657732505185011174686605789390484303963681917248032558
68082500879073741737507222913025899982766737237217923956816549586252265595165419
59656812266722444182933231917071434313581652658751349425863074130737672113384016
92969158082086081857884258824258888308038187546947724631322101912182793560385857
63837038583536073161757111204100278791787717426404156529763471144958816156069551
23580406432320228515672366961763841564153681484709267630334527811961589090135605
12799550604427677053996585810794524165763036003360014739801941280512102530567873
42054002803591692523223257504932149415631918841054363715352596162299825545265309
34691864954830931728737857118684581116102408901677182319296223978774639871085398
24326714189708582359963671408132583590403459344281895588616271284981324833496452
66971251673702802470417438911193131015936558402652187190639722720412888049359657
72393745268817831922631541631301594847551288376625613602078440353790470537922123
97540764402585066617573262958492126820549411658964817219352645264125785699642664
73009053495416601034510680124590307871119208923214703889046857450527055190509856
31323173345429717675615237091288040010034474591172493577779525906854537638867648
91200156439217011964581108044314443618745377200573752662471876890551796256908510
97105517249858633755815733352064840291055772716471733678491863823851366702840991
64890746469234263377197493803926166156315848360428668247898342211616303122622055
24767507950223388408368214357231506686440555325563648058792672509645427715470301
37225685094548777542034782403314294687868970641747124183788201050952742291883532
72521563379100696170929292895398102955089076973226192129303887417465731656888141
33542517672314562380221974208637373879506505956014175767052364027273158388753737
99820891236603127353726468973764799422421896459645290777257210895681281229769012
54524391331412099960052635159833377354949309583846722078843112988217210984985786
16270088196093231980635845492685477724055933857294865140837458598556734694532823
10104930336023696586652627851379769499846562552233641657364941712797628925872091
19420893850479260393868069667540412952352841940065643361676221462633074674794256
84044641597365954747791746789503590542488691453339006525183966864007175568536929
00696085047336038281503593377949144136534680712498786187572249950478629495603170
