608668111924283293118886853526586553057316211052322689598383731369229143740087
954605690950585818180025837323865021122274850521097655993136592990508106103605
434637758675996050945457428806055181268636606039385389722302562845160295113795
207828325197919268482149547905582682953028921987187723474891120518175666000402
184013766506129265394198320724469256075226689874967034632533500658413722855923
295820810862328466799407933609955568926805933718617364067621783127051294006453
669706247177544104458444525626350917494633792341208899705424617544307916293577
354078364046154824449906316939756276202904212749820653413756748647563164951336
229573957501150960956917134569693845248654484214918203963933376883278866013127
333224439427773504343323400281649823707724271409155385757312763689757692641751
458196399455653851564517514140376213274190180755104367929769203986023519959365
928744042110473021780846083031298484853175211836088274342217859967429095793926
010273795994153193159917612386548296463116278652274822494997768245571795554256
150928946576597696551757236737421457140620078890541408784544260082899513849588
144932011479703875743389846080079894083853695515631622706682538655004425212369
338839759483217737768600867027083248256761193110043885198379835419820659761639
714792002522164547584032656508906833957660644981261747449235462807397629748294
389921608238687778738526862881756493617067018404275186916283956847922331159595
695194465487439529244447804405865830788125095610110226309373006924196094483167
558220393574935743767376498685652516581924264056599068166032105777585856351350
799569318750227835269650951857572322839225021320760031054359676385013274009638
785289261892990612364608381629951484516545911985582412883998769156590813664008
814023343162101317498732398061872442022810753327818378620956235986099513892259
203275876750827257159037262354681439939689163132435524039188879648593076075848
885614701967169381540149511697372752517444516562689033182063760211942984033322
852526174527240680898751064963132075315370483240708356278166799033274686796492
287566694955842135473063665135197854545004082407349124761088595180916432465959
887759263335743977913115663148400547187099363646262106821430064928937324201181
286100002105374912616155031961412345063645941802595926742493442920909222736565
556230238234706230511104796734189761914326914887707938733203453229526519827417
925466086594667030140763659454046597584966223993113399718262625025946091007232
123806818134756723000348046776374726954413809296859468465632491039819491217940
871892994653991539926134269327359677632020123410110344780507679797247667411918
181815497319630038768293649893566179071245520103284467384981999997116994650340
126607373515642089693641448574935539672428849172483996958743220679749660727002
618944142647660188419901100434643740506767690243716952269588141443581312064509
622534565917991569636497811463032374322795211547871587941255518550587323393314
918949198366729812002297159855040764517901467926272144574587295391436663616910
969670328956167617448220672748738672427279517781233370516089885929694929244449
742283039927647682875973575810562804289331332505247093325982791228024862970706
294381649958799923735842177422239380822719127958012068250698072804526226926655
139110539340090929905579070560432152921842501512931874123656996375006443324772
428841243049893510324708789327283658126504566258695060304266599250754223024812
442169650945712987881272951763279240540288963591828640022776571030115042781356
293240015700207538981395325444515866179204612013530946393928270585979205963305
172803654924094677427755899864718071881293337269553960901050115487089817765820
512022821411563667487136012382608587645301063564709314804688581597689719702223
047255672003461673999505538471774317867416599648687864400548552791445741554098
576440407075510828815239221568573697715490086357080631225050919662898605474693
931848248119749875644105651063636998726471855244095539623728116411957802443269
046687846944565367467582779392467358987985283074719956494545269441530803585649
035002152979425264395959639891949216059973525821326308090971333798882135182256
020906264445303030814896893872473013339459072078096772479411649039902819311515
628497029100941364118912852913067569109714569152107789092414331771415294064543
293643159480299313467290184301390344454709741355211194299878527163014534223852
136818966445413435346274440792084517806009894004856839665852822773832241141158
523454632425591755697655241657648394067083861779409771033661017620957244851366
697436198174929304095124596333635116787588648444995857690317460733312380405026
216415220720209185762386130248200634695858829692415182257216645604795773727197
034836233570832908452137304300338945968773683386780976963706185458629263472491
705058416712283876553306989180426849323853606600684023663288096269181912903668
938658268778004032830190301904436440667615584348775863075102165728390784604393
216589041686197943838347609769129542128179389356385009726461604747616844791203
589236931388753287614359213805616876245245776980372410014315857979747063047413
361914024296285966594977667529431661489203332992713144440506861717009818236867
237090236950897186144914998991028617357833505967980565770723134452410156379005
188860349238831842070897161052218343221813545840807843150720950611655378336668
907154591791174896992962321986545919841148453627792638293879576762359442669069
425576495689934577726834380909163467969274084562251125324661947422469816337589
912302351299456949985585467164438940122457838046620014849895768928296068583810
862449915131786533461842546595855779978085624468600015715829893667902142157680
183594175607548826967101808612488413028785250305864418344066801835187932130638
591771247065557249339220056524474359296652694334156923220115649639063037052828
266971047312599183470481859226887702297996288158001295929117777352167442823841
993092071910461724774376275592370454224800671179729888277239226969446555153750
915351364995802574117805532174338064464234284208846441723814827554468345330085
181155847624461679212943011519608188039593038250367329432139476830929470925529
254103100866804655963684250937366621574709987559596204844204028107259959775032
867458755248104558477860402697144173502728136309719615694242178388489177541424
648012377311139104497478180917517717350270676770505726235157877435229368713495
307278162342588957581152862930302379543355844237983987636848635960281083279977
182017297207454837456735444046629803246575054878732368441082194049890944136933
312055392249387059869784320475965194858300187071121409278554210130709586609760
475258635421392340839477839442107671343519490687553690712839340959348674785837
089914394578775276221959814018145497650903526553358965623908546754298140807447
124396500550860759208206486581563381509445662705526809630029133453215368375040
853622463805850920218105680835015050350462084504981871540051014808666273244694
251604857188334494480457041254664799294731154738765105464291457438886340564382
458768672687174121207599307997664718921599869873086015389070019375420254421939
999279905759794891878147267043152961316959097525821051978551267522996983645425
294634620349650727067361575285326962677792830876378021149526647529174451366309
859783322270189277811327182728378074782689984203106372783131551727759639018152
898656756587906208924815638105665502862233026458546014393042464208297022586620
146263317077085346405259169086385056622755889182881249569958010723313244588241
037384967512227529534963593232353820937438209167999023793841543728755926020882
094770334745183311114473193120656603864036065939897904856763305922278828394405
208171281242948288336552446581774821123238185892665684075792071133697934505212
648076065263900856661120476258156553695611471174583906735218359700587066847742
669689400146433985886004078222228654633497772104925619824553470843726893952599
864605354604550624648667820024243649427480128906069218790693007840130972660574
762086252746370289433191418505442698949724720074619086520872081059597903632958
106183770969226211468762922596218892835162473753352545136868244570895740250550
853526026733395844123115717678917079605615447634406744446172196838637308545403
167549097899648694599992678520357325234849191133459748031997160896178555979012
625671465947559218897452220419473449230199587793194555555429903566713088943777
713686619188585980970478582359024081855649194813872367907130331794180776540116
118755688816607427763191187722600438033994973981713619514502939440012152756749
951223082384671878781234465956379634307196186520132465549083963213266877996291
794292368065670906181908866410819472280274312584726750950098207209545227790851
572904296003480790077941969860602893598122753469496825194492660091276454976521
103416939210544828739603413106240017138012247921770578214381629499507736024881
520933301434875178216752038428374228296103618401059452375982040345158275883106
888213051852565521801616616498572007052198568375250909031168508435098247703502
438010677593424535477917494140071308413747684577092849409963748701026231172240
371963772882647117531040770139034724231157754785286901497065784137084434430265
996610458420816524352799622950409099842268672367272256975295602304949565461758
131959302642899954446000349436152505581029319389803424201423309625789231655927
013419247123893026590493421713596629797036418630400603585649983448355652605110
089166692878737116011114876667601453364357692418467697518184966113493204631732
808565726707896936922354972015179131881296026666681832068410156717462252051231
359871320101084998996211988192119257079648348991220590585863304311143042963099
324494427518708624002930860588780310005159396896046247355228120959394774076266
372325260353019180196271213246607358128243765521851853950583166003227603914564
373351958467346011255404382487665114366137013647815498255894738349104958817704
248761818934648050518264383091671828872082042622770233356023223427035591413419
324264347557709313454940085110314520880176756645858606487750716722231357473394
270332707496354010089227692436876379929659219247170451013425286745479135846877
510706582254073796784756636984589480779158298398254690618571421247479067459884
086714149237664742787465111731572636470987446898054132407177564890158105495875
963685695963852979876422033342606803203491937840009825466908847672766871387158
164525161596548003578534665214698592372842113728432275635918140070604782074117
368530966604119951318837879744680091536112900598637347222649270483315454859827
447392500164971975592912578451517736229684545166525219788984386670229777377293
187895618805913016874630779109813953541825218228420675532394427159194863078497
703003811904886601618669635434762930346396905899265031860858983758086257586922
468984529015776779119838942550582907171802601671469858684355891815822728497894
293660674334849811253318614816871112703009123731746265614280034637596476398084
311417661551349309310816930169264797959301877084177391310893849127948511582298
584736378132221893792436311583887386025292968276213293246363914432191469001577
203635781603837841898786243936283109395199017224693361705140393035591588222555
111544075223346134825222776183638165011815501942247356712204027337340396081472
646739480157406406106281844362517227537683500971748308458045373718724709794018
782396762939679736626169376628188805507329001478462713848888150202990854989779
911289740673482971146211315127948101982223083783415747984659961492167252144239
762072888282225995183554274271472646942132316449160092270462365279175993088937
328493953680299419210534596095541915413004827916520341203821507326529664515131
676922128761456931167507148789753886657718174248145003455248035598053409465137
356368846067112151240547477117060047567389642878187729481258498193704352582950
717758914305191176277789287451694288397919367387944654862317158862566004606035
656667437696707745876186999790822816887128780840808003528070899004842726103178
514211798076450962632420721196867995817252872657091313818570424829520110957843
853952258615487062963903342788925472065503843889459002696076340980765179958799
864140593292634854311769430662895424534735801633777460453614466443803311895306
851035257980956969966977888247491572703557261886357079565465522499591723942686
859534240035292262285728601560600007992623003711578773818407825873202481237840
454869863035801635582414699983481899946914263235501140476049538946274903517910
407899305050242713781988763240849045336325276065261024947015370470572319767541
179385797576345171333978068535869426414140163785307512296531322466009901708185
461634054221468681139886431356370278983003922697733531205056849175466125618970
001117943956720733588590644346961978011277511334339120354164480743959541661289
654422309439645076631678958695468198393930037218264127641970196548095905645585
985303403690357216056231919993660917123070886818847926777405322242804806709587
021352009150343552200963546433899739280909764356108057918616941573698554610991
087047805102069557797218725789704696872640920583328977484674495085328713159385
498763564424466450084913302673200254023676177020996865253539873445547057104180
109496295555238821697452871215913030424275162741980166087118297088586021569225
067982508203840239752018838751077630662135109476272325069842161466776479021502
093436116232087903562338031179695505903392034267059619378085488389711108603483
526168940702776389300139890997545028569701065369546179559316046845424140447818
857563623811363117942335729353056803396099264993518226271622820465534066310041
975503631586236709856988271151513042564545052867170319856433631313076854415941
227963364076248994175109191881857664887603755572408442355664374662256878667470
468971747352796908142734004839461795994769652934515161791764695426483739142094
922518918126184114996972562520548373880670953221358302617724503714903419335223
389139280239669335589261290043091354004911725766533004845387760628375698008156
357781728225924657266939581869052641508745483541023230040095663160930250391829
905892450499875903233932066298529379954194570848819915267121122440320574212362
965131712697100516225702366969820061322322310212501684197976242470085637396954
937842208372554940519028972896701196948837406381535801068706992582507416363305
565323781005041555944318351280011533651823810207539229486581530193233937917503
247073353659241786160597312374287970726438892107551835056055185307356488101586
773431533353059502650607476368877980878659432524610229371720561220697303829301
274641268027265654519684405650482414201956060675521996050445049169268806251370
393281040212246499957642965758207267062168501874656993745311172013630242836454
052610452894296045891323489716108174460691773756124795995685121420469354989413
701730634590059579483936744503573111029918952745789306494249422690026373548589
988935592571072686146500363585492932796293802104496336049960008004054600493389
235526867176429211006607050661867523901141868503555402765142567677227089214888
895537104484012434060560476844454172144471092939453365412239191488625316467094
306521537817467054690660488704266784595216243798324014835987375724155805634481
896020393322048990380411205497246329299975535703323651972000566246162905447960
704837754040086227657751902436144052077743591948366771172584005110406025023635
255518277799986470269991586566048374472304296110564018628307883121866269686529
469126749767151061898082647254252890060244783238542727750482005523983769632783
745380410409498174344813065746641429988889222440507065339682551361738808076754
529352511559402201950654661613978620557435178677570086906013851788257451103662
792658445614711171967614756686006014708137568789247359501153737124377998734018
591088979554200177521635893278798842747129799827114326743227206212042998196319
258884678372143767870044968609045634164389330905241258447791215909409636975852
203115912081164554952936959557174993624435186081342898711658726065657355130258
761078480485346824076308537316486525226342977466575040251685973806422233610108
327376312839123911296211624876745750043681561410114840219767598673414835481121
159866460649305894703341032377185913072954756169477957051302649029939530767779
654302885617248444675901060835964664432896732809088247620832572873783665581189
091298647409158223975038017690010790576368558353012809782078073326501528248875
538780181875109807694963650005953409946676524463486326713878700944897277794019
853847679647596245780604581683416291942089216790945612183164441974668668389332
689513944746775369688300803697711608288301427500526115818935424999165044542914
328334442862270403985939524243806016746764574010158622168460886279433419920945
239046900599413909533405027495954510076934282921440746827338338240764297446425
786768886423804095030421619784176734931959500644424604647722834275845014642072
225788177979083497328299849236899806824308550967142538197871678058726768029003
383119949105884698680257972873775466412884957921961344262063392963957552624853
898376030044713299434005831873957541845950107794527712167297003974351818687998
263303879775007369456609203560175910992123600837279272110452315986621355920338
042712194531138766190595195218889761013010921033805735286910666797755601784733
226293241319433303653886944816609476159684106506047484138455026551250639994934
974968266166441066551802139031058950942596932934888181984665813528399014893630
327104886103027153448352583690071146754785633122509245092346847461306563238553
435988563869996601567186058612474588988257925983049463313311362425041150367526
605943976465359264532327633223319860751018547634193129972821972812936917765373
540523212220572346832475001299207035100665762384727402360384697885995722525908
452266062691863282211458075828199250172308507115002122057643943620707427834155
896022955746495351914508567512874929794056708656539849871744412488817334535608
559370237478935102349426821653449679328500582218159689050573591689721439132211
505274663264207286280411226782559084572351779478669479383479157704906403912293
550330704112102924516835910335986520232091882997202408484458254568473159485768
244652855633966093047981447838235749952390643296960640427594595079815050322109
469784243288068591108941898937896157550820516744316407054439807581169313640269
129171642991630385965316300822806706949491156026615212738584517369434059484144
775903620822556479341552719416868004921836995551781485477483975205304202788655
061495348481057278030041416983749059686164017934133669334073734527178444912947
843844310462935739939040902980148998649493484704163930702722474652200796312165
756044622687359632494487164209199768090613711885941521436660552698591646263533
244455996626272840802559242054257589343986404452836081389978002591330301930935
822517563467904835451068538604861286693116602588843283003985569850855644133262
542316362913236285471166779905984501926940735617488269912585186782940707967751
150931013151606826822434837858579588080699722769925602037462882249678118817608
764564913781718121890224717594255690193502795232086999862955596579902791443423
675876662298314474457760598273183265393271754842407551406155089120484275930345
732618374685191590684516417544141463803609413979685388345041685892464127168632
344682258918568629454602204920565917797131358285154200441964635331344205736343
107130843155119302950777358076785333838806043196777195504876131349890900191839
285347806420781619856089677472601439174996470335774115534142316125620869833514
415443255666118206765463782722520773025214000381086330594392760644961501035515
195682940796852615119190973114314917635464466963432290898209231476931916894038
051233876504421677622559098506844870085773819681939574597939166891187752003975
484894753853984731539026977101786567209028067996274932072141402973814580750409
956165906615444836653859373403172313481336554123086773063182166745969842431477
634140714093274019482690564864909354783091966881846894497861616837624118800499
595576365339220832942263909490543421202423024269128152029970981965109215448889
818066900033607371471091484162408323949021267341285654658027260921634828085880
748855012536477024921745418397124187124108421569669597589748265135350443798203
083965759997554814365041805360513120861800406348121131180290885645073485818852
991283396147525216402164179558486194788414415783743067748760119420846998469217
666130660970854460378980962705892479414613607001351406000098067552937395225099
086837806617648871141489685093851014973462906463980638735536838024822961970953
107678125915303701582241021323554465039653412311688557103292746579314045489850
780760512896217951120032656796562348385200700994523791869572917160992023842683
603310877353834324297886707684630403325940847966101796013645441455749556065367
619782569899289462263894274594610021451010623547744567867548842470976943316566
036594785131062843208112125111647545970759513170677192499928085724418678673056
455911049190697560267009707943927062464783913772586246445549797402750511581692
295416671886194831700328217545033892173871635914930862586695047048097266047816
143287250174729268836963059122765954692725163394231704179065872375528280600114
914144140325473525153569834996837500424912583198617305817914463408643646517014
384505600146198789577900341058993958911473311427734011816276991607356658068837
502801835671154187418527402547729677386094377127429155823968421254103189433944
699588705962289843198226883721319870786721562042419048560799358298042900208606
457935791525970125373231053163710610926563166168503587571334680640307679940444
060789784545099150587498693813358098925574155766622168159445990260477765693393
931216548249783317133410958497891874254877830512545721745065724343551881594387
753854615182429238590268973411229929684411961965320468358857634687757780554977
983897659194982931496779168443842634362136985362802597385703491909556038231399
171757910567010882026918478509552358527575926894117897413809526891406292117233
997044116162427192030976316146645584489560353375212279875372829341702420706905
059232617908642659322837905012854473317758315343848132091117419463412138432286
513401793430140727156818872732284255364226988614696519353160648231191689157480
230735467460101311459723706346551419057523081807153666054778103118230543782434
755626986526098929094483275413545332730921866673059920770211873754030210312471
250231435904167477397929347169697503355720613802110189216451282476075054123773
831714851634463699647740038350278884404155447604325320758536225050527508806761
345940926740697502047932552889701113035082680958516000417523028203574885929493
253893036111848604561009477357170470800040901672145007440527035872960845507272
144648558151349878080608213521297937327044332259010629049066537039666180672782
406562030489978637783122304282099018084037969543771874184021716194587044640102
262733599818158593365452326877598181927503979385709516221261073350423776989468
372171875788041055260048494601649203545440874627538520732293270370348086757836
354731318063340788128602694851019869015427702324096815909854656618366149329189
232805312897454049507998283066461027269467832369111443082564184517213405909467
946847373074046195707787671207246870191107888630055547642081880771811961841198
339685742526988316544528516443706474360152793492435649325764903595724384550659
996092411284327238971798826825420250457224063981923009556383103882365498074891
808266246695708504307674001778446545911933427991389597296710703161405895417906
583737939519497303263305349199089276731952401302438767455163591284266158875763
373008347740269358406294860128411305206532833977935893610781186355145975692621
671550684936292327964473984063457314475231823708556136851652853747956348776151
214230958523750381025030952742157322061462083953085032140689572374844879111418
175913457973488676586418509863128339777194791902745154120250992525875815799668
273496844816356224868028778736605417341699916376566538581095634919642246410021
617453036166646767784493191687688037604342455682325406325888890510255125872387
020094507459965682207682022372401240208209428136831620711042665728552343755203
994535506870498582151881444798946681763590435724767487387031313867273666423769
572620346130517620869612270834356271293322754244814441539762720328603234137383
411832281787718959075612047446860928844366507065326401405937431561702125012152
897829458463913919521671255415911203662617446988989738953558976129096935643101
760553413097616200778317663793839172991822217771699855527631876415362159050295
660065405609429126673910583258757789975918507663262661937192596555297915514056
319132096459039262421449491795986762741875170656564452685195881296548342882035
648409991274621458114987659408744652471538986596487203211007939581684178653887
617750304241325568183764362430899022510058918663252868040989769526515207654193
805642961777503783842477034169745357141688754466614766850847279648458465706227
774334151119299751212043310405492298062443061970780124885833964010844208954972
678536603328348370824846333642251242034255438554747923490542487369732412155062
977695049576940322598840527323833838700773547494206625292385568754759528367361
896950503254975105475685582904264280288223133583017113458619750197844202320417
857560471058859095762346770565043077877585358715489938500855188951167005590631
464963846456224224185199851310612230676179904894428488317825175065443465384251
332713002302404383062472621983061047601858907494381215097083764992948968483123
978975240059120343706965306631739923470616819681720263900462328085534076013964
292364420123047678226703833623258852546762685363678261507534053159337313071457
898910856926960637345974288402225005290155209988840428093453917218475809170375
130608136420984855729076695828421855736099971976403540497075703445820150158257
028881134452044496425524101031249676626355293181434949379326010482772434184706
399428953446222200412993451422074481419033378931555068522756309684544363912187
670081612847742123338998836148123820790426352672021614274850622618875836948419
117247948330004158287340051234018949209028767417865440211256360975020769150161
031730685245191308694915945691392796245928108995407625899546354852238544875799
414709306507726768451250588734995781768905528225674785956202175853620241580733
897536259435693193627514202350752121696191367212237935483432189757522193749511
566098362743671674688760399745687626778025082784567540835581457350675069310164
155301861754793662772940834922234871893773711933435647383144721809411353838943
428834690549484721567494897166357418853498986877125372894967217015374967204028
920038091977769053259435538039541030192310486758936937681983639059267156816018
726405672201424250916680655520569294405829809380194330572029684666000783764140
181555451438925045231496109100442498254576145514105068210088918833396704587811
847052148663943918028156428711765630865258717067101332225766604292634769246899
873003825020947509408732193929797277222165184482521437363062661500906273381471
560628172412951169410227490796850084604423363335120981329924781063830188851178
987520111870089499394340148384509314528032587331166957402516900180722639539584
778356843138684511354462605623290430800164514616372329597678259608739620388021
911696732268061066659942820250031122396075044597321369468855274375199846159302
264318400938016037620588591530231147507543217941495241386152185844100046721746
115786282155320754268546341641223324502248355197457494830997598207476203598458
553861178776117091611842846234733965619562624561265957583201139977697669929410
552398382522334054848782257697172610571825777899998427914386750694009828253560
700450889999265086650563240602915052527087831535674185366150249160148918863598
641716495484203286320898579528762221024459958538098289846571759564070795435884
464842786147216271816063827634546770146827533067757844957716681596836933120493
555645785156347445647222403411023455203189943146677812758700717760229128727812
153884127522795145673229093514770123493141779551529255184199489045458062174316
770001872914625555492636719407242868382751868497504021067531822862653277886758
587589757047309159134696241766295187506504909034934147878753083391320447372838
935587328545023092096517984444772427884316880733145759978893644180777361910085
676286644684416438176921333632559039347700334317377649647362575842415788444300
889485233208587871526500050691126334424439657315439126316591822350061381939077
791838825713002518266673724016276852190592182269900410288377422805113108056052
078907550382208141733415258597812578309938624405176604685506009627970458408524
914433496782639748863395427606256644086652031456110728562669475549760734155109
018382873267654318810455999039256211945285722953045128257626090844853207330695
487986853042894503115900609655192019442937099129267652651977565699367821565176
327731073958217689669658630030733138193569356262742174056971132096329824880338
482075266443578876440829041259871534663933312714557492180719422508250711103454
113839273446889930330260209356542595437891137025608121320817176226975909921549
286373510996971026838929130590866671079852674170699633224731776579391451674911
507086898977151541247764372088469142117156032678679940233613284385816900925956
540836728033788083226282383672243265239126834606480895610842067312646227930911
047885276570156697783068404501043891550072638396555048957337863001594535232806
742782621794145876980810954905584692695563687777938491604119576120571209769528
050747473987152244806218741352587051914357190035697197795186134880988579157805
497669972829949362856550182141256796691879327842898697684622775611319553259270
105727628576932101618240207318340848714593413824574814675844986115398865478026
573052647433215788443367515314116147090038675905606603317449184506126408365301
127697010801326956627169221791523627373515092628882496998772443154350299339932
305487039409021519989283745971657390840365529747454139483316354125955313903699
327655417686394191739090020078490755799608064040240393400227427229576938496287
941375072020260615285464160762321102731299468042845234326145442354980826236677
599043671010624440478921749266099575746732816121912517035877384263698892251137
590990640323042559621426395288847886272073948955784597303877278159279083019503
170457488052751227697077672823869828775825937610838545322184758148651835644783
649503364030188741468964075377843751228706255233819394714961873053299615055397
265476626040539980121295112636823006489279880905663785698552861168245756804575
540748564845952644012608180583127216136244365248134139163794144634730543828298
805025016320843043179771580000031916599487025801898709570317981015727124299900
903127147591663397039087130900010186740175386236999607292783050152028659217851
119940002202924826116539988995436569081341972909425856243756203895973059855077
686803625588713295629021809123615711745739465030992733939089154027056430027259
124742663501578662046901175399606269906910873036000992726558957515298129698414
631510780151126516158262638012046330758897950105597007380136612714822066681481
200948629085685340309039868950439524351553860343508410242603852342770736776818
255307504324948016173005780592122840402228140884311230979332474576121961936090
079208295450970236446427689669746975228593895922853876651108081759069742697952
003307911971690098257679932704885820161802206692332435594684336505386467358120
739976476215800855159587398020355754628711131642521099117403060325315182148886
291172758840023978951163415136112106165483391817639818075222987791827830523326
610124752434358539772955456149275999510009618441807305035616860225699526465970
327029136587005140271628593504058197496898406640182337888682327645408505077457
834745144933505025988027575445816623315328396381426319399594137328294358629930
054103650728011683767852227914918513853791943180631475301615532353678630907546
983539309426311532033712122821426536039340307806608698699124725595897422943062
923303476104606328842584959924540855333705753675672097955939164644428883631061
799952688028052073786551356890661309140667604502898274696593013959112229625236
267424899217682051159162592272609923363190673285646462988591597232879160105542
412876241093947269235916336623925095577318762005354573051229383960130476281764
192144605177896157420509687932433184709279461807436762756145910129371843454601
814504106207222599907287247448767459326118548149394922954203855890675451694410
246817189897142031287294121173133410592687699363167276774018600581131413817362
911298442120627982641069904888488513655991138443003150096600074997788642628078
379083290204596625706369507631399951107430448637806643282184302823362287641288
629359357830149411550279951906482457138006871585116268508146194149008954906372
355542243172808403400419130343162150133835831815377990630777933707834195839007
152363375974961473949116309436436425591373870808332995852610554224020193458895
839987876535602712847917018737489026266196023324061786563755928949980607649658
199000158590371172110026743376166840495420107735819117092822840294832834445379
905491579791867026918553423690746321851539896754909723582169507992605314492112
024649849600536930125687740645491776281297325278262094584479450871322393052928
491601587956584106679658706436811624733987637330356167526424726686319774762229
270706975477728367046885195187929425571030500102230198347832637286045624647118
073665160234667154368688040606601548490187399388331028172331758628719177572131
748900095655408202637279800257722693625197257649541986165882149409049141337464
714220749961792860059051138559868261790059381357330969281268002243029291200168
077828021778078959944888068609163923116361324751374279937188245395419076451351
425586294626515993972166209518940874093715920822569843128928971400185321069449
788197470943831569399645290830133744436786872466919763772149859259543307506266
525046525265621017822730197531004287306277729485858315051411078786108783742457
152918146691279138245357714414146619797241124508714102177138541679373327577219
616067048599045357831044004448713385258930428638833753312791397227068545977868
543874899754492135774101921727278195792329055922959196471251833874405116947106
585491905108986777511061672750571598494054119711669170933998913143164975293139
542919533994425509293577260797415213802299922101112189979205175577073074795395
048959127230344601147313421949906045194075139764494779213443821780788592893112
236023312057099323697677580334060319509918965377144452276225400433041387535406
835700711539969590302500829970429753124789392137970126575555695939051180379839
001625750683305637046070897595855472723197288278811173723966983384721159475042
