14010648048779968652325659677015927018922310996153
85765133466283328928501076078098375369964446990501
62839199270999706905904675771841935452847173949997
56621697658632152649410040266246660667825191759109
50094614284628941604902918261597422279563269557137
21560113749469275530469301085106951071362713832353
14777318539286629552126597189624170055984533256267
85665117193666813916012832427192942398195171253515
21725260069203221228679069875495918031409363734487
95331632975582941852531261401068488818672337218826
44393344287997861902383993099378958473281286277291
31740670739185692979521013528986587009428560747511
74806789364214389528014603856998178656052806463751
98664057396001732776406555927288262736477070258045
50390272532784123578856233066794557002641279279610
14168341732331832615965171662564146639253713512540
18533884484416354657468448595891011876223035730887
45840698734555251692996996563223690822002800820387
17749826807926714309060725374297846797922509266199
96546227812471523994177080657543800402458883543243
92934621571776011726239217376300794174342859867381
30185357592854669983856323519811244950225817949553
79061856818094941951489988613343781745104818930631
75127777133846193067237702429621967033947260299015
30788667301045378217088947938032708944116965032474
29507425376521602970254676156972837793949396314137
39973237960351978099560786242413017841187478462757
60401051482117858836463501529658630122253610630850
01690770891012671745704180755351489422012338263535
21002124604456405370154375048911264955084635972234
10493015701895769324329549916669752650329861400900
15859695060761010468021030620232582124922447684042
84488162326542550884167159815044342310696502059442
88099214194215404428467658372391272538412068494124
49097034807075968934925588817421985793377536887228
72788717379162512254249790682824366838850347911289
58035002151306402708730829918079891299996110334572
35922076989674025021320957439873359590449866320798
52880730959694780635106447326863491871412854137591
03363352956228804391960811421324683160983050399912
94785960483479823458161167285961505385095879581827
94302760117680970715798484392013362194215967697077
48174631994703358551662607031900041964259420999093
29309848229584943876429141291724732980822168123448
88729098495237469709118902008223285813708689260428
59582256253607665261750009936044945026868844556986
73500678136480237793288510045142430177627475627936
48936931142244419679990808872739753774868124729911
07871679115191664134554756825405658397932853902564
81126028405361325905469852852308081877430359713613
53571290946576008663936141700680790030429916276234
60132730988287429368580435831741314352349089110045
12487723431920695703688701997431785760158036195834
24575862020905663063349445955974717748198221754651
71389010670464519159119813284163208374857829447941
14331413117407949129525547845964601246241055559602
52225183784781291211764330925193959876192908257856
14231761993160064257579744355179418592092230528682
99460914514020943341902195919659654654879269566807
51251137278508082769940208715800082585927058897837
62516836625913652120899245954653031028253745579502
05696425724087136233819560782485248794288583705312
28929286635034123256629282800387931635534849755087
97177091436418241988812605162296734554621568711417
68642059495002615739112133791089772711336154187956
72580812207627233178839841343883622884550712075189
92042291842521236530443387070284743666391507567560
38607083426096832939977132628971140191001166842266
36504761861895572145398386651778601801226378355923
73418920270499530869402608683706829598003730048436
02045262849525014304552203891000441395310594762279
37399967539790889646394459952489928947734826043840
14289220439081552066675357372121979205185750023115
15053308959455911181666744554865163258646974531453
63207670238265842889645701973725149147911006610847
82640495137268650121626653337643411503314511730693
35760078016292218517086182437975183576513992843729
78775470882680348680344989500240908169348031452655
96681990692431895460803717614421810658608398914064
22548868847095114746726672039863927926545934328971
97197405150204673677506652266741413375872786382086
60927453763014335115802210066959507842498322189526
87674101926409952988765192438920591170866267825306
92027501704132533482925029094883526988209286706660
73823567621929294229548487965488132614232982427789
32766743416961844108193849806116990703060203003460
07555431358462898576422694141757291999669095002654
33071434623875137382281138359022995822273005761155
11736604325573882883142843291759318608044869209122
92654075291629431331582425949739174893295329804553
82966200486789864345029683107857321558545501337334
72296317991264305715949566100899004393025954013417
93773265192018626621753709308321152182958139173799
25676149547847637172065427157499530721948755436095
86987488814500706075746562491618421002238264072800
73173656444402166735279167323618139926043014531508
76469087179211162510085847220903568218966734752207
83082009110717046920501458297813147814723875983111
81853967653409637988831678348510981840520932290733
52445315600724078057712198839390003482184141233204
98537730970599925543550880262620738397707359370521
69980142447013667155318106975371659732759571451072
47593362871732565174841453682753739877822933497026
00847898961914436773087857109821652581614516275783
68048702532693519374396812438706894559186592808168
76943487944994690120119865778111959076463275947643
02968682695826362310085268020941893304631559037911
09994650124916792678005908517157955903418160625080
79559526719053668897252862045093802691317780433353
09168496818270777484172845792086752166736726901901
09255564764517313652843040968781574620330437838697
07992393635654795790461828819723529736062140375778
33737749194502118343606348487784061427324000720569
46132632894980132968153650293427431373481995600032
17534783483510801790711689245377801087902799692118
53208404922055630688575779812752363287850271553069
06216050594369262211955556683407347725668798509292
30120094823382894238993197046066279741777376347954
75987769457197817191708416846588804918055477745472
98306200865481950256339022618832549934531951002194
87234438297066990014928681502206116990386814940335
78429603648063089060686330612428966253699232280808
97514532526632356392894153405234910662262218534499
62011881784822542955071404868474775660938864218265
75646384906891171914948941842757198314603092057352
26389724006402471042726847691708675089170209356016
79932315251911251975293638015996728200840866373989
19223329135648120223182653429579087955656025826440
49692509728879843304636357168778280072594772202014
72266530199983729509369866279639177241789502081869
95990092535559059479004231732209568828289795449816
61816240433493843443821156383152626122028469197104
33576923203724171149180327793247486220860642443204
55117518155082609429240352961935231482188925315672
64666562662135416529523375613215332548213334249263
80924463929328178801919477027311989649771512248288
31337513910477966620386124893906673762023551312697
80607720167670252422511585724111078270303742553446
62300585046697345190402199108805439895840563168827
32024029102688119020168461034345808691887623042196
74668711975927177608776299897018060761078797078257
79772701209572599122584421964682076715016612274342
26523574825419639395374341601508591946855498067778
71624465995094230463697696436191149130937289699423
98900985581348673346991551081159606328556706307473
84620644648002019905922121418167269455226788453036
60324635749385759210824144645055850740525918333829
62354632468895844914291878156430776932334644830924
53839691033792332551923990254029561877512005950654
32505382417901299705111579730028250603712072774163
06647001040758941198812116188884615821343614879913
50922860925146022757195895923764651824968642642343
52759275435170491812064535026929157721234853868883
75831306023511730631245052624903355700178154756289
10269381174509416422094767325817767252246653017214
69201999398158212617033223442569998433247324140462
13050577435922372839477417097544581002517714486293
42108246227276275696859051556088874008569526862327
61416960754488492406628128964285349265309294390272
35654465167907164021726466549803937756982465293780
37207855688681988784236297751746216760235855951006
80580931233233092053349861743487635654012574745217
53691215168816701801554267765393218411551151489606
84131698566512190166652173909329269077234924880493
52497895904959642759322909255331593438584045641165
37552093710437725658979476233395288509747677231117
96116005261024211963136397832382975859448238018866
26337351474104638560843503625216537158442392216909
24232730198474516694841082915411113056041932940571
21643937454562320217534573754695341829950297140761
45546330474681053555092778511754771917568122330635
76406580601891100469280636583078243037572669908946
83811135398353732397243423629556314572702216747497
85974563927628856168376461782295404209602691073531
72784818406895771896463637131007390397300850729845
86379265065585754630232083342674355559651938066279
58662616560673810345910778902820318476652726894712
65919689107092848670123687734037328894187117862952
67100605093795042685646863817530159824846662162722
22046949117766374048391807131800342998476017010535
83710271911719782622254873797702314477498272199007
28945696253259393222260009747500438178469117595472
92932898611258206751136246587952640808464708454411
48476822212642969520739443877840964654041289506347
70657265182820324298771735167012578487209761252216
66935602618830296063211035559730972919536159302981
29673820258088734684524605422011172138257070535317
44520925204613815121010139465797338926780814251906
23147812441128604823685374912316373282433907681575
89158262139286886060019218960129094739258900626358
86652299869878690297231063719192573909260795827023
21710760470755997643054947812655536120135560417618
27803108371385238819591859738840130696768552806722
40720906461401728138571147962830465201666410154575
69671854737631756348349450028929203802456747068607
36217572461456091933899629406657756062627350820963
67969888800988380755874228595343767926377595040419
93579788421763984719386433344484269384494164266193
04376322919378559438332541072001911729733056922323
77648003638351287127718887509702867847622314492498
57090454741951860284281910573905921884722082693793
66579622621377289213445659214310592925180497003048
78819528869612357585932659981471862982823096999040
36497010976411361263201043974141295066658636493693
62609724405343919604350305572058587834918911443873
18649432975388510668867577862553404013979597280374
42025830871592983679859456953980007871584109996319
27800926100587577442552278163753662530393006121833
53473892713259960020804934219848583313661170455548
27314618469539992102732522822105679044242461443858
93848714385614547311839724024795186202519604960502
02717747004246669705565391967740154755279644045494
04058684172430707570815401750846730753311594521316
63520689683213793573754053015015482377397819945751
68562539822053285884396847336103831920856289095700
80207553387370457563377095080303819718041239514451
96791425697069966950523594432190285684081311798410
24132948820965240093860339785005065025969562035536
89198060259982305961911932961475978318699293038562
73682522286071567658391965129184344449640636852013
24632678527084685035232612077439653756842932482249
53539135433802983203180799169876797636511411886818
88643511187762181892583234416604659117678271486742
99565402577528075408078819127459691078988292108969
83970186979850072408704934730143728536466132455261
21830805802704691453019219066701449383786054607592
98193875998827616199132221154698227438428959834778
82777715756686823230676905074897483155716789283225
90909736659365615028815095509309875150008979974597
91682235702362946711752114996505182159180175274970
49542925662484320993926230728700229696290662985062
34682675873841039601874245606422913164247276163988
72500922881266502845933269311350844715606278828308
84035945911228272118489470926989938928601794872734
58717427034799013189444859864887496596115444651971
33491157038173017969782819218438285311447240453403
60285437663808941403925728217554801136619921334048
97508382279958611192874647516194942439203709610805
89806590214173318060473746688872219132228842129881
51281247574845213925829649832784790846870424561406
51811583017354850395334299668989778959591185900045
21172961187332978627212108396467034852983854234755
45859763208611863434441115798874981382318788732618
75245079371955380616392702796962636835458985853849
66140475081995059892785250783231017650603446133176
34540217211866084473497743685944965197893470856192
72846835017848336078665755391334337253156629877552
89245581265329464709422181837161465249228849468951
11915488917046600507926291983608413769948861492817
90787375123062385622954431679420723719200551456189
01060871798178405017968336814307174734768236259527
94539739165986825547603464486382590970734429489553
41540528038670729889578195959484791933835224240149
16660083669620495830819849041961511589955852233063
84225684534650500817526199704068211829827784015943
50243185116830240593097266284854391344446338142944
62812931426390599378292334324436169507986896644054
14396503463393639292071964127106638922653898661699
69799161090657537048061802471393433446377434294133
44267797850940449891144480370515747328753662664236
86679426348305108590842470831416103993680861572870
11214188867320721566937634664574472912842203382251
42073112637979605713627117274276412577399491530174
09148297241727802383448998055715445041997776326208
29381538539652499636127028660425939116816158064374
62170783757180329163693328838687340238229444000126
37979926417254402420336566890932568357186213560574
36722509638530324197447111768434170045059991749636
97009734209856936592879993626998481001643444349465
59470120280254613063344087999015116451196734689410
70264927709366411229052392957934221722986030760952
38397058573574375332873827590141787318248071148051
62788914943194342337238438182379410292072348377979
62190745305753877671581479653972102393768273108435
16546902851105184555707357830672307909129654262742
69210255405925933728952767559792240190420392927710
77684056509020801572445142889595388554410380013995
00886859105489122655848330247820740747782742196474
68210409449642442363017157617246423320400618425775
55011775414814854329136647932942898537008990921747
26508806271368857420920877184940780316987727125007
67719247247865375805065943278946186514383898623583
01021948586874999243727589921513674869363707762021
53525283383959153491905851507327412282846094166812
49106516676716560004937788027045521707515009183064
40117801996123605974421533861355690986598684030637
87024876191876002927003969370668503923457092572599
15733159236171087953158598811687143932845365594805
07070628336443974035429506846670285855571088157480
72202032909229009701300829312853484132160647442336
33312142242130608035634641285748023518591256687076
98568822378096283193066353820611017675795268228961
86558844412477103134560424094915941610540477714290
51657543314234566401802464932180059822161133974235
66664377838148599209053699552901311116151072649892
78614299399676555628870663878525453990906728590754
47997257601331010042422808723878735871205784613064
23508291077960769531947515708563998972388360354598
98645152513999559386228665749505913584749379121153
31053205893722686719793741330120002466558204931600
24042177260927861189643825651965808947991029053608
79059009570543700704666043010494450628065725110725
27325865731194462511820358910817628296252550655098
97288985214537337692097051652971279888931382126706
36283277201429942947801221271302786526667074736531
88001703327117880530591280340955425890309490822988
69091811436718357322637453161200850975583047828083
29918905715192623673523429918791137007624196083453
54559394041327807501612151331095063679827006047327
95648457910161768072955064883799997781017078334678
39755335586486556336666426052387241389786332479665
80441766556691796989426213158038563391575848395082
55487683869234324573687507945784488202693142839428
95117530813004812823308800008155577394005302364895
35914472429397044659535642504603534082682042259390
34615960130707375975984000337735234617385978746372
02723202291870153546775805594986322768595617591473
31296794626928218086014122941808247053354267156405
23507953760519432882688233110083588539386562001117
64894347480902230054184198473166173669662824480798
13403661337158937092802855882052336252493012476953
97515379960009317792129391685542640627631588234983
16132531737790848489876047973666931825120240435097
61054288590954021559880653559619284444750453974512
75706752871091679377738557586343292719794858670541
86146780023287243886422068379910387466061739550338
86263202526853327580091764455272351115283609483736
66764515325075912204489581619010554552592575383575
76385743402265768443165470205036627984151037042417
47831879812057044013155259501865979822530362524300
80222155270786423098560519083807769608182020189362
30744060607273746523924137230636499989912998786187
52425514081308701843332271415785775785228067607723
64735908447880437759539567614613023225668966039825
45328498783634164377967642104838367290061814801767
33693598505835196765796396424094414110312976921475
48179925359489608637027918296972990984764879819089
64001358098991276019098519725503468606666051836936
05856135485689057568852098211813920052774734693575
13433562986035391191582821859570414343793845557797
52010729696765913926762029905834947065351477648437
96284126149681007303311931978669545936084724756420
27069718930430902602489211417844249701765444490559
58363031060493105654545495215976844602493511384876
06785153633216677632330112296706080039527518007817
77869864386735151298369147263850628201966065810924
51809756185346277509796894845736279620665147362466
21997919840149430963367149973036017243001375118894
64517927666769909772025621405099390107002364093039
95624335687858927833138411347061633130615902487447
38954662508160417525080516730996340135511254397164
07837577847522977333029200847342089069028280751959
69446263365267836932713153678183480616342152568780
93711021563146804810816393171582349656137602625961
81908837492004954644806283396026767676601465831754
61325828271259948533759676168948773801906942960095
86514421609109786690521448256145042434018155399898
46205609171001983891505276368498126993456126703762
05563682572459897531335377290475642756418592281214
66907134578001578804638251724118455978381274416131
72839636398156099538827673331811177489011692133737
00424303012636373706523529242416112214276987225944
46608709751930298979048403558433983800102985699470
48855452709149769169672039855635173070725816584017
34816979610822120371738609735950344203873809073113
20836789962805795298367334835105817523347801401706
23592403129905685794618459223616480194371883869754
77179684194698647090369458949322200676404215929324
06849609686468294632387796226150489870140041611333
67641272950575554536708284954324170686620112165786
14943027430420312517021380929011607106511179918044
83034753024513669572710671192449709586162392249583
19148806516093282257129734378068024990956012945327
04035966358986524207760453417466751175080276895896
31683796169854291696734736369390692320508986740546
23798003286892664208598267836841684761518746591542
70181867325192634618904848026705987442488689048560
61166257486203762662471625208772053843948510278089
14382116555498362951180852892751612932770222987838
10102654834923936391996642321538326187211214885992
28871848962109873482511445612279960885005287898538
87509501867789273565691935094976425877897296429170
62102452622849544398230108155004304001396726412642
74510310323629551118808808128972860716660871077114
28792602189636841513393843007317162150476411205677
97046655319045710762810411013615873884966188361961
01279475524570458214702538361587198145581037749727
46834213230994063349080065430278298396028791484527
33717195920908149733253221886430184491247372513176
84448507397018467319338369061727333528690736798696
61354499402682792069220227037776116836513533144679
93268602029347766159395835972404019994283017366582
81894905015926343244735883063425940804429609171692
21291221118708624247601755672256093348586781608407
71673336098886786227312454654971039401250399087519
32782396361195900618413184349045782296102785567656
71891908570742580429486380918826955484904838856767
82192043225779129855106089541123471590229246463575
74671815112273568897112042747064913162908411038936
90218753221694615069732652438738707115390000303103
93132124534717892452063497824319922081919418253802
24796646756307460420350866163863089881792540973809
34231198570389745972024581980421574646732887124746
46816512632321036898900440587800510565324346637250
73884666069189629160076851739784513195070424822233
72937957528439450521812808894300694854677272379312
34985500382562995319149430979391437939551998258188
02841885001998603746557172279878129636031699111738
52843889488642268268765996340001408057580672737591
57855342116762857151173617868396360970297094184688
23918290451001951636555791260561392045299685252029
26378805346014727180337246642765838510380811455385
75297103237172405813629971351708206047902818283621
03058772645641767206687108759364005238957553878346
25334971137126093728006312843463418832370446320763
78106845767441904221378720178947205313344469471370
48181949350064051924342793776865791391882700709596
02649958663105158121251234863366834112604212002728
25581493693706685032349760459736499347812546326697
43561131004695867948972444283914304271191887411531
37708780146150664532781578835075930434629039069945
73489076363426211385847765714680023181579733624427
12837737644882158467329118124598649315102987756463
92443175644133178353559565613829857688588927682605
66850245911836340961059723525556302436016456273507
04885873619715419166207772824710996064017503090767
40926469278470563524595814161902116915861222000904
49315084438462944327402982308636418016401792410799
78179061305552600492273344325297036413531036416402
33319314916717540400266901791315116032880972791855
65269083406364631709090184979599876321949085346409
26946999627484552315544138411791071748138984549858
70138511291923219622932270140074458159620911191331
16513001181912998705863984567510136680012645340649
29981346343690636581193705044066230274781966038154
21675212324332060769792000898016135441764105879741
31653727522082562552063618049487093101017412251850
16564593864432601609543110136561805219930832253142
49794572386060378094603529483295703660527152497915
98571731765004395609189258246223518350586172852009
97758467948780222302990895278252590830876758785459
22047185483064137669944831296125010697948176496170
78380067373862920955640988775359353508791244628345
91823366484890802184875322650296278377455295287001
62304067065011004353966767912681740119709562736276
33780752841810724792181982306337067995986417541452
92598020513893290662993604084364071841342348528112
21231454212143130748718893806063599433830186828721
84775495636898684502633824070183322400618981382047
09175533512136497211776674447443325999582468895497
12218353247334035086589914305307822689543192719550
11811004066612648257818243245793757869449834065050
11650883693950953808147611224123953796275571072233
55110239803941019791058117528529862835137892829195
45273072594486057935005915539113568204828297743810
99347101272384614243002150752377763102880002763952
77538375356092188111843994624047505882135977372572
71117817596847983890460970657225379376415487594012
59878138805727259187394910478715588389780714785602
33747771997654803237173257775983992400709359517341
15249164808439057006105728754291128072917731061304
69963786212050277492469475414598935996354109253443
45441724137141121017721528087590434802164606251689
93322004767102493561952228609342916973691954751870
10432839943608490864302960684007505434666927254692
25671145857131382919970970737989759397829626261951
09245418903107366697837131546824594858756322989417
42886552883715411879038082950774936956525761415202
61735812575990842367407784059590103982168702189411
86346107958525520488262765572669996896078397590997
15320222752425915543562087855089665124513736674432
74621057578793607877576618583913450678451037752407
66121427302331924257297519826806589991827281013716
05639965687264350696242526179628766030384363800052
83904695278299702460347580344026508244106651084026
98706612836883027465737098913177252800730707242443
95843796571820173420019235800960770805267948099358
05530392963394793559793334541700033524559440195883
86490574094820933522090464899543498350849023351499
46068481665262528893164428064342168712608284048288
23321118535857525904224435181949561625150512647783
94419468460516263634593263761975640949506197953695
63406388451560783134942941243890774422713356957852
11577770805950862805763429155360938475063580398380
46297972692900742180396972909259285441995335359962
40359294852395332481190238547185463412939351218057
55228753627038064444871927170379311243642040023530
43061035013198104264991105355624279562787624383585
61472518388866543039702596776247131892044271486141
54245859912395804215653038629601179076048937948078
50111462497909146974931988456834958125883714760930
36467415025401448059930531296198316086750395988701
90831043376879102413891254848768014121198601399336
96115469652878940597674671023407086537395398033587
59845682814657914823085461918624100718399935712002
28664240952982237618308270728214931929509545929208
97634995347656971430323934317996166213815821770490
72493801770223550295846722866220087093435766674519
