88536541881189175834250333586390044892748956635774596862234984436162900643137074
17887294545804878463860150421888604164281248385766917057921831900162602706636266
84215942332461101367980077764467281369838001736007851714672482419924453943704414
21819810241142169431348252499472665369104129650425235711564182762013009153093839
39179216954068564959754914778242865659706741721363335686044035241266068097427239
82755480690266809220640168995060431395382494744580493808233074262378345114409556
39183394789634479912994905252549704194266006007343882711485435997872775412841653
57617420936051290750149987377329787380705176194401026996443217077313793957695885
04229711866009266047940645676610576757285007917499411024458276132386918728084139
02517400871036202660591303155025528904698288131906570318521718445526163053642579
80288636617845754349608950221514695583124273581321289250198000117602963535719548
25989520330497955192977138391365989248319596329789174301774973846252958983178219
01017361481294216935785109559579717719839889861306282108906808116393735870495807
63806561096708834328387315126912805773820845265639554632447788534293977247268862
53322003745826244209878684969709779569116833141856882835057876035268908809309665
89743297929158146235999183413231996524974675815932293088961408720988586596654931
96371700367085163578196156105380538023423510047374922468922623097937974444493570
15487083216702632396977659740348692313746730789438385603892084974631817706740526
56268201184284774436196591685420796717602993695441384510658326416842130624981181
51744968087468632976558891300681597194480684813080264790372107196567798276325321
88428809164536022273105252531141378618218351016561000087301796742881765363525839
63002175525745178115639725847509624638781609156559580852929630759869027153240122
11946123903071185086155517712871100527908796324994137933355199630320580208402947
12232825024727775479784934372500816264823331754046264525658047629443626323617820
36801206659240370100905969971213088617800384073312056161705279508265633830788182
43571904846361200211394593440278571338536532174551930822107437812579602213037812
70265257967511934706024658024671087748206372126957155103831636573467671844211572
40383266450539051006389015296959404649710571786948493608643303790744083374409192
10955276655084847852217049127085690937243323528872206747424402475687384328231925
88192406249848471785145038749142177342704884588328723806788121998308873281240070
16923744898716686907117552514287333534792494239797996149373704785846190351266852
48209982995808738142219198629815402860094716347816023536739581173035147529025987
00925914053251474537189060041790844276299757654656102873538878598557488472654578
46004944135708707048343158789212900435470471416454438415837382113990527729899886
29025399991224761320357023429360374796348044732023984402278701393066386817947199
25747061599364695257482847583074997106548119688101019438001643083884091353767516
99087433168904589330596615005417901070432610157232073611501431872498187840853008
86992488586783942249585750200882348377538210766893335820502470265050395728624672
31731441390390894058245746855729636231261602807139540793115510485891981951461092
04113019223182943203774788897578114547168856602394262191043703282879410440401869
49995924335761391030951762539824145977085971273720279046763806967154694666971735
95881491212659047544259107403001202792358933799063399877474922479452246272096572
90555540435178749340183504721443282179715373894422156342467632925058984472759407
23073524964584301230713025361623477226884306373801746226171205046747804134937761
83309166814297125640073322231734654777574441450250836875637809846489340355041613
11465408872613245052482304246039787156636513284786843963794129573141503143954727
01176803221906009495584275687401727123845573216872876399501090905066185030632690
57401945547185530110537834337631854849826922360515771482505154425155970834158310
14391907967178458515860868655985220908183314931481808055369554624254387380344256
36155242114609819493041633449221015819277834179837304868553563637752562668669020
25326282329222487242310257707454035862531019251251363641320639897879039867238783
14135581048303255685286085241506175147625673915134477489388917234098280373786733
79569678368082196053880824538684565520278717507575890926894198510494740882663572
55562927959226586053356794989778681415528243373274026639125718604690415689521088
90000536605805280065271387952311882243796147409182974110769125995613427605325658
64428869633454474587705239714977075466861881466281493983923815241700088608354984
88874075053729093619742654730299765083687651612827082390239852373211067926694205
23052224141175381970539771257220681280544517920501544813018389359535476599149983
58531768121960215234831541119627919540083317823144803088653680407315924524428376
87293107202963318996691567422420127334404517821565502950153621255989488512910067
18125763821610708103514973953609341065527545340480044921481281760680063119274270
65927305856402201483914005010433122153424513414990024029679181225702607619838914
45415131613413464774871479530832671773670353733926253759255051685632956805703887
66760669810214405280967189153557491717288475923122290398898912992948618561406545
97993835624270165421776341539326501720349687134586266824939827223204236782697303
68598653384548051907019757039617679644793912744181488427237641034389056218034957
29983949154415701701393244811794061556142825898804041308994509265741155964641574
27829503680476134704761776297818515994000699860487517728064754575899427018833762
87483588071918445670801792561900735404135382126291673415947286365498793303259352
62355558656057541279758903604552392461749717548351126833885090826141782928627586
34969162978823460465639500465833301388944360330773726842187107376130690328861111
55254862919278896633683383304820930509102190413963824690800569636161412904454927
56950491239362412788613850364111157799318553324039090543986463039815660422903839
49250960815409980519473133864579842947735903147600940199501898937829325681831170
31033663916461152083463335949182055502258920152111484916554998844281067053099864
05390650283255344876686439476919997827815453802520602019583657690554262430035270
38812417782613209859062629736605913190812683221491373290694322838824725720032107
76209943562149836465155384107406451719306106792224189188529573262966678299776686
11118527892732932697059439574604018644807464010417619470798913162143379088810095
79952969613375823180476142022865791218156376165907626326969516389267377453661916
37465143672859450446907011978975980279401785339193419636987886281035611483959604
23124107971434238084691026936673885268892388338080814876178372612235401831949397
44903430960160892174449572280545261847802144771361487359981083166415943983871060
49301649196087157711885650883427731362556280322347789701647404515890328222644930
41036322417785131784629948180667873806880215428541487204455313190016431411466916
39593254722940454389933361216407112817357452468761342446058926333689423896498012
10631500115057192689416836995609655164349017331043729460532179957719362712674500
42392578683863170302935269478454199459677059660109916579461293217687995345975753
67939222461337394633871318914617630638224972034305880486996062601288093577298888
80551274233396862961887429784000300940562517671798356410461300717701296682548108
40280658182261711993095025444864787832478440920947647857726058278372164873619978
59356262447135147295358355200251047644945939328072887640495191825920846595557840
74775930461487031777066154196403946316672469763298332942058620710803508744896109
98399098192851315285869249329881626512882986272331785991055067153485171334573480
91456610988822845622063717665821022425918898799853610219083917187811559861466449
90389647100922710391898035447860351902212616487260562208778796317870892046105081
56315733245263672702963001306037446115200972225172548651094695518677773030432599
83825969842956693052584905605403005441579726750976475561907126784006602953145041
42806242063202521704542127133395402130695399011513263436919531426153289871315329
60292751534339646129684876128267469101596425981193957131304677172954812469264289
25647869186575170922443077175167570263669706328825255287381208041574706670598057
96843524787399799740550765509134622150777587668653474220519991031914738867487736
36692964123065217409278317269612895120735350100929452526170552592458800921431588
37633349757946647963321850124915034190969385291253796233746843795539391387932510
38461227540013540827674567125377768086769664041314800367096585983882658579152989
23480055225144606874204290011723465713871899879402136474484202142219142049391277
34387759977151772123329732830265970348775910026039055400404238738431082987618385
70905639507442745851800714809590107552327317566644071380120440360152256478069622
03922821356619533327967073263332698160573837407150597003637976355567662152179046
23416804899012085095506238871067293862446907156014853493832955141798131694358726
79939871706451750661228345024199174685849429245771998295029797742960393574102997
87121014880323115160763990090534241538238564520306891242070705749240715767346130
09925930010933632546212389699168425925096056247397295362876306719260736372298235
04979485617095335583170136272220648849746153526699053033724489859605926018436459
86377117663235919749430633081395762639656684878378229133262203746413185374568943
32227266023297579282691519952106187554141700183129688548974971265481011206311399
25934695269828845102142990039131928986556258622618725486217623282483931114681663
14407679037980640637230067176646350964181597849273355477899084688006763120459312
88625211850944268714783223312229337118914749672272854990200894522116844535448767
91543103959204741133180352246069714126199104232298185017748441972325464356260934
29770175329332910210536937816148930763324709215488564317455978830506982411981159
61291573594004596946746014002407392516003860466151710246512485571385342836111283
08243341773713245461190015584379470571370775764237264798695714684578969332299613
86700663921088864359627312497794331302629575102256434948000092544398097073830217
85969988369273063249000234772020833614546998719473803659486452263180881956712665
32392414243799864892305119130999615692391226630014595034929609020900420222311679
45889977736219945858374034217538602032539619986952367953034725351889707595543977
34106275409799885215377121621913808924420095690887400210486268613253228262031882
07723069796766338675459537536323820553626149114821526259999357190048193085164369
61682917725424790380135826421023442922474767613509909144576849031427636683622132
83609370543164678067514149235413657993698297032421284911478750709245806057822090
25404615295553240101022248663542929747550075110618100797671729347773409257274121
71304909680077187296364875985005943972932428930000219879716455265690084627129065
40896528697690562870786460630372504531918548057008309654835765343277138787057220
97374521697041819921759391844868334035169677359564843496573759334098831023069949
07001825468218791971957759136469903342258618233634341847644604887961922960059168
62960908385636775504949751807575773140121369547683421881245153106738534123690219
95558576211769528100698915373346461163214561648793815596557752406928811732239215
18821186612251172613954686523966491992773320768154684184767658648357351273761942
66992294260237316215144557987485893356293892034119237723880040881932298985228180
38665337235059977360440901879564235884889692980976680011538038685973774304673489
24893594418646970958351182472521225839563879598055103865064130465389330004425735
65017551884291486832532020017410881903944237554256655105038841804032373889429328
25649058474634519522688714400277840193092461239994289006971958497546039796534491
01877800185637012515410903966674876697583187400108151804545976488783259778098340
24265397905950918976053303019261914969074417256952878638534499257324528168170135
88994700769432671972082134642646320385566738376061100213479682567955080631732910
91674987607057555405041247922580913405562946294863594593645762543737610906176062
41898093824864565862009953308909386973344325490628062377378994318345675873260084
25493190009814723169411489492222813591091681603813736382967260401285251606292194
46618682947480032066133489598991988326759454624678225303514748601252125320723740
18374794295499444266403163191365929711929663407883078874022618973880785001866541
78329002926306510678423902593309836666302137682071714178487743573114866644302048
70403144430435799036583207661564818855331456456296209822356571154359624231626792
61718167369071361107893866182488721023943647979043619665697735479632405760914952
78790929137073325178533479808086890474273643064871114553852036479609380905358783
04788035727677528532234394069107063328375048740645879961092196203663188525826479
61560042495259900130650342952753387453985409540045117501939668856439514666370984
75185444215826864446554198122031930397731117529641626075731631403972701879053355
03098030937901187566944687117192747311232101494816749046355530853531201377755638
23364170618903099332651955451799753374204206002884215890387677556308667397034205
32672106776053355075744666703803026454726556480817016985586458000932487252896810
21935613162474461640109206934138949818361308947753330857794010018665766726058357
51943734475166861291830500492581717007803546429204177909144585189772897983081920
27863581536613230725266645269257576417880446166499713932429069093330243046177533
90106179106182187052236080665467306218740710977765874106820132333600335623729948
02188595840220669104712473296019719723485467682988990909229386772306544007021527
35966476116852715428426381237586859121970674132589585843487210660971347734659112
28073205906029426597084303180917587304255058461208404749840352379347121447942598
54156507728640474464013674195777747188783923088612908895498770546922980088546744
11993262949123057050476387175279514325911300042697114748221284958208829345304081
12887632021346762811138896572190274007382172946437162647081600642701401692284489
13568512314347587027849349517145223376035164349941531474114184686882242388609480
06392469244303068762717546343024784725603616546205582777018892801655043611078612
39686506930921935943903464768921338309677388392390446607094711407359470490019836
65472953317034653835793873256039549739448982302234881803309140429686122826465753
82909180884393290734092531936978849520424732717764498373123191663599190870206451
91165468314119843859105389446319841018527647442861316924301695489811261018885384
74480400134068165979542877727844825737005648335860240368197637804736006094915290
04738591263079467766114257485272133592572998849694339528677833963730780533127790
24435229031059876603434068321058984730864168534456259593965288617776234826543086
31931567723955622298473050654605575254114066863527353698993292515701209718532554
40464031541519220047194899876183951606825700530225859184144776769137708267742981
84267379662315687663169951902419063741993755900756039345732712864919736646810535
96898975835401562726322980175288772850704344089306126143640439442357058322432676
96196212194110491197640267665828279305127653640107658082670449533964045110798064
70661177323526184599441517519195426546884064144000547256039913749005822111525324
96793887862010635962787348817267307009884746092517649403308798044785073532247352
51921324944944995957905999337559461552807285158339255253943908633553319390157422
39770652037084178431988412885021660810346345959698951360987829951702584494278393
46438056821048638698609839396317081890795980584745619888259880555290938104589632
20307821790805806907506430842495941340547174554799422181747537300744311680412199
08274115156025731468749037629809374346699606912001069888202020602616455244704880
34852441731933691997568834024845787442612679585109606268854799790375067273776527
92750583722399657634727921495642215154460734489559005691569367722667260368692674
15477453512172060178860323602492741601451940985457006890439654301466083651104412
32516616270299871199822803754646745045288229053710698228211553596200957029517867
39900751781672525081702565809267615726618175784958705351908510006905417585679956
10879578054414358299332214952370170794666212787266218526436484918275892068152802
94591545309860359661121653293343369731667901734568764095828482319485823019400757
37489419126063378754646273633010453328304869437191114062502675338873130364244433
06404476462517121314935372785171239897891321668639408154725593922440484504327911
39503811757084143060227578898394629230139565589424525369945749769406140533148128
80011442648331225052691494501919795477832126688831146798533284166684316957124169
29099372848699225724661341501854262965360759547221384653598376089730667830849552
99734582924305189010912195025296508684396848040303839385008234438481519234908101
36293359629842885305388875410737820109342705116105329874518972008592098482989007
05723660989709848326466596156927586305482188021353747898787802143165919281632630
01190058660426617650384533997098408042091228117706718418386951567671457212698167
31758471764824235637356619179895293753912614689328883882521464960137503634092109
03425189768824770179436374013804647347193236461957209458490012112891604953074437
55135789661794186401507660928121132831708175218811358134767535043764567383979845
50610525514714057849463903526682761084956837802214824726926863498540738878834852
95801420178955994185509423867052019777878517842220640300029613366862095219952545
21205756481033886963906060843440210407235640423447675168280875122470043809441905
72763356792891817883717998651615691403582536227155992438125946967898246078337353
55549809245547196029823987413355662779510087102851107442999244349418024705217155
46860809716598417769312772508432509492159177802434291291463590760433850790684609
18025708084367054188032869542923963919799833709564505195483619768756579013877447
32462690469712390681179745641187713374993451501792490835381070767234125661007873
93343098461592880358734358785466383039965674194269839092083639448422019900353289
56527590635982408863774645688856690908171675919200425219028743038660921700082702
23161401221513715207893374008847581018155772335483399844300041880554857042498732
23923823781448960301307908584667161354265700245688110838523583544049471365874104
28812644060626034784907646519837567660997508324283694884469175907443712722832354
92014957437386137270772954948455265546401819282994003052986518248354936408239363
60535254496838911545200867847241082772200703914972172655109308924055763556100555
78566636662521975130561577191910212607757592762210210897554476030242691624523959
64491567363843434060434565863484806912258703421725726576214719998312412878648723
27766517573130023328387837776384853238234065270278549654791945449311797809469195
13949155336608729672583050252406752233556204858180315145272794798664996121636501
60196154526227256839959416710313505043363132492349671349423677222916229528959737
75866256946300839418572712676126136317084040478642305440460881334514772167030240
76842208457930805210203893680718571455437727927142936336844571419145354102000553
72309265823938691228896289496145537221514267154150390897569827740678857322375921
32210967626933290345220902720426347346723827932426894899627360488783709053027283
50177725420035350414880099445894551550762518702817831711380875144971539734418568
26442853438711226000859834318880585438755652792816750579137903492019566214085918
00092930193765946337097939770731126300764624879765453131327043946408540012298032
55886704865535841364961883659835918793790765823391270505084190043809973944281937
78411392787388417406591940862897765335118445936425070157320126527091765291111576
51212092967180220491069397040215015005676263198518270032233727986158549121286841
63874964675073992226020913411769837699560503931203731993267406849474551275821893
25415928894081545136345913119137728265827859973184212436262690791656304357483765
63576998674724082916064612820744811620772776826849028605878481985723792920266822
42426121374991134261012671152270102997147558662155307720563967937359838523238779
32483185246364094902112673361583972056051798436406494071754806143099747394698448
27745587982549083599257676660921497324047460780885602503606922177357274494405986
06730608559089763530821711944306567855175657811184458506135032904764424831108513
74241725366214655008496978884821301612060869757681375773935753207215446991656178
64420302849162962306080659489313066972468730902907666381438267215947879522593850
27263530829028966426285932279318562660515776529189152576939370577411716300379681
18077766255818229870691547665090722160685199157869234859725069923935305957654060
05926582418679405797892145318372828156461501310439232297294331291862783902175661
78044010594905029495836342022883850423387378197830405722700500257734724306788326
51270289700160786091062820854311915978825893397734590739097282338648225610212851
25834384302841036140398902100168667666342442315610392562947277013809951156476580
16543482166619084889185145903653458438379684220837978819080635736938679563117046
88654144912771810607248722624937708553075602480148946493652140704000242495442081
13595145697710248546748344784478601953905085545996221710571038824151264613680000
00774683369309986464106427976648833059386780605195303459192992695496046665511098
59954870629207358050013967999653756221011777626114073490432426013491171572382322
98235266058501983157824828464988357547651750496757291554721647626434127367204021
83918013317605081809033880681544124510232785958026316096871354854633517681063684
20015970686786517735484375921437627926363538438068297929049454954130069607776310
21418646980074119146586234799790594878334125136191769584856125764619739764406694
10573785308502776803839702479008044285332505473824981230523881503447942007611950
69830202102877593538218827595860887692786488983987362457897766757999745877129126
39463963628749765014594238104640796420324733351322180450312616736227353559204693
88083310718265034927747696238699937939532098809306744774050477578154419792814953
47962825151878860206177771304516515138226448216507484065258791399526321428573545
69347042865199124196527196638286832022830627692212224696275552919584184633460088
08303506074459789099358367389094701345815822806553145882585232950769981934618549
28523081284816471561919472279818394616587603420354242288423852632119386907478165
90715360751527046472634346509194324373447601208003616836904249403868766756189905
14238332687606923632408478905647725054586087200939365566913098544812862365552099
27683026604740446980155293375629686436033312050966622415105195743108584063317169
41024734793364666032449068394774781570065909391771753887768569039488596535842120
58838665792213073143391848069935911106815925610278556352690440187283545124497852
71150044645296152222665019139567338262302036436140876897532246165358101185087681
28657229804173879271632750314728832561721656000891465993920205736462143641050523
32817192758180204232649499584772293675392563501708245783183994640751787182143579
50927522617919704745877733975859148058076230128237719216151617538897235494459886
21337570541127667680714845048719837120969451381317230072847562970945689707002560
52956379418777450531656849321079830353427471265623477186746290881306671977736367
05187961017818514009948873110625931902219576725900528661756960105081820452391037
81202476151774944764261226065128697104817611136176627625142012910414273083888273
47692347695217746557550543266861475678324545468877926142357063327323584605912487
23197744772764564873214095512542387987437515292936493577327175490219849754447588
87298301374179393625791255898839719869290619677435243752849651611923862902633222
76066157867395580160961379268331698339328086725995282707293989482291464651273212
17409751100887989864109220291437797524817274809176323479752268536444443738298951
34207840610326859320257525192519452736306671862222280795362320880971612323279155
52095036253372254771257896532054433172417024428216801499670558707309985365822722
32962244520826194434669622811095334993255916774787165495336480118432288275590356
15208640202285384139021616180216995896463310083285314219600897921450081648360085
27291370747417545737552559904330417809039215420973620128306938505566360383444884
92509114518441257128551655053144842122365534781690322023856484381245086433190385
71086123492820480064277533882161211707641169485591510128354185168361222403336877
46628029290044939169153794898035022641976758478506965281409988455877743596067766
21761773951386473739131351188377216248472727976273674569743042273570534987642555
84552000069936448124078379911782582498632150591221962195903013542491814684497346
08389271210118666582849315008140488120741250119553051353521108054979926244236429
82218141827396446337769230110355982714240898610884252843473930810168026951078301
76191124115959758197955633871252070787683663131911491260275093333499241055030076
17569084244995530563104367003687621075693541809748801884710001603260321501488565
32976181450643326564803964241784027228244240036541449553291812897610411886521788
15326854439274634159927352720120437158632622537132667930511647326328244882234812
86471806981591947433224858982024894066753027085219156093744594800313882581523409
90833171394330371362004001642296075299305419702062194180940963338812652560202739
37275562573913843754567528824326967918980348297030984912404776862540646606135948
60906460076878756009482701775106166625975290242738172934951389792800046570784652
59413572604584025503541358322123610805900732026198719379451173261983029254335675
72959309579105216450088940206887299544195352790022359465878189752478172654864476
21592950947484659527344669062814723562322525981403769430767694586669030631245760
51876535486657664821550032385094249632299790689127231460458721128328683284217646
21953404365548205532771187743903242624238313783402404047713793709023552611206487
35602675891045793714321894985009689797875156526784512584537911555514623832696908
55011296177663119494040370570214572448390830849839034222796374148758285232455183
87686707581782160014710795352931946510235418603043051988398026218809574964724397
21925895812651756745136627294969608195833489908485220449425978767708933217645419
16883582265406985126494316189007794570039079973038993230986745846299709203290072
48744222900494748507694655838062927605063846284777491113572665694760112171371223
86400875621101554000407160049292123685445522561812176904093369058526351917904679
59241404001225530265138678157276513503188684522463470944559949377313954010131285
55933971462727560016562295364215313298778067591112066372331103659983587054516192
20957318198648175767464491134394316274371385182195772423320259161970555831176874
04663035921952235039399981222248920418735602961532287463368404310360124308670580
57087246667669069601000752808558737731649274452110369342234186154576317299341978
30964792737920787840858757402220035824046496501515868528986537628599048516762468
06574093547750198485919697394006774280401914961807078196582984941007269895389436
96470001317673703069293529582071188869924995290664431469771076427797779749942100
11095799600013368933354163717120037511100798670320033104107939235103294525773672
66687056278432805960655261782131058468023940267680304958677614794275115246479660
85219441266156354787990378118002887489969792153026542225185011521164101291093679
42995034503791997551788218053906497520831316502655735168119645021519730037027672
17332438586138091178856234878838193843262093790262893315006244811074362099374172
92269143939028461971172276198371377778517324307611783086361759708174960766905315
93236188637971695936642323403253233705210316332066534911537076063284562510166594
30963998794329270522578720606407672280625974834361464358441212353742179863933031
29211024762834483733073261808333869411253332311919418628075215045865497974749826
12543282490755184475057832839972864589252642746349158742674884328452417588703835
72105604893454863552474487632447006265228286761517123778395735709821717924326833
57433602255421574636548799020199659441396254066478149224807445406293509027431061
13970324459124232688592565715959219968036196743627213061601315720017798966261803
07523134343381616801230562237043354447519722654550320143881421119805431623794412
92221449013402454494272282047776392317510078568852757653191399366395016684895173
83357298707631259350383073039378575793999396238593792947381560019664525082586052
47649422408130096002801157083353384023254827168447493459607421550286435713210182
49008955626397705897700461881537710720281653176439700219879471694190987602150191
78560535880478870474251603306592905323047172776758669130599029719750763036070748
51151533384269541697647743513891873415127178351178849188659736242817865408307341
10225944992289603284362313959858148527138338555650046759662059697776550232066292
42534050094721150750695722817798217636289357528685575530006341421513096229297581
86644604553317542192793708000174022886838195253585712557525153419245920431707073
21296834290452303508096024585903528811678735325404477627922649885657713471931446
78039794845876635333225447108684875390644177416984285769314910873955304484402440
70051520026495806949027959195039316424956062482925512619734274793913389436742917
64457157873467673897242683239703298852088881888475840278542276517783110158484755
49954771482110080572519264829343812107095259852952159781693103424103255541985007
39372742488560120107409464018122000493582960891799949869716450517168167528077036
92766755959094481065442074925208406303851720079682003824258047238975053106476512
26286242106823241699368549508626270099916758698399564333622227743219926489176467
49279969935291511654479764445830405369254734916274747726282970824341042272447079
33981421994742178628095658627668875374762969702183566065017391887649526693782364
92933846019813122338994411793515134419897951625094659569833104053410412481423756
85543139032627994721236660904553421045216749992259594037871158564461696024697174
46582573327161909610286994704418442547924649987931740085345787322977689233324884
22672177436279032506921975268569718575025994991850862590957711468394966586740862
05686007771947538530315444406957420886564131719334857351816434262846586192156769
61964871761380653623341047872203917268164476802380562302729871285977400360360700
08021364380082719912079490139837231914446955914592443658934270663811217274646741
69218309921841352931976701004383879492502655356456484363241503856248950944381752
34023754537701759311231685966423268679697319437797129567875883419863905360891757
13488800162715535193290364797148821710689292730566763427534500300095277807183907
97135823899575516784658465581103045401870321115490047889645774115882014866872590
85899111552294525680389797290284610108917678193042113061518692937805090270073061
95259789553234726283318159980945945828449899032468510009187209053558321225389439
98094913972650835148021630279273055714006615918530191989758411646936800504974404
20728261242771854714814422801274746612026300462983113133704419811035223706139923
65957281425166643246451265887784504249272937231670771418489763910904431409264370
91564424339533127199916876858120529968031141633901671239937913426886045114727585
70927094240287113086962245203442009601759047307509469189422629455730867060262387
11245941079349818147554640028117881994231961223871284312738237192499068583534636
87429835597206058698369675315073905951537269947487581695368427170785396718563036
58440319655457720987241396222504262654097458613188882494298950384943889188919976
43294250535297821233595164554348180423681824756320422286060805935898242023058456
18405935649063696794563144711122796567200144759232689195527225895375771705237915
01137499185376749911431432242444511291612377444150485222401254996370667933100066
41539097461814280235635338172704236919775898590278657138102404016927869810539416
59644104310400213785717593643991682916588186134930409659125605758774393638259138
79597211211543148242207889278792228771475257393541550446590241940133949066806455
65860143806846399882963013826605159515099021070197122920805692272395314180056194
83026831604961717091001823785195760059261191241949490813678551747968812218637790
85525341505212447910276312894218786124469651783144062759227213422330515020220234
15051419880656808961140565902685128532743751059287789485768624133079414006092587
20861354715604388566706678164955149842068199426107646229069627356418746937543558
36525213162111172016287290361691614683457596361748029048162452682885860767859303
63170762242997406541424917091720936637216918226382835018266575567623666279980062
89405241598777854381868546748748646346903033182986867244063113357731817305958035
54028867954052025122838729766646829672886223804320310776954087148206659404066438
72812401545389047906130053862642567917441222127793576571999362256667165714274578
81949040834159213474715852649323408411261416417751957843962924569355510810305680
28445694816239643540475183120108623220386741083008504293295653761264966807668744
58056237062089190934272922054416703665472051844150044048023459362587014418936991
11072155789661936092264443095997910665710761232611451451746261856085061456821540
78293677584042807047850541213349160417562599190755734843355573817725182128557703
72026434773240229178803685950809124376609411466259247479034350525047013167432819
85720573683669724883618671915247974094870912991418112523565971659204692942624314
63008469627882553701641764632081327730617402860793933846361384637219451885418377
95863537261291952419391018835677942565872681913018640398222266716430872967299927
14021683634478760624194512832003610781019486869522917748477114776779961943272662
91089384916145808112175989459991467415337686484539181011978175227578160825942830
18009438956195822920398031316686915922503489103491843948952611280135541862865676
51348053337837602222775216320587984014585472069787144028252387710010500888081507
68166421030208341045284188011973095863926967198595915158811169715812326743665415
29515262098693515736125855839537268281622435668307111464912049633449502601878825
83966094003808829640523361609852475929004007233631593354670476506584683488100721
65537385841929378827320733577363625346053095582379732653473375001461352467394781
47895867625348662993731472117928516924895156672805317591253924401235190358549120
49513179392404660244248477916528733386831553580069722364878786652398102471793128
39961415684964416481296505697003956462268416011502875965290483805039153958595465
31834249112669862730688846795859032047636037627475021441605376416443638435029217
43690920628309694599656359989564120757061490243142853884171046478117194687468421
69488565392671510082881301028206034239336866841310936964053343489072207735476751
04432794154188006359310235046263057825810937040076371176282310654576774040245933
13528968737995127089894176877848628156499378429919601334041276704739095907494261
10461346581399899327234913915467046050648321248248270831796180431538780946282389
19837575429343655940759481575048476627393216196505814149081047146507421314533888
15247490677257006233301455783041876795510610341596861011606247033125580120895631
