0721848948779500562308112713071348462041643761306657255557666875592609687703724
7004700102976763102681162143036119844616659621018907879057507661504551867307440
7266987391380046575901225847157828186171600335782163672982293790388649335240101
0924288501320786695494347560507095813914381016181687833656945222297335086542865
1396951982719252207140978224565038179491539317754097876094289991803462789708379
0979704840309118448759624374457025105038547179136562943774630009648558152940495
8350691684565853137519429671858922474383832779199515411849990000435010700230548
4292889187421730200411448666346346610663212322657509797961024762986852987590435
0890724842009945469308624470973997678322880210852785485468207397445271667054125
0467681747078535836369564495697583153791320704711257601508445796746215152270547
6147342571088259233118401612099341461818265013072546877851206593656661466449931
3684469614264138173316503986916612071444309698319176239664798884468732352219165
8749429429029283264206228928329436000259913788250161542820475210148768609771063
4349126496933476695636888845729861839571655463956075870398153858107295668323364
3452322333953314803741379707007653304407006665489590092719376721255653488378513
9657461688498399075525163056427487372847852073388457744803987210292144500744877
3631924767428460775269097327942518100672726384857402889872552760505140633464838
5609082353770323775168764504070672428835531590735628479410227963434301989060316
9264401124906250553684442767174911759056635348868094664962358126904409873599522
0266601913447373189610696032631170252365612720603641310598586115356085281332397
6703645067348025
#---------------------------------------------------------------------------
Euler(922)
-168374004546382484883466575970322081339260513964593440066977960637953632006432
2218324907298853884045621902675870926066456166726330560638649752996315435051735
4343420591228955851314921587100262512826006896902674416903453812870915565164444
6553854648141504359455711635042133429531291576746143352472421449399386018818411
5943063951654664183781993126092153781200029117869308657646453238639318885760522
2053243823288624606905732574580256980279933017315851221778589265834992836979679
1561226668620324049403032282406458368148361141055355523831799914223007883169504
8776711046496117742872997844905142910685504552827137406690630787304390441377081
7817906801393732828225013634581727799273992482182394727902931369676105073545670
1564352816585517226031791107541641167802356493760263854363749054153420913493119
5543622958885665236184109025677832183071962648136949543994433220612873616763647
9077728489429983246667416021571645584947159583381823865129605401503329821793350
8714237473263947427391763329639910121699076267139930290778283937541765141278178
4408901603246447999205545744589554570002312619023200155114659226530519393369406
9941447955634281927046349279965664038022222921812603168217343034197550363734097
1562865980027298721537051814947006220221513633642225465458249796772240719764800
6957033036657697273483315086769472604789279873061022079696051537221249784544819
3863802082437904088302217298692833534876074459346466598193734628817803991551783
6526795088366658821056689310682827711752217290086799194596558930695124741733031
2197826995671754533172740116069689503082557292282047905758589674100038831784123
1628392509923356991650225843957928529121697142012253068053313091990485700004777
1932988302504786508038443089480843596266579454983059608070336706481621564466577
0752625831171823021806949729161377554436789134946930721005304734749622086576024
6966711463491016725838224849879172429785191000677128120169465626082520220283620
7578471957701497918055043514947769436925028284685063509284136741958649770136599
0483428627426694600641572768905151966564596504973044222423035411336430479736042
6431938744643435580315840662642562915060733833741413769768220399142760491336109
33029145997360052891401
#---------------------------------------------------------------------------
Euler(924)
5819812048780465363312624505043308559196809230137239630598370025386323617951339
8084891668582309977697651993297816726444535877438116099116924850749155504868499
8178858145434465729223286587117060243442660818929707199561157219026611113620370
6423569847383535002568950560238892057026917096387258424415754253872728554477911
7062967471075183523645139972431204820365686626360475266652259446315059345354400
7977450943394604608817355694018045199363821533473750900710103367033665558060158
4550937417013647570902798022593329229219120759103479126436807297536508246886782
9771371347889725434385928185329676061678840351978723360636883951169182520008716
6795989515115403872030277814063523815393443252790023007945991836838103592534667
5476527115275076974672987138896732112625649782281644092308798907858029617287329
3692328139240284841292272749841507315334793149889959682682017827193919893985870
7439360315789238284891608665863886339457515503726564347458901542235311773705750
7276568559996221263535650604302062958069980026548677278374601906206456789350806
2350638080102144000648376110423747705987836426761708153203710419424957471498751
5507780717180284332247886347821545927894747878573949078891756919492188286897557
5071633026879160639002108069543434674935782174182038341918299962560559077010898
0794610816053027198583011299356094790875154670151325135975015683776541474183658
6377567625178873124272673421181358747888255657823426987195346171741454747154633
1400993367188200229254151927836919602860193201183534191574660592222883885258329
2304291051179695389126035641802950133612584759913680078308798493488307589449642
6540918994858272569908726542398384632011802661103538726501529294764189447035042
7845184304171178466193133078388132888935492753808748443495921269396297138827839
5216121543193890473945095725335233836891593305423587554864168777329160555417860
9414340705049253620042213354293393224398136752389033749608812595549052340549782
0651932818972315217638750407616532058481157098440417690718263256286891483884211
7557403843144920982041984465370717887103272770572849752531233680108523185539916
5602866135735578993436923637727046806229822025948998524937012705161442466074605
020303352102578817952497405
#---------------------------------------------------------------------------
Euler(926)
-202032819464686634208649974537018691437854606665034482940273015497772856472448
7243975532704251704940198594386743686198947778887075790956246989028719847019018
0679967832548200857439809774326366606968297916722385279032791839440340681885341
4038717770318513629581221838365762679607265838612456752985713602141597641342719
1726511995633630523195193160292753797460947714234599666834509074295699440469700
2957782667691834708779709001556563909900880597616933405251033101253044709444584
8867365017118436174886539335841804670697133939123926770799662436953969211131795
3764053301830959691890433347619463348787279326357024603285484379200676243363799
3575894172953195262208248741818717072587820306508123734178470478001746749061332
0334056104325299579903607900256822944193575722397367106777561139221825342721443
8251216684777476108510802464396686780157345841981402518531824537412785831019670
1969225526082024739103046776207884402433822943480020710649927247643024090943886
0689960434230153727855739131098649019204567242204440042215642998821197991129044
6527764731645977301717835463004093340301840547175748075349683138893345916296926
2538558531465233561844607099191017451005607834673359866649105851393834156650348
2797051630598885559843078254876524497501049848209451225238552470531773596785632
8654500992659752130036477185858289276502873767841418473647484444505226666466113
4221481754597728906847397609775717837367693718594911395942110252984809626791005
5956384578736706191398595461193775233780169585537129403155985643927313648785065
1609349261248883001370262785571280799236672578746425447743153818421722351460571
3782464032754952253874014929551770817961932810810113471155909034839937904067055
5336735355051775369740061318685564862194663073708766301114431068940517173730589
0799134187076220265411700401697567605283780976868579662501125594010568066916225
5884499152710261819488914410645258553283995940240967955761611746139112416579190
5654298232280253970236093492406557855992997955015155619632048217947072682824661
1036801198234720790781741949587514633445998391885978922869785531469033533539712
7163500769938603053749677813362193727427075293836586630117580231563184692360720
2373317289990031914310392175545861
#---------------------------------------------------------------------------
Euler(928)
7043846463480553610069636344218890106864913221805764541558089641380251017018043
2727065754782744775231572903247904559868516810043466026559067007260307760332201
4258848370690096405519555362956364466722136255341725819661731452773777232584275
5969174399389581662847437633242305343154654287650634700644009763036951314388808
1862618711950762529274442731077216170324613658739378275918703079912496933843716
2441336580690134436704574231484717108169991162151982201891746618091013603803737
4847340536111178643309959869304118103855779687527861772073416850147410834852720
1475899191980166952545517115652559573759310410422235060918831763673011228816039
1642843411598998764423000234942071027227026413098388913042539047167997363717495
3334864411606239138488871147630775713235084855865918738860372040579568327616228
9488479484638638809268136141563518634713090793111282927085467795426287565155393
3759882463935446678425026136765194371135494408300476685230683916122595636500950
4688805050068740409853935034367956732431514735576178766179939227558856930681607
7940787469243584704364456489201944589445452643889083382815004561626808026505341
3764731975014106322313038513354013002774829145897059519589586345664628102548242
5729577507217899429447619096683792342091244357075950571348476050458318307410517
0863795708952788976781302716225602260353482371024035142531743537750440886990497
9081701308286904280063373185676738733597941508998909782774161821369562964974385
0108250149204518517486951710694698530735423531158981398801786747049392105932666
1777234891956273178330358444121330758361395853875532387578870527596467066328000
7569495122546542847428174032162666568294578050599375101038017077219851164756325
2565556687752456339237758702571898662933348361553382149757559841998310819331166
3856896185480225221232056903774463614960372067751047335429894768206728202563373
0610414272363383882801021918291110665894680383974609601931679584981920018227381
6723717316615317119228440155825911133686774271090492808693032019057882107040831
1542942728619304329750606888674212127792608244247746537457213130964777025383458
2296916131583438139629967508085200820322856650620357950969240028801658727531512
47004222477652331548618440571963978785
#---------------------------------------------------------------------------
Euler(930)
-246642997297098846851042863307060739963476896910669106385998561786132141242197
1857323528084497313375674915586221494668043919821028152331931106612093681123333
1209828623520288436181818897252195789248111424710355109735314135681617295148320
6728563573354393412305425950723974522208719084993869826536794597984176880247269
0508160367728649937992414979569672041202173462700001616215516668229129827746442
7809015977393763336934329919903918965998584845598097965080679791521481858927730
9919114391547023159212922462639430793156347818468003486251762599511558606665932
0655992027225888625109365001890903308652596802711312659334848058708711529092291
9710020984417607205910501673672983901377707263244624340281396720577616306489064
5067394194226244543663926322105083869676323839711233456370029678933995037614048
3429288387487081908350017529982236044033742463950379663113336112010255489295852
7058428761289233494686857853910315642397053436339549830156567676535122398274410
9894576237381577405181051287882446725552905836505856524532076777972818694319915
4308711532199164470664914703081258823757613903397433761023677316913477304230705
0655943826055234130553544216587729740811602021642569651062615166987352618442153
9338835665390848841533807568714877991975126730579183981592207248696095462253268
9543809722726657030137606401374108535172085793485249977081353447397783222201329
8840985923390619094816524340375700567083429028467410378943216783830062264358847
8781087015752339092898661129444496507695280841612047792923205965178101315450254
4475476575365501793336763396323801611405983388710015839076563438023643518666328
9764349568802240606756455518390754398521970439264860309169663158852742254303633
4171168239366620451894144698444357578925055505975067816047138777477888764641336
2285167517952964759151289803918984347903847280786920374166058520262108242705994
0082997123731244793777412404666655254683398172998024021839001023899012432994157
3954721659538744236249245210102867984515821463001826147874433298038074767441021
1711403175767047267913825218887446853570713157193462474223402240861198239562827
3065334452522905888528616748699701401918481234392419954770989992147409575264551
360845697081604120714916385604730231589636321
#---------------------------------------------------------------------------
Euler(932)
8673504911183386409920252255461953467196174074875161063595437546543723612330808
0578074552120736843115473164943693765682881332655845379419050393128144640418080
1884575731303053037071315177529145066187467629711674586013303728192332185784129
9359230438104481550376391686126786946309040289471650421466388653789315390757387
3215361099834827666848647549467261637847368552048340619310452838829201558855956
9139195815903629646775522595741644198044351602697112134596402102457436734138239
8611690230521366216668475418762429962431386317890067844435017982742223271690143
7962559436879462010749474635483399985669331259689508041565594046967295309770712
4101035929645637560473649624105078597908878602989456134155234017646443413841853
3465788915234076999829069159318644307634636803433953967917931640450063028816351
4734740574531108433131966690562589277612266903626101507529531457841102480406075
9323593892103558463535282430879239645159778796902324378540145032382214989770218
4629685541234056326418588209517511488791474440573256011971546382988775571922986
9986722354809893295092232306736938139746255775404684562389769546526136351752763
4721692144036162883215186480587074018046609988653100557376716592251018427497685
8471276122312322048468328594428026042961885074770545709866298245355627255473910
5729221158294954875411963919045617612725763490118491982521292403292890245920626
4300551435140680756525968927614776362142072291508359599503378724764192019015854
7917000383271936262236418132661892348984441348579636932796471950988335539501709
1699943840435930092766864174122439305111334713394573302387111031760252658959208
5871595045351146083731680545905725444760771812872714806444323882412765580287365
7650399973424060732356581306819967162015114950152508306086878907382949311331156
5016619150798270123450665133516192360655294793287406425597347797872315372820784
0748545566329788348713743725789225099759524299935630822076405514897799662645056
4067647991144184724406411075132777740624511930357647242032427774240875159187714
3473553103113995689110367104711333158814359644150362229770907881334577867071875
9775430594494363338518386920193977390392948227896076940935353079844998140542556
8671413391987318605672188555736017914707893200165
#---------------------------------------------------------------------------
Euler(934)
-306325671812296860660718999506220311794520167349273985625108673716966922598182
5290952683469698235371730949115417482731526931679303871085634071066544213313236
9891019549524729760728169032007853737098626468127239293390811454016824979595287
5386089342305113666117850428267264277394120146387630888786250312801424541679254
2378343063301865274967423847278096716588639690698579240824951246948546019174569
6406136623927135434640610130414187468356970337082479748710306498200288012275006
3471352409017410198203719589619427003819693672635665186333043893004188488295595
1844980500144183910047503643933522659649481944913527510991986973499382372688260
7051814855212166729086984136698482831328906058938087438375666205819815829004681
2305360366046466103633335052374396902630342745422028695553819992264313163897341
1933798027857687113214125640608772223250225161455581535876656705238422942925327
5045108562852476014602097554572375207287476059822899250513039317938369871141779
4131336419353446301611586813626471067804717558464364397972618651620180039161341
6043102907672558131948356714498777090067638845687670758257370023877791897174865
4088722227853891588245483074552042480786816838519336770809792999262049890004545
2755681205703595968242728698636058265920410271288498631849219852262699337589033
8992109616418962434660342063054990114011736243198715587106218731044597286145634
1663548204959841218819503360987464522073072573210183706246014969053073304086619
7145492984755348084212018983377056120230659094718332369936990709504735637015519
9549197368396836607067779090472350391572109991992053726937852975671721593045553
7416543078001935478706235724120913584635752668482607616069292014549789808472825
9081972708987292758675910709045943712344428453805496020139652049437317423093244
4238915237589543329094699840532212526096714575819967737470199279024905371342689
0725706088269515838586551059698432625071750818940751240170935997631447474842548
0614164724681327162354394055067458792310297758402361306724899526327204016329582
0123939722712708159434334831878255918731210490626305859426449935849572446057669
2435172967576872202385045622492269864971305147470483578616885861935752926386719
99532977447173227823744782138266761792199592575460106781
#---------------------------------------------------------------------------
Euler(936)
1086503426271715303121075002627134438344070597837918690583443549064330310784269
6217416226021188700731709451997892213416533692419232760226152403457362798931395
5290388096224018770735557900136210431075865881307688412273429774618126204719566
2712253101496757344883108062879804197497812659713470682213242484621221004707046
4252730691501458086443542203119159024463884637806816126667290293073282050072840
8037000705219283246133669176054686024797555570600511513836588843993485049027068
1438876949740567399168011758709460844610444752792691044652385956569280553031571
9188257175330541008948075921135712440796214119073491225471813589759378033891229
2098407120110796927541228367274857992671058891118108916981053813243745055713374
6377907019079867145012053956992893212120696835531070845960577389413505396607780
3803920425117786864574742651790467367720413949911731652810253903863121261884887
1191595279096934004663322270560636609215714721642312549246776537042612854209201
2018569704398042975515440963491260536648619649025254151008797987000281998028173
0964006967074573221531117886285680304369415938128825971571567561297381782014154
6563558033661038856320014735233200839280242583717111364518125029825344020625396
4012859014173474530934777646277540557848157436133349660357622746349726538891601
3349859850560492173189124270829939280428796363431972941588063361996376517284399
8042048508821239569841997502160566694520801646083194956338877021865349786339464
1238974989573872490560316958907317795946630052182617148114692010229195745291962
0825136012082245636070262881140965104651700634721646017639547555123240845386683
2064597575041001246888518521223564727132499847755033123884073642750150777388507
2328106947631836373947171251611892431172502174979023649512062139746756316976460
3938171473299867358118719348929653659217694331406352760148109501427208794295664
8712524394027586126264958740643996558948248487295801739591746231043336500857628
5547334908721638925132297681980841823108362935534645558958944155790657855148791
8541406980331921025634189157374382675808907448164508108633023515415703225026239
0235779387064370951243242313275222531421096796860709199919643224064222117045323
9849207860620560221168904601307091926885424550961767376369545
#---------------------------------------------------------------------------
Euler(938)
-387020326879714541757030010244668726474334122837046069387811094206915603798329
6192864477310891581145014784643793388016986226239084429788690890706101634441198
9888210391045601479537625011598072363895232646494694724577348339241400052900656
2910886658727255731749792551415810824470326472011115115850885710219523432284140
8067866260853199122883579376664247030293877741037449550364712723319615333930459
2155462807739435511942922329458848511201274993392246122296087154834600951286644
6574644107910675307031158861821608100087381278712487911050402318902226761959570
5012095825070607382208633138133734684412254490030698019200695372503667298037243
2587303966232219901644166106749178564958041861358796678505731233954333386727150
6137220035848240832965534884679213922554135085895919799224295793954534899415365
6254039924445572968060049316144993211521320408043072694074884580319258899087515
4077109475692928426766457084642815570149466674651137627637055749984047269755481
2578989675180403271424779160953799905467341444860070656110985653503379670729035
3549469421310137455226696773573934072009905261087076206183264717660728102820091
4770995629606516415934761768066016311706426222440543882656732773169418770663405
5683133991334526829373110607930076794835244822465808489816156164803482392493208
3635567495728037272693633843834130070269663049695917298961163012332696401920489
4469941770917162847592604183907098891702438874990591779868970585073695587559079
7498186985859139131315106668563368195545317980477599669282047434994361134521071
0612265795528658869927416670378162721720504479496199652275970012858457691257405
3316772989457613030227109054677127943054337663675889834309130566816244250632249
2873979118932347898828312271109359298427967246308116210576173208769849077981115
0789701785782224624802585788440151640998755395030338703527110704420638381909111
6641394032983468866207345318613543589115349765647251531568987736708710455501915
0059575410864524818936463741971281912826445809058446071605513191835806489172631
2946164530067632977870615031765891534467268355470281526718712711751189455079959
1721082280209028370255938883001195074580232087612271450568139052571685907342649
3243433219743146817607482863868767504928677802255395905087140701241
#---------------------------------------------------------------------------
Euler(940)
1384482489231053228923859009871560301908790618445244028851478268092151068549027
9515059358934112457116956988913964707400729816396921516939414293816489897035341
7453448086839455877361125342240911282349923351326781877641429412768803330365575
2951282534519859436361096582904223393345348881692431728160706163223760196035041
2770547486267133892863828896689652519619109276219888375236016869376798325648685
3374373334696737336215903774098650865111855556850002666474764442905450952850035
8923186791892469668760428709810738132695108632264477643020455387513675319032828
2936963101277455805878608496076626987341026447168688171345817297893957102583492
4650276068951174285492328454311115644712136324445060288415838389430658069355231
6314321809051835496919570235420049634935583201117957620281805213455063442403205
9336885350580096252506988062557813286848067137205016138095035379340146134372299
6682587179182883847128941379403613427746884894263881955076982411416867413002803
0852344074944703276894625917477205480321772067896409484873331709035872790172903
9615683096844057660672404864751181544672795772453015752852712623101531287903531
9467549345980841823458397235864311584562271717665343751139553765891939036784862
3433200588104414888623711522341128648021399520158568556297424807592683369001688
7495074431659431538867780187046926978977987823519188833357866462460650925696044
1315461503243599480685212223154492872914892858553065168890121431320200360665237
7849327468598208369436044116181196850347937131103217479426601380368867994105079
4294918775230821420002035106317161009820444873747736272407685044924068511937149
5509311744606375368305267164452227626391847983933486646939355982031313310232478
7299552423621755371613993968679949858346311793435244175689313569032615474225580
0551805652613682148964677387152217730691730997401710041137568665889840790073647
1908541642130340845588061159708905382500860166971954506482630486817793484603521
1547545400992229221327652395298636123164724534350295517516060988881503911002170
0883394640511363783064711786713252635122650267293876044140611707931112581101512
9019667797673979541229752931062436594046018769271395492883365342574915453292933
398568969762003729592788816932073450500684599610581413791346706955294925
#---------------------------------------------------------------------------
Euler(942)
-497379909952099961515695268023573873888118950889334899768704691357163113175012
5839277484106746267373149462076913693311315246717088888206176515216835098007435
3812355757023311033842118476263949957992441439734574762864436635064197477264402
0515285683024941468454908491213445001968038981735729698737120173354848023836120
9516072590737713239485050040056219221569277007181178763918326980750490992393816
4218182739712094317484816464272767474219407455210364774448753671690092653534309
0265545574403529734420815139547210676102412289077761185383040330691397748295660
1706228706204167873269750205563499282867129073394554128623250145595374488787057
6346718610835864303392230456544001949408928135794020911804173819308322132655483
5781043270009078784018700814803831719292670356131745664368836001993883395825910
8922421451995792650116309011771834983643675824722686449824898188760778614737615
8523813478029210292645542368194953596333603504831630649551151273261594884507723
0410641178490421997944545709169196614677086845606410677582213931414328509114211
2579742022078934123728144148452924756825059624683625995647251777351771084083625
6809675626319279409671590594617065446951381743108140480918330251042269091785400
9604074670459109397356781027446981225043898641931380075029475927935247772295546
5340672373334008627186215708371607054985810422064230868670725893571805595878732
8400787274410063534853943803935824584339494366488027977921681393671829998228429
9326500892195241179107176677069350991464617866721968516201324361107546703859827
4191785249815790350369486528948961516298294410963948849116696376457642419479403
6763838320836998259719179860937027526274255412916255823253051623209524289162925
4767096744015327325328069693083982246924723190455173852367975610873787733399602
6791450912521598853869191189017236048802362201978865718244623231385261610483672
9959477060128364493842349716809171658246013865760774946919559224671390328562818
3139453762264621220278590448445579152614221926134786660714770128880643239714785
3923608223755471788266506647902505725343979570228665779623986062522113923567655
0394648929394599663864954498018082923014779576104283696158621689048667971337802
616244865742023770155591906333503123298896546404021734112769991960521319563701
#---------------------------------------------------------------------------
Euler(944)
1794453349117862063012903655559164305975272138665553818307517368523860379546078
0948063553004951080693031255476451460200943257028724006262830288849739909403970
4292099896512492193688207040244939790612569657872492792890572971489013377455958
3084020355030711809533555001388979839902340271305912004383405106872008299537142
4320345486517174010329050225017584239409485397084188687166157728136056697806955
7895584168776310348333286160998797449707776148963314491916211694979057052121982
8108514182253395971980374914861945526502869653150491929136998130573356278094659
7056627722482133570133332203366279311398588392573515474831431699654714771752811
3969372966015494270316513365571893113401023025326514235978862002762016275150078
7605473814682157765261837025444805028649894399064180400033846413720314115451681
4098608864127398762480707695693004674360223950416472758992364544402839312195398
0161364377830967314173612060796375980362343015280827195485249523100277454306219
5746670768983025069527154115261546247828220152504043772588855919461263556706547
0267063722034968410157657225515898308194871778670778477155881658496047368066762
7908035456273332033705829269313031067862520773950489442807420165861259495615453
5053835255307519580521178993509242300491061866023254273097785988705641763010137
0688010547283966347218807937784490339333786404606183664181756786084595816834703
0244818332447383680874565672560681569975099731880121693938497071757594893279096
7678311446841027505653888001552238992901850391272688592284755219403170802693258
9704972201651469565291282051615950858485962967186339851547117625856320425317405
3366058384659725711493583575945558115237766240059000107922025817930205573889789
9153518814756454392452616037662892085514010055446924237734766271466936884819595
9313241080474688393457081601339687001712721260889320373792410721597115699569957
7129304392928118044445089588756958179665288251594107381773353640185133930241058
6696114255552075294076870470461984127919962576524775342645097682120288565660105
2012818943856607247746267041098309547940601061830677530033042310974202895357365
6620358022194039457750763364005591761211549199295012886434805186082044427634793
5523116750148451182327521355609702778709121481288640169873494873417212722429818
4305
#---------------------------------------------------------------------------
Euler(946)
-650152689132639516779570167323348773712387762255051850962430918852541848007143
8608378501330795014569361578756433119829228449652907273789501562663574153720706
3507224582311043475361709719222250867031492053429680228094227182068343536102509
5875850966671886400325943852184493729110028423066548108925676540367743824688592
8886033267717674286256489149392479126170594537616415989531592721656748356892789
0603971459717447889937676040261570174391341567013422741432222241675107413061060
6401092599904158557383664919802231618831565708588446469301269865560334671794720
5494392373513070280950898965369323873757723181523302267654760256705663649328056
4437833103661259597412249588456289798826291777716982120246230134146791193761614
9086480533101165164934724158784245623926553676937778534770113385895559331598365
4143144080808362910306725289005848579782242578513638197860774484226355623395497
5872103102894537088281967459575322793369298969043219557743806377873689692141816
8388288974133073232885607348486198332609748478486693627865183212180890392865391
2157673062252265413137486485753760681699411705476601025040100882685526558371095
3594142934812807165656423979425208450689081480942845098910654539753192814312195
2785626671777722445972359481968315496203925978871534488108071763833991816246487
3853430050823149203232170037908793628813511421583193344529140576043915241429259
1980964490556347911937263046521088034279662582582927432997033069680276704351413
2632763735281863386074025462730960695479986717784976978492280126432093340214752
2703077749835362276764433006356986865628306510733151445715381967632833064357639
2568162456686093429857168411332351947046150847405237079238856621330983739842654
5990587913288213992846909377264646546943920514298603633274119715128674390178316
4882107955868488412117771273049947085826908180187160058840544448799930248929982
4079735033508494539661048249396161698079047021053912221991209249725795610592336
1911064503958935381736552318403721105706202369355530890047847060012007380257486
3054906643300621884444501154649650676208839602665965548649558544064021230219367
7186071176490059325552967177725784299670603360954632801672532820036567073205558
6368595488947259508799692318017201561612529049637238611533154631725520745471824
3404838161
#---------------------------------------------------------------------------
Euler(948)
2365559768618642299252191863403414058488027496777604416455441737171695744858079
9469462537730980037601825133282791811704859947151048332718329477336663919168198
4053970402137451289936707386307375695164361494858563766503307963810599344643682
8236419484518972488378413205371903300929035709791362032804347608868017970098150
5096293234272147732551784069619559291034384586436255527117153162099961056721142
