21661277352767990406286651676346481517579074661407622255968022607193351270061014
43324212292432947535736724668670580717217129301982862853596436768096888481274949
46303611942140199537453987834001177155996628718734306967734485154552383769716580
93527181179487255240948220328799118893831883282722284927624515929355239071173508
14319464513259311960718049993851893396966309574889972741638099967101889317614426
70454345614684542021744924757022210545358803391659788516346462370775490645110538
22881576387201594187181549264038090103842998627854695913069486047334794156720428
90325335746118073044474861298740064734791180774178884837195021549028349380704541
47347155752350529454618312449577532412966849459562892093224594357145775316872387
58261233217562380155628111706008389094604208978768202473844556082588051990395543
87587917343538993894517230830440011515425247081163989296208939519158037788716559
56212589054400058059121725721931651618039491232014142141427853875075911858422968
48658667095226261285968572458910122285244304564254352160633590269140828689749468
29720826704538905221859854274122293658860299981028167216647519275591108516563691
31636138393258882185098953602865454076231471858343940649916747914188524841881243
77051151258870892853657747877520460831674067788782620813740134516512704671838307
96786027720122865460214448888891875938098771222687753158072819684536095733588073
00253762606345557373174672663671229099769528990260946734851664280307614073001971
99194793183415177472882219169373734753631403615497164983529820414196158308833999
35993819798889161246327023554313518369532110480974876511244215908526233348798627
17352033075218725845881005923032671151513823270864759866539658999222356273822050
95855737596165068818819987477995002349923497105187053295371869694895595571007108
43690096920160578320551070682254625941295059692673464819773857843523773129425383
34748835071822960456780774706952891713627804014964951767904215119643885210454752
40753760379956561967527195989380256266073486907496100316226563884058563667382093
79339238375481232823326964706535548630296366601678923246264490052901950428882191
49155005364526773333511702389912150394753704137465257049412661219795839776450475
73353497883073994070022723636122884605838968658532984496435376225258480176765863
30813081628163780593316959709135219147016813889434659680563276673943206133274490
63434093493619588626039799153615020210529655843236805617371454532744535132409587
04848354537529789729442154980380653223339133292745270637325396543053734672859493
39780989624982416729882888080451508517521012138780866147563795749306025913221851
76938597622752922731459869378002877280275000152627039066275468331954146547245777
58911134907779087028370992397940256433381754055812933329862572007663765779037686
04757812385550735413189060049505092322153351984062661526333224758630702687525024
65220191404323341457405718506296650569503204183922538679080981098604252936154299
13961335619279490469468029618427909814759578719829675395966449344840973620062238
32306153412566499508453452457340889259883209233034205548781401956755856618448294
54279951210327792821709761980365232129040805097034876012969989204429877567776994
30567741639433025869434756180340732649421858943982157896340981563778293741436150
37707955174376857638966471692649340875582402520394081533760814349226929917980453
32027922061415435672779196669576194192313880319738712096086156248206172727639603
62653799980124840580415222484549072695139795695507202180543997759939163598766147
15084659054223409662810835192445625289386940259023661178454453299923625855158121
51856674267260318434734224876810023004570287231840566319843934725295716834157204
68794521711890694740533348276102966212244235488234912133600162033131091161746158
42330849894270928368798903901563239418911566500595920927004022958510059559375088
30128050851394750434375281570794970092571728484491028084195557434547535405659404
52521757802164952406109871564986625884717359600850762545045059833115876241497012
84774041711448462829024364074344525569024494831695422594801301750034962125315144
46278504869945666931623804690733106432813276164759907004178100588356196266858584
10209271512336387584216818811725540755564439301103627637307190564149949032667044
41841088513837682902010086891166311016680542247692560643095926180292936604639954
18713944867110030040704962201200621804057842910065673243604391209550404723125501
68798293763900856744969707111969543513479930453032158426426190780617081895039791
61498117797036970072821820203990186317150298832407193139393410451696349931059773
15619714027057237815552614361510705338154539864989808100795120100227749121530204
10516967196627736471035167186427741360582204438560765726597893229539562394729028
34765143910841726885727070742769552952180753991230832517649373601484431603013146
88083442129935489590956871312540247751527677704210807935741795056518887191450229
16761767589013555591516970719927506459138022816521364909283326586365485833752032
44978758952090645401121608331327521105720346610219681200075409207317691068059175
55415446655985839831261297384272356221278746911370805435549285083866235594386032
06882701678232403257647563286163354461865858769210652369154016826523242915014091
52879023598373844969790486514311340039221837824778752549315884052622609787087996
35137985011297879500649503535623447251634096228569883088272744304777172023549323
71423486440643415782352786605200699766063907286384780023754250288875885923084478
77583486460450270662450478521758186452252504215618684045326725680800569487905308
09330130526321056943804408152129320600917823119524809558602589280509391729010106
00242968197569673319982924767970824062296933179547971312447790579536601539095062
91328318381956911615012154117627487022993585211870381990039927272760937270049875
17294381289373744268625535039434973575163169010601706198077776962983381053846356
72089689887426200959025002676649766314811957148880553741224238008559577295923823
51669146528543312584075961863789591893511604257439732657333470817298548015031683
64273570466471526314790046272697853693740272773800104271151041011162853702043759
05832963352177173769861836273768822148505975799971652565374503481504314333091334
52956639305647534239628265682107260020116838666768790723383890786730809621217662
87522277188783142633885649975316616467840635764865256499442993466628003909595652
48573913410063763540249586354670808285234472047779721114612848583904542574832089
84872257339504640153383908576378258191701300386540834861062240871380374532281363
55116689677257670279396190656118464958898774793504375875319033402506916680703874
40972028401058326917412236480087018836328934493220088946744787939803792404532285
06618338774733767779259240431806103715168876813773518712803990679532789643661205
78829137615261945801416290646283527540343764919513421728651877434363325468870713
29718287243281210574778147038329624733556727529379581971754665307434799725726954
51590682998415525490291852278682796728068352353706330330481083403978147734091516
89893830809736800955441728283939193912001435153370348426400814997814101330810478
51102656302036810517684138478116730839192687250361063202207911409466394467964900
83986582345789799190591802155556980534058837333109897429805496744352510749690924
60998893754992463943761718974731148602562453616656040555999492150342783986445682
07025709681720452336574345800641098819677099640646318525058901535484184842544900
21087534936931865435610741209855330446434022177728796493117830638235387726536328
61130522005321921223493438886439520866600679307159346954841909110321928956098006
92866047376747337240665951528991777507647644476404030959394792331201590513349412
37554007262809647154312737147649417453508225588883806092216909303124403837716167
78851084454890797833217084297263402947267938711209135009543728828075969918574872
35868751481369457850613849858270517404607038603896716212018457598240721548081464
41478590690577267151848780493192582302617731434665389973004894057041637630630586
34058349049978419616364504713997171397476893017317950145934901952414241344796271
85430179312608130321761222837061396114473525986554588199227993758320119863482174
04394825386638895289901576618134908637508237857070159881235642814563740608132431
16926720222699487548536437978885064327410081981648015362045393748319164215941449
74572658074647973695101413572047322678834970069476842633679108190575823353821291
85139218335896582309423344394273472522949538131428352431979080088307190259479635
10340233706257056085475270646934359381800870334009255518454364509604355610145198
50553971072521071262585612490665994887571461511435833133522593508643147866606517
94575272515968309365795056801792945709025662691985378562166917887742119862670737
89285837232391555851765573822224623850247160117876591712971749911867788561742807
33083446275208587492225883169954022885648814533407517933546323646950987526514089
30434993195473908491779239788180333778862453436685344874388141825224984684163485
39013207514770897696145213846482187085742200210141817831370228491974003101107236
79178677593387940161904368071459263774583589077466714986237416273219262848042727
93704447508150668574848312007167250344358834011572353766539889661910431338555783
25758335288433688108518865476818568977087562499063616961177812088268035289154155
04726482401273417129732659578807414628016122626949164473833479622247201186317503
30154665517837488551488499519214919970647137584017297830914385003411848166256083
66965529858652584852040778553747576684985840226052244964873174823748028198649225
22473727229638593918318824358104652561502657458488204719285961892468646768292981
99174465588098318379933666984117658613156471165906871267943653452545742098476208
03578388808018554344780036347179776259305234539276056316575449183258665995182350
24095527788980503670235945520971014262635889756265212164385631267331601424642273
55746045763981520172581052734559626328347897164224530511007656738453311089296672
96642976326245771426579454126812981117553194531929656695615811194783638019466787
21069717937792503839433447950129060319244405112916057605435432392933792027125893
00063913665586506044386833761819937545408103275118274362340710226595893322627928
39514606825927382486706245979297246435481492783370422279415936837675058594919541
16472258700667544875705360907804843922793500244761990970284841603454787950437241
62552392979010193840569159555262475589198637535570984581236076970991502607486185
41971726421318042385271254582917922202892416913715419046385977668510937296550631
27669531912026884410717880129815740050805256272226727679714004220829045418667009
87380331583847271489936085786086308645162463245453031508930306959122541024071960
41134700345935777857326894979807825056799906868042376967884851734877371764053451
68169554486568869667046494746048206681582854588035477145388944033770301309513693
12441694982693109347407324603772197712105366694902810252739959150401199631831884
04516616290392223981765520453030984717063648343458545293818172606452257592434478
22762093521118594293311054063532835769193968118408141195429241736190266001449312
29149781559351317531890420218851895275788071072913993480697159107756154473928456
00068779111133055906713747822200556656952058029034922547459051692602523938577335
29217856733655340516087804113339138332979039165805711753853389553953434395294367
68372551372068334133244970279241047121748946190562600940618854462057826859154155
55255234642032833332853183975593874399697214014490567866335026831263261210880060
91781057157510098372249244432664145512270884647540727640041066750957658972929522
46733085144311968308537219941487885541848685786559305019045261213081342546350806
77208141744250744915065284832329206510592058825116834660906073658248418187827837
45068728992096779238648845305693458190141628300349839771917665005072847558502492
61458985592898273749099263969694276603944784228538024075307964456826224949960852
92103927698689185158211526915752271079495251394252221036883974750014280441202531
02297953922209716133849327368928356096983560173125982745759305893867866971976391
80323413809689639283716016317463327341781817359771141828717646241837445997159842
18545226823156894833459923587253531843191487077871732808003735299555260313128019
13875451733433031351653160056526756615726570786931701648262238136835491805173140
05658702083868983124123113901978833982910020064008144994882863473642930642418842
48191852044238957545028126860796320979646267067934080666343221280587732102326766
11567147684968055404515930952550086429504356341130401310992788900071729277632548
71709874658581317312883333557763717667004475150175697698074675680343718622741416
67623744550249868281409561512964061620003236144922013006628658207499950489674090
82575324098095919265245098504007202751729189461724360986740786813681405056235690
34317200119532020156648660184380942688416324923468441388210983061349938328762673
53135776520150930213420140646979929912651509690618468647014586459769740461234525
33415177546852689457229365397484022748164051680094993204389707324794852337388696
75659624135129732152106174105146100154150282583831039077029325555029194403876693
72392739811151636429264442498404241279841588946556534451834547867280079031350789
73980517258802852195963980134698329770500482895073507404780269481950221173177688
36007055468018826979837903495258250363228858892114385234053211826889362265596530
31914451976535548149648088167338006369110869263177211827668844788107644210662703
60213571032797938940528802885262198014694369899092065762836297317762815476454918
29336267072002072057500991303118712386586601144232871572885420229089355375508835
99195051850522086400457494791743631021852323740309043902749491505607149739127918
44542684184597120290887356571703237876876974875018924797521165529850995956801550
72534679303281281696131273533800477123876378114650735513319792770996447541571476
06273482840727972744209788724647826868397886917222537397799897382032643186840526
52924963124809314122948139331568705980208121440418524472001784625140839878071946
68041069609144717018682126984740577576170931183466281709693394057787597804947399
06015235932039936892443409044886222271462960555407365588231385037680361834247922
23061599734983401787552271799888357437612112220784961256667280714499070275087439
76549964926666856415562229728624006171549622155739653062439111200790488508034172
65759405920941467403342858616158408863251384048371398942951683629331478661633932
15738044915589668010004625292942778888587732761679948918240460693123041712386426
50632441998164610880959534529323899532175914871602200484864461127455642976236410
31213247908024444032616618199620501210610040357026522658178041136432286505726055
77215656094831865665665816854097805913708871356472039510543682481192589775423061
26124805114006076227862652793079248796838860863714315334537053599416111154181420
08741925071510745455485011368551303581846368226514472078435109552939514862975568
60671526174359010725992642881639855836650920748528719717789540813308683560249962
20668075145446731843853099304187965437375651402750043037594999966938935871594537
98330341569543021847568816458042957217992564089309969154113431508573299753395083
08936152462615765036415102228806718796829932149945733998142958177818660470251597
63916639096662270491062359859306883975925733349596465625102580064683547327860703
85308199995494492020108631291174542362888599873736171311618073864183213160713639
47990845494559615594088668653315867471022704664851933776342303393034742974548368
38235532982170533399526655545669538668385033822319007702291918722542151792585454
80777168051732807877426388068049984204727541604359253011676745344868926495817067
05260549296074024271152964257526313144088036877774589628923374214120291785147980
49087178109060159984105528907328530903977827485807458423985174660071783661964938
93713345005072009919457893504554483916336730053439176122421826347732672966146707
70552338945373385290166440734059183462623786179106008511037032518695710804479688
03380532871331823710981568397129650823600660079091641186395264093814367770047586
64861219050850036356168135099011443817013570390254881071405398514637908790444822
49590323329360100407388051226512113433549560088865347782580056971039558919275182
46359832240500327534905632741937617670627663381054239718623207233882755814459664
27523007998890187418073971385200737182166429772148692680875562483285156605914018
67959354437140966095028981598680048783107691325854050426656835997537176565308245
12623139545587784625941189468923573429665218633775787771751574482079960792781608
54094144021807471540679212472341054980821957288657760915195153283213568734675353
51270893297295014994039343625049631682703970675057463267599166553572511116640901
98105962837815091392359141204139100918948638474840228149166880692755291811486141
88725660392610814184530464048004108955523025135606562761035678053234740702315495
62392398956829926121078691024247046057594776047719622925721631306739648862265845
37330583829857323328420908323087751026611925847600615400766175504767494399539539
60663527058020820348844187696877397247016983377895564099707729415315261537863236
29496772773014722058508287748232101468488681880854746149122273639643088170334406
79275137338145969457406527783337958857186507561502455760256177336485878684046635
68205494344600563532085374869104639775909708195051114135493817022066144247590430
31220560346615704037960369994576151499857748134494156594299052815797155799663238
65509187092183017522713402577143194430839150332776678862411598958778161274486116
47616219991007375520799505225458511295430627180745956035439413918123119773548118
67206137882165442537015478152679276112897564397071227168765161637876512470344983
42627968513693812897192394895389793287779532961621729180741475007282449955618511
39916794107144838210999385196496803267024042150771635954323370238545485381836369
96878606601444535775832999734833991120143983741981260355468015939643339107869267
21137243980133589897249429000416309668081857361233759407555927584611876331653792
82141365850862698967367761683956063701497709773990191675889021979610313199647068
91193485997437327687014450730769315463010639179474581881689980248385097965251243
72106242273709323401210826733409673183726883007491670969153494805475030314756400
23758830375165677952374750827929085131190481976208478428073438098886607545520024
05133122977137820490529364642123191790238163612013176717497712197009345366531078
49613849513422633861066105682142532415217628850928090872762521237265489698949453
18996467423387512246983228181577127399144993439814411868673500383376585270516498
26669017172459601744353359685973819616738589687586720262092486799891136982706274
98251609946820057050994203146140391895461110809038835418555369955320906116737910
01548208697887213680456767778140901855572500939809817495954521345540394714171092
55575508564557107758632049445912021076837417367108859452928757660463031871737677
40017630682225965037733718498981714346989580322295110156596598233191167937202339
61555282565651480369511316264839947350366001112627545271813053546636727315487214
33489612022680898366712856440248841455744726574724140491189019049537190112260159
48678312427570573695932303762651361664066275900145156234943335531243671794481587
67602257771256171742887804193052065891648091715886267421714387110683840224264322
99150954470782632129804312763446729308557397987510699223189319176437735024072861
74356957714989308640855527554613919242653026971580668064898340065819277801561977
02878296262750841085272016382060189976205705854078178284871526096526191983118484
36213124530041686626453663640189979385697585687906083274689418563495185488377565
40502374294834114451724024960267829715894412556366588205212470818149279577908166
11112664995004899362109400700167185771015851075956665218339133923072930063139385
03860561066551368497877380413904634982366894933870924895179536479303878389260423
55486843365802666206348220463467404252405410709568619189946886844100657163665243
33362820335478063489527933128639150038206192957517656354858959157269236062637359
16072914817630392705684532776353525142596052272714976632242810457212192535032186
43595605518943620855863611484875474367031393447195797787119123013426084286984793
76410435554016393460722054474545619797723193883758260147920141175768898231123895
86237547543614859565075688904965405900575370379880370373178401686780370192308554
18982096189552881305213686384948258024819216629511522114665379105871607306969552
85169320241708532246801297768045720240878574052825274349499169199541178218797286
83685588198868797567544448246052683292918244667760665050171932346167419213240255
32234494845110259911956087794758325749042146460308659980303716841290361939050563
70953656782529496692070828067789197191538214237899591176377678924408871614990492
96568079393296711532495793193838678212093270189040807306748704550513230668844099
51331554028158335711386552254435739887541450978837902587666089685516010762307089
18539169790979757737997704279641904291433706998700879207264641294111369435029376
23940424970104158328302127206353392481429160095220124428590074896249977500880533
81188768593445213529481249040246481293617501199600977077999556660581159392367879
22160731285585492640522516000717205639616780142074603693854259878254795107097598
62402396021200042436186704528401806244668564193153518389144432672484167074114124
97864627988361769286691037490691663816747292778997679345912058953076156175616559
02486029357388408271815492643510395776409753640038551885306639613348591422211298
79045362025420743820527343791334660476352069066439120439355280721264473641472027
53989119080731818706256777032406966089707477850266695165438286161627504665414629
98038189065585819362950739684363607966770499023982066987719685845479174079506670
92052849150480876700783478551956479914017328424527946898902031712972320547012338
65392448668473248558989823182264096786649474701643082598620878322264419324699988
93254136472005970105936971791872577705003618737347844899880134424615960049593126
66447656168016885254614167742627243307454436589416974019521179595273600208798123
03822324263137876513115184873005756585682826523919606274687034055417234159858833
77894618309012486616277580819413490606325362118582405730230640053128623847656951
37988499012071751294434478648633014974329853475963756581891561062362960782802281
17713978997637657658367592670550975864447171464666012609230529412501859332219378
98880848149514462470305756744452274898057474899378846207985173665109664343952531
67614421141185904397235997608575291043323250433601103603348350006642510383028902
22317145134122962479112696383176519438567841420611011829002636418297515499159912
98579918146854375980914384545769492056443177655738039629176044582391330482026929
17078595066927808721936348384387266388369789582983948768277354079948195109332668
51581865484067497278342341849950854858679804756033180446936754259244884683862990
24020798068263080810933362959995092612983664888728244156375020857918184214602832
90579619066127518556272764224283786138234347566615732552887028214179704157746963
90067996582510430659469268416060827529935342869212748974249714676804615455517679
57698486835200586002021103545531265954440994008131052376450272168417002603071180
29481789657660515135608439531663779145759763029169329578440399026754971304097461
16144220337877349883075670706367135440549011582868519745461914461507728166223607
69300716980773686440219362916102915753714295771421348842198604231160590366838296
45238292634711658991941106957411034760364214439528668115552741761302645073943732
19065187509083407770859507176420083043516300611584398859097199468914208236119214
11175250997254994279596631158220986712955224833276856926275786404852818967286011
00703240616106228504138166133581241414685383126925169211010905765942243407105579
27067691750479760505631223608672224868410255574779826880335026770812165398478405
80430942536513000981040670207036879655377524150718239548317346130660135692761490
69774773509571794489757209688581621149946498846401257869102891132192413712880186
84672214169465423021112094464389615134427711833772171306762975266281597931514422
67389180990015591778240870969339458840326202008375012334127236596828731467346326
36360627449703630658719439646683817878421407059089651076005174153737306312874638
18389639935600538238278015001311152251986779966225274937088601078087854938991285
84632341845558549518988997168954681935604467554176559518859068243125147183285848
87510221877957173181836632325401543811810826297547335305129783919198919642578464
56636469453467484547423596373292277970493526575444977627399704915350330136371201
33577956615560866302496475745615940843051476769640939350025959071611585957046030
04141008938657677950617277586305927732693606232976775265022993007133101790005631
81668933534218708620612145982247054272675461318559007733696443192310729986741018
92438208078732626680086588687801410546349020496686547190357316459730590813073295
53240420457596036127048083996067637397205733475539455487319478741885158257152719
64762585807830054488584382717465358899853982070071703238596844979867648955865202
51861326369674533719442949548122970202027283958532316406284993790599041945939850
96446687560701449239435480679659054435248242472117186401683962674479169111333262
89313480038273541343511542691460456236748061673242582786034458098903552796834282
35399711898832727288365805123907484157279516078046879863604661983459360123352000
13911128003972697156377077040427805854793509481461659939843051056579032772593924
59236576956438548826459104572914081150440728500060668334160718720208102649081471
07543511852908551113683718425234000435149837935317900504872700528648027339976299
29661241888201159500048762019425420565432217221158623896320358917813243087205230
11677479364475529734740020454928642333280382439284504308422256938188434889568984
90406369642654250949910280610146429123505033418739827766321997098802202964191442
00253224334371362443834726468589077522814167213216340452523144048832462961879289
16563761730951059391697953998033831166389633021606400720063000691358190345565592
67515247695720488831043461556125706271373893654386299097121415741170788395400268
71178390863848400664859544080074860851678901381915950232702347459987782958232625
43319490331299180976688563353534756925946361357170661427738714666000676272367207
02950390454025317312858536884254335664341464562035809437530965476534887867087789
35985338263857604789792609912160338504033796924904259996761072315707077925109936
70635912692587125553665768154179038789189625289343975314815356636405969278586624
99704962632865326565711876854295670180176505718560782396348871509768342430969184
41865680650345754900468054809646275821889624029762461832054269431003374444976399
41115244344717317773899183529387005171357050351150124319664078687742724269250731
43535418524061407380094472586352721887474378437016462293661753434582872278980144
52707938250640630491387622122543426876531616713120318401611703210950076955956670
80164442836496640484357709734653884258985600850233018132568120475673763065472759
29012155348188591636044928909642919153203159548396147675994518604571247903259131
63322859035791380506484037624073522217229813032293899617437605883458352965721710
08696811036422300204833940953506783331156897923205951291762335648052372600724792
75919571494115033843898886371397253048689878076020497768372159227825821842635281
48608498588578541102276942595076720374694325816848522955548993849449774235472204
43381056262580356144232898551663732992463588474883727522718014034734163512072409
99543302181292173528504063143654650773130393984119171689513624517693090679407505
13531909377699691679410221407869268237690094859211791674547851376904104870147123
46546256045263013328870766343245200373535813790238008454042477383208247239873112
95339594956967506424215574375586548335565956887867026746944870539329604710525986
64845960200066086378756356083912859948702550786909853198745343414008086249711841
65931201660953668059618009565905839473041417721259382946977689839057828324919400
81446069672789164228140799963031467236553547589499651316584772275122839339596379
73083772980053330887076292495725887874638558379707626596299523884781062571522685
70570846532671937586857716823516981258647831806185125017768135931143588068044893
64855295039494511522079610178417225223474941831823502369761174785258663815885310
94233201121791833848656163284283694776614302704571391208227152189434933793569580
78718808298079298789784407523466705657359572533131932789753342403844249188707239
68744629832120513568877192011693201554683231671579987325471909573561944702249811
64287012189777616723818797384193865568559833916674515025636825267283036758876320
11215005276058875737775458158351386317842456591343797491090859413316415646058756
51815748540335479425502278127299226305725227841989993224138464334491284974138229
93949177140666423246080444601635425065436931639022393211323179915949633773481236
20762518980236351425653658417418071218958273016699150789083018369857768493599586
26699665190130733141585141986478174727209915641994499619861563562081001818937709
40726071208422248701064916277573244153168219498036871458123912901227344902607711
28819209940437148688548528124788708877210810355661596119604083061883871491508895
62728300811570083665955067279678221843862574738902905336770819569404526836896883
38392098287034434165335845055707575305917132209945116044172592574431110947258191
36190362433610119959639465931139474061449818500337070158749418937419265191221166
33681680052402296425296908467582332509738923502676429821859702387968827924713710
51106794123055386344321204178547719388103978100756998051805082098704554904088569
68262466633175909924839892196437960063780453451643414062525059780904411235910387
11247669338547909797530290121107650829407032397779895799278297470648529544281546
09047282399360099348822260545808247432495658684222672075850773723632684303386862
07986834061670968582868845352514063160477836069665049019784826822799153689928249
90779744324046404079797917337301361582972286595119100176286558639813297222678579
63678848021481188513391208359165020625982627249118463840515162021157657749484481
36971730068600285222983551119643164263581731507726772007206692857103098402593348
18361227576147019596032681125584791950210589360742140066933746399877993848774005
37831229015620496793645835621161170871268032382715601013895293682045963876924681
74211320427151245701807325553115255370908833833419108280833654764236267029047455
94300709773825333525850551256986743777354142664085552613030644408413840886029690
53101936869364698596261020971101387195406927441704608032330058910615882689109409
51063916452412336730121586484932716930437369471020268380289978387472061868085563
65768958884161597939708778960570314722888958369096222578113898373336590490551406
84015465948380748974694947858214619325625176065503656425362312147916790733306607
18510263518406095728181390506534907423385052822334418135814698530147404467169493
01594521976062496528541316577302747720148573987854089256808364994714654462949316
65093432173809189100636148921066646802311732789302413098820162512965759676055271
86196548776199520369379198922020830774100172586012149610802228948199522667670930
32173980120619051098160705478579089839604492147171123053784518460619636390057788
20516208424050727846867587370047745990098522138777198653153746133507226916029642
23233959851136044383722897285222377104644680515289846213732511298844781606541612
09730877727986123719483138753400134720394149629033649044608665863966332917873691
78030507044056534016706529970121138545832046176629337242647319025488305066700250
03494786693496534656002443914209699532635752703321968338714707208577152025718646
79417043639230147033607605744116287922895221868486360850256992551905222449485896
68079206035643857021879635675631083697754213337257185641650303593428130911361755
33640653082340286761921591714417111826879984244425810927965542402502804053792871
98924436389012432652321011071919431785908753146771271411593013499926000307667206
89476444498127390633246250149800445981327078891255080594176410415011045153315325
62003464087499824522590554235048301879732283817824502752084423741628787983148843
42277052437427796059195455080910731868313701903811724628075182490092288371146997
53266748049839623109017319056468830340906688153072847528375446606895716954643209
29454322190786451655422566063790079711081875134658024252965040280424754100764522
21082999174272793211559473712528078972129425358086415359310106478015225988343693
54800035253148974881625897235615351585535018790454206669815960804189965744801703
91290614077514343777047009148201323194249952866936689000191947846259923497156031
54488888108049223016194460557350137561215607522030944812922112065194747753144923
61133038915992240199071013860190990508842480381329532650301627909702063800183261
71362814062067277917832590833322135765280370881850390394337708219451079106616818
89025525121646733234413242061628755953912860632003532604473284063559167868706488
96291407521650281379240216058368114637506934361090750484914417005498518664249020
75700993645241002245880804333355750539382996460162839144655369749224910294077251
32983909745573434875861033444769839191376957994313890606986998183624379096293184
47055573216038847078136758758814947742449688002055171244158936808570614135219699
28091141605058647322440216720038665656911282923730566515621126631520650651364678
44379925963065461774419645368929542917748658576959052642562454771761487948848365
87508483251115707683227003566270029874912666288658138794554493981381286585817318
93972881957086295755088201114772422397615778182246690175490729479631375847196359
70172947899266059561428666385182779674454948928012536454978871440952578921056929
14183861175447234620603915255475549366753315458460693837779932839560839047881581
77052893527311856307875411459112761237451655203909662691698998141209082869989950
87865206822708990807158552857318570657713523195071535404708555424371816023912415
74612188455595988393534191492049218544913906033629965975034228241058048076075357
49933402366182544205250441107014410887446450003360894669464316470353720523764321
79265429480553711073185397076626773174048308064532793520275119991538669757553805
97514097656074966008533707667393857821047802403371705684570169318252044757879604
07417258918286074111795686659546583467802505326549770263441641022705252614808399
96977720426901268916923350652349936018306150204467469625690555172535869877922120
20642410409425492862634666605390613560775485570007194289404058360657424701889037
76344402233383219845833431675685360569399292808248742696957218159638444410787508
47837654677931715176773129985221221017339605028332788448363339559518980544130648
54570773936767542819138361679108634126044843933397516321134837335525608362258659
70344099217832350123201441940185536260800267403685972565068368463590389928476626
88520447127867824632980711136084758700027174095662718046613845730737077408613144
79350531904915861838536217058512298841424867366700685267402594142071565505232996
