5554007740241480217797937750568601608308304030671738970070240093963021612473729
6015764270488724244025546014447712674283912750121135668640805877873913736120537
1160551612974890987642802819792758876805081330164555956926844259017595580636634
7919547758187783138766571290467791802308985040291202794488567736937435736175018
8951550082493719849912912447657248446191076550926074803647878969059444997611386
4358558289720729390591487034221880811024670269776320751791637670186451687471731
2754589646277004977259326597526430003675724750263684335383002067145669325975982
2800015029488955989569399172849243541141274381087559232354048955804572313919172
0767697962190728655068790998156566220812965740309112921454919982103917298088145
5081277223015109003538957255919365467367708693896533578035490176071272583076663
0174054405422756322663340121670994332058463365262883244428728958693959692690438
4166414248209079218202597468801912854652233293089694561207127494697394374452134
0452615439735999986038928289224273839472469210275989406075971265243358867589270
5450685640263076121106278319521701289943932949149925926416866091946803979835478
2159410667381447594261128078633770155321466436989200061294042047224795413157562
3833782355852211519017610500070389729029071017565756394603017613996693026774586
6452398368871880707543582006379971275153532038041896440028158830004270553748198
5527063080355909748898781690462577218867028767927501252599119916268143367342309
4558072936351149470960805650307352571050015364925586979888658859959706271241316
1869074761619337214493540036550228963573582275928941911620717048588892024732215
1607536830880581871002398133561832525791009083683049069216425279131851440749743
5453530552399069074888497064253199902666415674911368077202583571769158113172840
8984972007604019015935876939596161211383690000403104690501630189582409497336625
546702660445685
#---------------------------------------------------------------------------
Euler(950)
-864338760796833253103488173213818872657291431172223860142291457933401152729573
7189507023323320034445830617313118687946263523060927307760278156924246039679565
4766963195595458736735980914956620160290732851846605697872762757618982646105047
4606055902784452662755500395723948387086119296888429405187169854367049199042628
1088582387090578101911528615647370846740664736969943248083910156612963617357391
9994321589089034038888937410592071251165542300036112585999719035343092815998434
8724540204420339647667781579020674776186658627618098952465822070204219035845107
5194426857525654955062750602239159746706569215552579203599282646218676496815807
6189732215498776446991147337469023934987659148868987739146033863357931791806059
4368836552483217019229780934123700525855878720962686740816680434160470667765873
7099301522723582106187094268127711531721630770645320822098864452123673174601544
9640541658328526125641117945213280860061219225843332048003569085354173725848592
4503482792582065377318996382327399186040454804436631805036846747265563239410342
0322236641200549219051291561902037706261944060895339766770934008922832627969782
7647159794379798681785475613243848810180026299939632769814615139706361794016347
1967220016228378078321180035070122317968075326269095534597477665725395497570560
5903478864949313516074478839205949590302532553673286080109333089566231947678116
5292403214653147627972557719089989181489578839470118368537388751007513268037378
9007516034569884541469682778648143882529232933554446186799961280398487885421228
3830848751330677320576037580647644801689522550818642572666970651363286149668612
6377413312359507054783796457685258187753904266979296478285364025441765254677498
9226965192332699490379051435448455356049616036515463839703807893129422831512420
0896923991268199083622878273718968575555465558774447643150609131714150343226947
2589858024888573884290420358169838497663924326550188526347811631610464757106297
6022380531519901549436466983598177574029673790922549599922231740479691540821192
5871839684882488886884140108017537041564918238751709289210419931885483169579864
1271783375798584953269262446268722888106929434361308190466365392423936758795484
5003913456886250747313831728235574229380566053459579953314484144269891869476997
342517537308590268621
#---------------------------------------------------------------------------
Euler(952)
3171477980124766328269170772251352153955393010434990731467773323766577712753033
5111485978378568531817519143869900712319441282266155540821719783309183221633904
3508864621264736674099645780855901403202656927037309919749071593518536319536077
9183170094343958101210026985597503292064167575815322027346727877279793813039590
8569213077851607629703056883835194760292964790460475137875140033936615201199080
2278050716942439319895901537198990791160129210284643211456609102230288825772056
9846062432315430472803085589682528939051571849359947154365687334329793370797781
5330594972611113256027619109505717703128163998715901249106656561389240369955430
7597273691746452082134604085902557961489195530641015905824653080566387542070100
7486661911452992471707922836520665789978373953248049065074407604981248136074976
9545648784643612259870879117680647046033134264004956210390193176426721011008215
1399349433147833000471986930977213959726984650696538810664825513681491867512818
3070688193402061418470284479292980279709019358169060600500387688885112609989840
5665356576725544590921179203700196368458526504262895435788970647157553486034638
9886278755892355397099204171366039503991065041057230969950134175954392395809205
6303022143965224915993437531873293926145322455681818909426708448150061812940099
6189358111316576956392430612887537959401274439161821426492857934224483557397557
0120405782947559588431089424548771161828163651448748568937942563562405938413023
2625537081418444699611452453921494770855224139223516630867703897972497128420060
6142334487276882063417567721555988586941327252067397718000770966502748241057881
8868330676869621409767711832167448620828375492077985308410250999522396940977085
3004519205297800571079653870699062027027333936821586628812675858439104337379099
3876571679641617108474072164691022354027184625722309676142308569949521838604770
7968101149351313053401751256200731716015976750066441392734372230990827089022600
0057163388511299466090974248559538603551919371241388326910627999434999132776309
9062725262157260905564745141253604799037865721221200051621688186914333157174636
7577197385476120410704344283522848349412271149884412845478141287625308929613043
2772660988612891996320519734767720031542792297529974388780189717963915906351248
39375062708611435665487065
#---------------------------------------------------------------------------
Euler(954)
-116859284169401506449030095999882718210386854439366225088680931007677580333616
3492391414800366030590638597567814154448589792127586339002414852046300205973084
6603711206573776103044666719266916993906840676541987986226043648286746141401851
7678325197466930374788500382923139027797266752001986283336442162899014916222296
3166707584803602591829515617955822426146700225335850286252965168602544231237675
6829433730634698390236683549102654119747165854100404597138117146938644996553099
4019383841379652054703723174939428196106259568577798777006731549093326894313358
3580504722114525593793733956787881152274981802818413088165941088198402274254687
0445736272702598548652996829354057406170247969249176299111825182009241778008487
4624422145412704330779658585684589329511719810666817329424063529281969789527723
6059447358446098594073569970599334255696727641032106317636613438830472927881605
2632592411750472804624510008152694025427228780639014669956835285407275403600405
5877552658073342037209072871105737557050391372104813958891283312992348252551508
3755812880418953971007552936401950854882821870252513336613174375981457970689528
8674087015335349132878215099001291058228141148662612637777538207949059597720185
5813221003438571892934120567855287478076562964717520598263078586204659122843639
1212099818040252420022892288492778879842088781620780655036084574694240362669795
8982424011053312565274895212898989669285309102100443467933806536682715511465738
9488694325875115485983315521594489616619810543790017032920198172191509207618619
5443134637489943136757333494132940855483022631321094880908427055673656315677343
9286443740342002014763158215502545499195020135765456302363341160597919753371664
7606195485964159085543719178450565438540373670664665522522757679579587273788259
5054292236826866301090505369632269035357129754468691515247593152567375637061667
2285282399633896268162691845833209483484611541318445551438671849225654294857186
3361698015425619824434580739972693064479786609961266352939794101745083039472298
4439938977266495859524349472730761146033947230786456538657546879985159121187654
7299204836295403299811950409936495038332147055058335240040291802617812387855676
3456136514751160761617177568976080975061030777437454493515854999019536938823254
269784174031836025764394040799081
#---------------------------------------------------------------------------
Euler(956)
4323990503579018690992508656637419406441214352842095084043083738142745824151377
6226982407120582699813668054276694346964737871665979432121362103499838364516014
0981792673557621009807478509211684398618633729309987070264509599279031151036564
3208269860709394505097089738104180991834641309725064707701859627905643152196606
0854226405393131653039966858715371062690091937425678959234684144443797136260953
0181367454249655880365721331271917399766484725425562068131193454741150838210031
9108524678247797065131020076330543368267287271176122897389557137066148968619540
6606387395532722520210869973554805505398164260142263561981543800101675274046243
7296876961669085330736421163828625415000385398076578305824550172602164290470802
6765989964024620396064289118076194059525645215560493829556328034068414100803314
2778990397839420085166396440874779122337921039860353055899409081007371008159742
5869729843376239716914105118380564729638296770541057539808914414083096599481845
4062898231839912815496024690661057805945301651644617476678152040441341856010130
0264859423280865080910475461618564171920147075948555003996267960731168848634312
8064170090320873589019234975194422110240883909591358555656696381019009050589300
1782699126666080632317663931792147495818617332468722722183282108189631557388782
0664339095729807311029582936081248849550548839683088458597796773101095128508119
8033686108599115525492053200477253395009041950805646560252675380407411390612840
9333233947545775124118889695556030647303784808522149255239110711852922691146767
4544372420312628568294603681753003169421805277355680044788254683219689604896903
2774080347316027127983608392076419720261424238348730260750002685711964384084268
0901660455874992721518436554466158921928178730180681666116746994786655995216871
5411241196861548403785194664228020375278134714691030152250575930304690143444072
0479065851620029065093678219694223069043291500643337869784038413877561506789327
3830783234398419579688947813453503249014440385299463505000811579814975428111698
6193240273210225518746168061169150145726247765754336891604519415490880374130453
1794932678907713101503429452049319710385368384131439325418896818831215893238939
9870288585039492914154573001000246708147068689646343984217518305308579262993608
1523070266691180617386368178485516445
#---------------------------------------------------------------------------
Euler(958)
-160665423922633014521515539843501180068913854200611479939836567056204795777135
1051306085857696543861589296116385805074173601761438896699006413407014327719654
4672129665360286775644653445586868194861218786797849532531285931871173173436203
4252595095805814577155808133055098359561706754464844065557103886742107802546964
9245764753191692137314146772545178565889581578292972325940179199411810644521706
2017457898504112938896960670040856338775490257880482981868884998324671399889370
5735763325335486332550265116355953389883172660865466300068242648430445530346806
7639489946488069005216578336721242478320384753029440311136333813088843497234052
7396679491434654950386683503287199240115087407714746408409809483714294656941427
3595610361863596658813530167587003779204900198466915560039852290253885816797818
0522144371156828641709212579939892781522978884032717964365217436062755812298581
3377742570807863281484950114693580306728801964270564779978016312148986898755727
8380705152493253516800243476158109014650888956977633535906808706838939358943817
4581312494841185088037520305307444579467821555330146188626421783459588907863171
6837354072583234882570468065810497318436847261091265689051228274157519847833474
8390986053061390692799929575232091502783508478474095414255910653318341879767897
5465980815296796887376439680962362830712900067035634486482741647015078305754276
4291362856022353154349473732920528636527452849085045137750357663853669678271544
7054938543923531822790499295355299963825287885121834033048695759831905829108902
3478027608704381713869794199630615346262558549433381125286648089461811686077514
2452892715472285723541166607602464341848389627956396067090208589302839809007103
1906260891125374330845245807969590816319774337920583344684992755022841210992043
8181164319502880000605025333909887407811260689530359579079072835378687503480580
3304817493991230460554613772774053180751724434391868002635961944257281427446612
8544121817974465568394748029239963469729096294366312607889272836384645585682825
9248538182320849495208809599009533328754974243108468234656676281033217434819209
9863838547538775087639371900301256141492535296845199976584099800948536682928585
8346638290492714576995096059165092371212587325316961420015758230096675887184011
87992271567271518365872741909650821638173541
#---------------------------------------------------------------------------
Euler(960)
5994769794980099633126630741807943608538378814173992987471695500906263755562280
7394749347628975369525105343690907482256852506288635451836244394823961081180237
1926874769784326186003188207473955733199015825995088192678823438167399542291371
5136291328460710216859764623025561718998478061545398706668646971631713264270739
5424655275955175627662781207717152921305967679491708852818764430251957102121284
9943367021129522986762748321145895420200825352559994978059815018043095481073056
9877801228749159876990477791926565779708966229809152907784327944591893328097156
1317825941654097190272632625921666485067542355325529766139234753722731652557042
3376305931441653244131847157445306449506649088681092347753019068178461035160198
5373537150864401839556685349856799277775779800346511003130088495223749795477553
7876682977003749063475805299649336237413671035520675642384163899099018539736369
5462975109242940746514543294492334338185985358519347388252131972679993180457358
3837955433237622240777146825768453001715698199799755682525281892701306127147540
8390373120738212716773514473885128406881587780723721015804959352057682821326719
1025503005452561160776977225050887226918857357453312325439320715360445397830673
0984872213729378919002634319547319125368575448842097308796752208026791577387889
6220500579821498201859069957647917146287197577127776576277971125897044035497186
0300201740967270501934457096545743748508254525615740220644925132274668148224300
7739196463478248514926725849715801259588416056655042242413076723782755170317814
2667297480874003647832501673465925180529720443124729224684001064504528602921993
9800784716645838122176332365103169037952708928450076879849304947931961412518957
0403108043227730999685991231178809619995362500639812219613760131188936356190718
9303868863065473113796969733248620154719514924067558184062426760260419635265390
8798479146642533544190556228909779393121379589667600310900971845268357799068882
2423729861827827783862557610042829347840659539178516217060802079518094954435973
8786888912865826839824296810638998607831644884333686327082546766378427569518296
4118256953256593225518358867330993868925967118950369999479937648318365803476434
4732927167483324111711397742661419684736676246607150749074401063286533939133647
293322219863083433394621175423526437143502341825
#---------------------------------------------------------------------------
Euler(962)
-224611100683674307067181669032005137586739182205445363160771504046459876615035
1034395681180565162067970406825855454938281491039458339244029819104231350708250
5217463858364844191643369385917885608615368695419390405549068672922992548935466
4890068725018731739991753078107457088134400661575588524052888370034049921851956
1056294189007547459123121028649779459968388145544257847188314287391933968028072
0323894483694083352051341679377808670719982952178937119703316475290522388262192
0354288202925158086350903366170995645024274777117626622187614988364827286642982
2412897139918290307002605143465111632188504995234576976533714466711962238224375
4573007957319818033606169829741443512102136515970830208964735807560077690278552
8809323464944537427163033089500787267861880475376571688003924284692730433393525
7501122606489240643473361478038023808364552673837279761923795180851360573926051
1011150649089794253155645037105192997851590614103436399956244292482548567662464
4333104459670578017157330289977768891955369354052175516160969984140328070019722
9698543067853096110273401872602681523328630413389153450739230885327329823116362
3335499666359437467706423152222755542938025283508714536591616454015267102275201
0551109976169925549778805436895226083645435252503330132998523197939407363063985
3793810221041022654301920717860273038598301993773375825968291233828028620632640
0831054037046601288630003675840135478422085547548656677290333445208210807748720
7749947213918912500279904411008595221327881149833363141757032887252984920707581
8314383634223524681694940275472785368722233358706056899063745068571361665538337
9994216348897631704728697301790296804272063196835247612379430481463607589822610
1663052428132747413698694120426650838704637844359555631484665778819264224601361
8585209761639720394827294824724163370164322150689760951364850018316873494839380
1109734904352261080963633322997564777810458207997402639703454126790493566978519
0323958964203855467837740783654566392747230987296369451765034751300209572321650
4082892613381754583725356712056171201444319027508748442458141158544993730854333
6930472750499565993567294185576711138270349640103265169930601250648703883260812
7490524184370528268084136291598902897264257927448283369370137626224232329502151
5859571101987513996115879942423722674540945868726536001
#---------------------------------------------------------------------------
Euler(964)
8450740834024189193260424093989824135537329007111995960346166456811491713669819
3741362791253018006231628573957169301438192913638771173442899775255871864929627
5211357321664468949991828752225964023145657268263024380427261860825651349161750
9262452509597057423277058715341292992022057793448582020947866064315213506073232
1674991818101861809732225153536843470396090995035785728601297444980227389293419
4272720973698459933802735635373871226952719397941805247586598230898380931891387
2157537809917551503740784436215256998048770877046140592041747838170290212034456
9333788770229273872072677096898535831480077611580927718972577916311339950207209
9479766902617068618133564510949274666072484338010189780322732975149815013695796
5606876192279188865626408211252967761744556551800985199441626852740767574292708
9886225030211294875733382518338391716024524398126014847402437693919091940277466
3599212640559262136892788640637994846127557714101495585476155410937688052943764
7880196821232885596738588506037893206987967513870187032938354172822576912290464
8862668961933995173296957883809701572484228097140564002704339849899505081866458
5514497631541015204040253341890645769853991241968373058242194589981567180594533
6995303201577247346065175323776011914912389512166708200766775059776018307147424
7137123568634549551655891721503970378624489994766710251621673688012536637022781
2819004144269702885227876901454186053795642942916636512637992640037733593410532
0050636817254103508458156865526839384332344380894798734606791329672508447514691
6836425621936981731509268953466455839772723170620791882927053674102123311649748
4681530548977473557259919789133414187507857849307358857440758502275616819436186
7752330908405290081786070202166021928448213759194729761569551607626359089380650
8008151954786357989345945663793931852179668595179825596741558473564854468958744
3363798990261462899425251817251983048196024696912240641324596945438836350923583
6735920801481217585030891149862402096882523855291650530029071166893493483410439
8920599757751439370810834917305200885096896426085210126827167606333562360900677
9554095043958059276566588728718293436324114339232449844410369746145342273577399
1308112416407423148544136658013202649858163990755322889680506700309858742533880
34469272401207572571273727888817937114290182038118528171205
#---------------------------------------------------------------------------
Euler(966)
-319270997212391102227863651472888141610261857449302044492765348130206982078805
0493876913996019319390730200857879068047983927065826159066860253284793433829288
8357288948873850234165626261810997943286012291521553979993365273258809308074376
4728811735126831393238583152660596243359003579519061774350237803338386815764003
0230183490854214307037918537443417595898850608378517723124912139341723386800745
5610955887421795636657694280594639380735847968220112426765110714124010758897784
3197144774693328606715281306198024784338563104689432047623312104947449789339874
1255067978006729694014049427125461397889386690440447404923487188156305561994351
1077166129635241602902850594345163758517299707123146964636018120474134787761595
8064521985054794326939558674740787601820978525861807219473601880629411569724010
1672952557907997422280626396276417484837131435468449194855068879664478695123233
3390487963264575881060720986204939759082693684113854136217651136033724816865607
6471345251165352368340250270027490150184579551891456875340552018380652499611852
5441639026063718993978474092978249314718917427230714524847109659121680190076272
2233282667369284630539043713194639355641579381003250787527791267945596993854852
0946544378779967443033587115246669218099566688277664017947153258433188244428980
4676432457691499540282281024118774425707278111627836599104908262247921496697454
2495721513167936998985483984273932808833683229500877744692606875425380030948015
8579699864865152916362570423389877919103811300759273784977484018268803755946704
5031234733499507152256576080446732306619714438268484809458853123003861096422359
3776816233284223845161415869363373070040275933880835017690683172208568810088478
4409420076272931311874669875124156000974881360044290914815798180969743221641735
9792966857573379007586217668483149509904060195799280143799231412557722992290683
4016725079864559863493513704274797569339784496065697881130109232067860427596109
3155176032927899715859134968457770718101151784286285301764202681075466512997864
4507785908231557218794558608120340779205797914424601986651089105651493587043900
0483771512371731690866135526976778903647688525866136020219220474442297203334100
8502225034470538913580957229898621447417274249637446646999664297660465078519229
775827378779044052183928098945665456093369841816263874140298030461
#---------------------------------------------------------------------------
Euler(968)
1211215851908535482530047701075672030887527792389991100116433685803351477232578
4669932265259717989041534180583302965818242833859618375279603658818446460915839
8125037054523545537305746331854215986835501307057664360127564142110546393999175
7570319325091212106617299064962954821471766049411640181350744375954027070289141
2047333905055021852084145596165092231762310582148412779215529477092202673175613
9428041837949593074112105852152633801935026435425884982118214241542606814755252
9811447288685685415277061538305871095062144312872582254746364601595999888315287
8631253655412889276896348684765013557881804223022993788998115534346475421455986
1400332927797803023578915327718250071260437093328939189882821656816918915481843
0984841210898481958333400769790146735371710793602312274968406383579898373292231
6458947757612023128752743538699414149597135270253955150817214167224819158277234
0457207244154105056382029046839058317649541523769158047202662578810474205642542
8208517841969148542400492523831237823584137156250825604831868390874798078865015
4548541303100571824272170168173449375339952296405962791633650878157853655797203
8770991911960133184944245920307715211675282749575985656143725563036033965563901
0659140363252618132750109625620758299480376752479984596278324147122834323882418
3785594068091558937044424093470271266723503897889486848315676815813906932356537
6238476438998171101599468468535680433032577870418325513545142099683183227850289
2304008326568131301604174681462784409034361942157323884152820838485108059488850
7115524815174212667574772128044030053711965441264206490333628566696008924870408
9064870231314678610943429461818226471539946665061181190742931786445675757198897
5902149870504880871010502596611489037971788353115595069284966144697205069272514
7897489329221493607980284433193880195749072336310253238806846487129552036065996
2634470825931362089785495514661189205868927268583455634915790383265935915226043
2497385204740734068125001325368655203705758393471445306939095710285588134697424
0121827329215495943052236591107600022881307050675244163502761669452116404009769
6291071911336931729522145178898428869091280513069059705359172257064788278700326
3107159754042303527246801055007185992063845989610471171477502139823024950101106
51865506351886787600103680118135852308847980321809719636135033666412585
#---------------------------------------------------------------------------
Euler(970)
-461399695233471494525928653741292245922751995670040827916874819341466193154785
0253626975373767804819372201802909184591059999898931765123387636154417390873954
8164107426831094425402334704611169175203389981572138150191546930921171394498063
9433232121890555227111809145883550929164607521125385723488391042675459125086379
2790063594373189802717048878814354138391117730595257271323834460534659460634051
1622685706427101034309080489276298014715304984544483508842639617919976204019124
6676490109324267263391922807292617641467501016887950952801911163101751831679006
0495867374842778397981787380644198454905979712551398251478356109509567987609281
9942553344821619323829356906861591998212986244662142884042996020272502252162257
2978108714451985777836196059541257860170474701490949722931494506131228080640133
4350776231494491086314106819700037398121385614668887498400554366689972568011642
4809622402135742074065534134924037924304950793082962549946893997915082084271624
8602706651005745524669229501022555019227666929372379158518605263798342858562754
4796184893514336722902170133396274980328200077495537707351843024542413615242273
5130255734227280154157133308829283567932097262278986891918921273454230133973276
7093561453411865095477608075550684235669805543281430737386984833868372825576067
6564937596383256975600067991240496841853008693677559765516481899598973451631961
2718024768314468843096293882264442472933605224392285376759733996099839112579075
4400061037093999083138203011063117168247704059950147263932874215677199569180189
0563137855678788878888728965524823718133036839430125561866468673185832007810627
2808593335238152970095059268432567749883863077386939444579882514170375275434575
7938818420758109808493342441158484417105883262164084431881974571725312184201037
0259108489070709512108180122660089396996043014780930775888088126273143740320486
2241891251012206746623095589845595779130269015836914300504385196762211933233409
4630037883834594433445515759133677333671175544309373286597269145679722584794718
4650696139919000302177075083280623239156426996485211543946437293975106701380615
6866357210812612968200362835844089387204400979389192255675468675376799671880335
9128595882846994452788337414451048506898297271307875887187299438547368757347626
55927616769703846295121717970507854338013647097588834147162155852968058400921
#---------------------------------------------------------------------------
Euler(972)
1764911951727782106602121602224619919665541639343714914411055999018849687023205
7690916953644665335150170088723429990386691715206252220346307639779724334984092
7562304903517291844682320622073137995944073170560849326323116841748847496380262
2659205209071993845539459632353360878469844797363874315789048901058890087249404
6707559129226638521353742491888324237073562062344701774025055203983701602848599
8684938447740190378511809984609702774636983226923858517520503674958979624045026
8196243006051604140339629382133587531530076080103848121041381029802658171735430
7360710238140997974234356748102424814737097869131773442855392516684796637880878
8076463027499352492060283581667789424139314038965349384454418503779234421822455
8065185815857363847396741981185227663176261175122025406092926880184303386611113
7373425117419153990036763185443843608460520631478484369387544501755222238327752
6759436447462446911020974018868731376434081084087082702058159949845074282429373
3359273337933047720292098689850147294211409606384207230324264782790496837864888
7857354575499448139987356208269859358633300100117226040786557237706043282335908
1957937371734979370613705217299649531504835028361587668731103380614350402419723
6099527227092796949048331759450284059867013045850322332673634933651331066675902
4219056344380080236672723542989968449981253652693774658713227734594559197007205
8258397266939401878044312839607092256275386943586090662547102012655874946579092
7196850269572834775993847518178833038131361851240076024984788326075003672217850
1471926445177889587172036472355839642599467348678197064619068057210188378134672
1649504735207325415054467382016290678228026781868958648804290649186584774199908
0687111703129969121264694522825592822472751818633576616451505328993717692974083
5319656414561067824895430401045453291369368320250158997422959069706467850795359
6150579551232394099758646071079982433044489242324831527825964647701196125895362
9038061478281859118230002081907378170733660961700396001196148422880462453710829
8521422215452468336179659288715739839650570331332081351153155120315575300123901
7296092662168130601512030733914533375615497478181098903534284078628832303559412
6550729333517648700433039585224103795910397268538824505799966685202681970420262
2515076254844294054662479057188154937980105023834139975777882785141719438892473
965
#---------------------------------------------------------------------------
Euler(974)
-677883537577943038703519725642511068688188768945171418739236581804901564883532
8322672455858080635977958926655969795431500559334226942247178326980687477572426
8629072486771849117959700450018213647320343429118621781596468719995426959514820
2762636167241412716033712388363390965050051612549323082855632888932771861676358
2403871600891540577706458574701961166405518830778629388776980385715233957289613
8914172658388116434245939057997053514225343198214411222884459674403527196835024
6496325245664614845419848097518997112379811295191476935464672144801891794963591
9205377726695787390099958648800630443038564532193007714913835864839887428653823
7399436051243516311278195103970288511728688808443777445028060819240201271416760
6316165772136906168891930221458923908053775155683726970410502643649902277777853
5022293702499970351862641285268882628592142145032001500226082016726605543316215
2264025469331330323868352365548741848980523418808084346674816345632900270185656
3669553600519510719469376817257523742030287100440846903655928684282746088281235
8052067884018785817970345835972298897188423564692856929360683196805626838943142
0814947331584095208236980188591030409378947188788520028244910200347665259960201
7195979613815419704064873312953241508058286350130753372778608720668197779689824
3996310288754432270660606341286381373305096840656145948760967803539978559521280
2494811400440384331285876226316566665792896828515755317303776435468549650328418
1254861653108432618438987166119211669007172670790134754941760745249363222447655
2428854580996829661672911609038276708339433352031126055489774580126202438507399
7521558445388208464568063311241550408514008672741230452220542527481596720549021
