957949970221046598403955599465566145159278163567095077834310542564118637666076
750421907025759632090758624761798851614156748826764915735979610722488101929021
803922127120582742168903077583836847855192717512107745365125837258987816917502
595643019488078380152463748952783653722666424149083558249856767074986091978110
605470212740004290703077026290555218303056632989875223983096069191792830829705
908193947354376065120480530813295232333109008253629802788469582958024441618660
094587060740017377077401428686437847040737289260541053812435033355544727938986
771084445173360426825407069405597170212900344181857178951975495951887294433168
427493349435579558639759546209273950639596930189685785145394077117780599402967
844734756352838472606231108370032687418394854090120530146241834611764489713796
967322535123561240852924790775244266390855357404161728601946760801495188176247
797574563814345151271759176484660020204755296850381008537107905649741739561088
258149517740577689229546758260247677668162594490080930185220441858092273876575
517146269039097733383792524937710827023163668130626542601984061763846591511992
839569129561133669676775773508418910401973548799065518813896790350337527756435
120292963480448057339172809606719249769915769738080036091451090557272730617025
592470133291751011806684520442936173372182866554586660853353245983309545732778
178610998739453554092244025026335439663221877160054661450277174872839659637973
716613833216087894419328646883968047383933288123660415019297611109798381441134
959402499794574016442988189818053397521840449552340603228211674729707093391061
639113952615251043239818766661577618190765643903802136005086582400286060670339
710353651353522016313473599961308085098726867173409993340007055655293708293523
470789463752956692665137584995843022537429408369515122834586612253713516801766
625426995476489625273097449982000008590144589617348659934593895022107015680487
007123032345276678511830876133529843954825671120424366159274887013245227690093
981194150771546038070066054905786055326787383062459026502655424670762730284588
885065803446521716119220007159569407388547215906493873239358632842247815318067
965084047266589516452717988158008478930788286649414081575028540608200317093156
406440600461377450103891646866993469660258951719982403044181339345296374215493
450447667280815491154366278293942655621081794752891743376508194618136413641433
293538985303299928237519682864985809042761604360781017743386871545100655288482
996500185351352143812655603345362886286272438120366087191027771933014596014374
992885878227433683956355563786616045613636614144343426301224594926099689211712
096081814959162842413575083044918250591010692493554035362282721582608107275510
404550064233629488345868674662906255239143010897032740685648879443077796021190
967968064306491289370232895033803768797751708681977865497943746857144522579510
653158663741849065296871316558279023179060286380226110808129934422436050924315
810289072696840109376968017501481328433078709191158762067439012712679940392275
575570377148938530605120413155304643229755170674627695625293828619225710514110
420281825888075933029824609323496696370367899529099971556259191516069341914666
677824335052394107226018254781952852249190664835882360150648420095818243134466
352185074925461010513688489535108174102055468042065714616904196926566572115250
563483447884875555294186061464798267874867857258022218201225518867760608036962
977103791034615444216922431203835396460254424205273142014479977804988513175498
623959140343243397832761876154990337576763331735936159950725792614973035159817
969850736603835443272553912456780545825633701092431800691072332582570938143733
652249160291657004246202984069725644550933651293271856257136793017180246142455
718723802452641182653920838483920045494326519776836884022173236226521177438006
358270664642462201228471620530110783551352463186660158673564283978053815462764
166045745798272957344592269261181858059729014702095248832620736536816812379114
704928555744613117395524195092089512822958804186470108868569782990226272226960
002434633995500974518476044049072119320784827058809214031686503849663405004446
307741862363814603128962039612874649741964554442307683690068073691561037270522
371838528536507746430538125155075272905337059041117094119187091136806927563041
520384120303636854062668068536358783076702547365588565449741522573799786633065
828931032546032463471081794169956823115800789831660298774122459530951811347723
934970157179238805361908538810237713317462803522431612431053437458310690886967
034894951565928693453276589536521893995054200087997669839538998386198670225725
561789713018226677962121934171809282952685446295717688136153356279212814889174
729602760642213500774694810104407362359750448826514650364092307598967733504136
386269681931575078113240881744965206841229741664969940494735425814813217000427
111207511234024722707896464872981746672859714137159159397714263190262515578532
744535885276688196718724458200937542060017696331357031931269649402956130897329
958043953107746621471945012694538104727912091226699673653674592177231335591187
290011829808649601301437497318892658505743376250127030520861707777495959473888
160192533189434162466336000910262221001446014971676670287845694593987019382555
002410592273724632065030560084614437179914480802568127477917850566851026010004
935333144992571423565698759721255128464469703350554457486085279182162324219005
732346409932022186118672987039007969185586939443182377126135940981076406145141
759762325844476765635519872444331863688101567863388246363924540468064906881315
531066550670346467839281150147387974064783592439599557119022626256844799535547
571899915462792235928622629261923955446638197791698276372150519096191163840882
034404921051839397501044177222884415487989463685820522360405152565729893329758
140291210103586043748609526399305953177000125704721173425822380985865194040452
269028432870618284254713449811400592487575459152386390721059089527802213235374
826865790675352654276778617719030594112769874794603171080230234487841537814307
389036308236647088043745570306380921533875526238955113033800043772855300915051
381341143871412840869573751929473696950590935753588402630161972520728124470834
801629821028017027383864607035807681464428865310302900020640729964739211679980
347264854022534010264024415915824424239851719333056134719137552230999557480852
173850471806384456384721268470174779453690837564121133322917059165925084932893
459547551908333991430446040817896126114623356442743809518327373883692467188554
941748455656128330939217606710798463983535751700843941263557616005321341860456
401558034234902101125364499416150041976665956047193404539576608266951899219928
328393526017331725574960436587377871428825317744247462987004040775020062319969
898768364994225577226253389316433231914384161503133450015653062214527125320456
699924123129747706537161361778376936812354851894170785809068838034209083148334
192420071957580454036002809200071565377996275522555449563013825981447337892324
940534988124179824251161310851915426458819254702067800672647441214839382876136
796792375701282685459604834815857272909259448342138924729534607829306092556175
421565097036743826668913339874554122976930429834159417003108887608878034367748
607709712237044154264821034819046671679468247755806840083073006761691646769659
652800289328649414773931347442570594516079910047707538515838838247816228953491
675697085510696115035911182236694427029952663760507929760634544296065097231381
848572745042140260620402524192937407934166827101642779007218317011640350607808
382511813960334038432959839567751094221813113198269668013009268019330100257555
980133429157349070876421617886481297373986764966156676197152878281886489447692
457398325297311365894269892954091706541365043326912672520948701955139644776121
878063251121257939343842787129425426932067156566293385273736820490263092129680
266680566970024813897135722971661163336702856469339228322058557969002618570817
147148216872402347695997814704040267117485649795768193271580038025029145437389
150821013366048425055030163193771403490408275594957185329746417022102416413066
863566828207255760727603110313604155366356922597155233718457746415233337084800
175892557185635777131829278135954731839680899440430076116277276787535836481556
421724164276730321038512888075462873203470002409759301693639075624020920272432
002948952783517941446961177765869298607099948214305396022409526393980740748344
062602546921847595875294571234150059476987868126908563468867721423472391967694
340037369946842631831079667909085889566693065558147507438399995752538978806117
845267158969802998956981590170477140789448871485391845449626834232594075847856
888768235010230171721641846901602884050928647400387311413601877797279933864246
851642684322101253658884827505340805870967977413412935784042188026981623120612
925670380920851918842909813826484988889868960468911327120399967981401606333152
024014866048899567411239597560570537402688148745007893410993827889414507873816
304136076799834624279012245822676149364160091543283357209582501704172754166633
425456525703597262768582338638976617681754186231451775320154674345646439238820
080077982184968806477747850437290780698435934935942135855402552398548788375841
174664406321376707497727290409832641297160621614849596974696403078135026378029
291912631052954785106391806378802298618469909173868412439504635309574299444622
491871398290534506828424382061646075096192592955865723811137141204258241140053
714402782066299991186246266121553421854040891826517316724616465449853334150178
043791797230221567189529967174565454740361037876217534891689124168145665973549
255292069232467227360884432976339551266858525069851905730848325775116641199183
696323943527667881397938649296393564216991642397133898115423448198716993158355
788558786909835612722768470419853189811380795490912183058868104915029596636368
467363899589363442598604858551314541320073967652772067898708254369255466536559
936543362784121966031230503976541388248337808888976781308903920012913305330723
426159604387506594249747108958102692484970469248465984571553493563824830369994
104631474584780009207297662843902401190787388187496577001295688174913761989887
922873472445683352799758118529546673773000406608697189754024890919584759011431
221293484218561695622416015415108423513350573995557194094421099551691935110676
205713493506885405314839284784322860111647395294233343345508641634843900437625
844323828337469120917588252839417433633700233266195677441687159342480393272211
916163029417763274918559080677448267897801899300106413221311421566062370137145
849602590734472149772442775980381491739073479773939680974458093537872917101118
719768768877790499139836363310797200323899533646407645353258171833097152679201
823720479420434735511529309381455859778193392605138931954868207414873584195504
961169163231508693457288665048576343038587258774118003458298994295459424680734
798710279822921515961282144413348920251555428834437674900843769381482088400818
313816030469719399370894735981285349439336620427233898434294268664109829049137
345864854218183871476959504322402857987537785430170989119209124618241841301856
771324665992965766769261798732324935415422575296717686321592567147095841745699
452620657171058455423876728654391525587775523895691130074577378230744422493645
667723271474547087156111428974504620348393070580074515205136585888268980820856
530536705546124563933377442108190151497127111149347125733339158497727349387484
689267629688642716888309991792067011413097728281821653221489943071700052184609
728880650688830166082977642723866516364468945779531664894454140262286533239032
749908199982708721765597987710278171394946017483441936880405851122326209863430
164077252570299458215488322487366432218488528115619494983364166598251431855161
646044893618220052265976295603184341617835359740451325069601766768963378265065
356162150598641262557705482655778665492392030413446524986355619439145032520941
062475401488382581249973346112951084471057619946049248932203407255123937650633
059467540695593655578121047650751224980835692233717378650123791658935416929796
427559639910649119774414560898139850689301135146869154559486094263105757431011
778346437930945737407271826166908996496180705491228946276421559651530164826471
985447863472231791214082711540384262862073128106886733519434357169975748569929
597669984220074006843877447985034990173894067437305144345222034173319748101641
890098611020646519795421489252700651068426306406265624118806720722944159592105
784530871171550400676059162845679832544251168346335791948974503056686813851041
675488699686873002548608353766907230251981901394829801375095880057964584731469
541354436215541220965795435889851188937663661213125810821218601701068866601870
901319452815849492093391113349884140926976714084787093081352733210895805712187
851832405626752868457061102881382505948105665936051849103047084860909804554247
120682098419004674655311202574083944302466187108874548155433005462390344920832
724610835957359322492070782028439936230179700805302539740819588849491218727480
637606550383990754486970848049786725984737772821360946102549252206436696480137
892742781932808549919423558493223058130723323151578997606562067950522233264183
878689387774789667349581045722851680977405153591750351275726472246860071552204
754634405242174214786633459988509860035451448547425167063010489508094101012943
371898436314165342763462443096049271199337736397567168138657289968286560040178
767443632333227264709701548859295308011872300180506355498100362364814339663102
996874178326626515476049220004460394492241395479022095637920712660907164774396
910896195744006925405267736635526713090218488688455517077493124475721352365140
636507549618240196654642723955703888144219896553071584418594311103068069493947
776057940042108612268700866936835409300998929169330839654495627113721131185245
058773963935322288456887888684040900708930989474440724615175552851468818576880
324392158575624790829559497494404375588143665398585222899432688450251613548380
252334112060487428005495152656734436258708545124245432914886528954679776469442
963178304332930830283063355062850030521764992494571442897214248821924469085333
425028033797620649274488317994454309855005085961393862408772071745133345116442
404220703380999750347485691512268765773504222041752658368395301318438480931069
581399906265098263166297824086223264479179153887320455887370211409399822243740
400239537670682400953526992192855010717604665536221558197801094268526875964478
025176117051480258874259025934388258891171826110162563692975365173301145005723
559023589977808649814526003595832867671914777852030614397706149518178574679759
888440680744878062492262538218564592127798938990859636797817189366307849585181
591034861607952098457390233199044417052217257704610728300579250526458297641817
127271469973785487995224266178411281368956385124064256516462389419515481611583
820451593857744945615863531742102800827178269599330237722702014256652083163491
709316703094813287154819422213010157851818096482450610562115271168853715128729
648187176111220982242991313875708525768076428349711026619688770913098439675108
020264048737470793679272213746010810829340947233327707874592155328062333601829
023436833163506317299957596201011627787165976906376990584295254344846716684843
168462723505789436772625776020255523468170123389749100734904723634422707110404
557965029985971618954496221927014527880926387171555597468259834897015740944904
240556191668433522674968615674762870686385061311859042139991854821811354090137
305948311907779034514153869393126486886084871975901689421908875979380629290467
733343030047967590956609873075285257412816221521557865793230586654941617577969
923285772309645134294045546784832198437445402253706935759095720584064912215724
196395984451493393971574759428133570034267946686550799830410199204991432445561
632082041921037129529276237992640690303326708100595068218234301415380542397256
837554973524986578101580521247815283772426222590354401143527457349171387477719
632500835037198707915144887856524237967686395676342522947243766134959499027844
634761008462223274121246694850402507847675508022661650383991900348890091427677
452070817875036720595556607433912169360879258184528673735573007686103852417983
285558992849885208430011091999333432409532585514594817723070064543408342940612
862596939818697089181588809689678327801708883493531724722909688224160044603133
998134465615763941369915472319873839058793392574474097354531931383795800580010
685236930628536020274903760878817475554142019166835025317289656054362157658711
537107291334515714273842312704043559230105107789551660136781501107274479807013
802848539541831944255953344124440701374253988364169808038216117446445078590672
677529899631901887480926326229407056832094651935231699758038806936420062828740
993363857095856051355955116146243438466863773052116498021544021137088982203385
083579591531634262341152667145211968559019263111473084370085606208645070104373
911271625940407565832073719847692223231055150105974229225865884588273344338317
470784051550931126616466422194146420003174272579985185908403905110243331191576
229052873171103276281937590588454378971108201335618379881901264787495886421446
959446832888864806737179701677952872320912291882262976331506663321509226087627
735635903788173627705994821269743899814076332167716522130881828931202820058638
640081758253230967244890006958807660599840640597668730642624953471010630340626
137275390112133934837622843351885397447685330655275026274455601151598433560920
441580768061149087434900046345231617144440488738360946692463036377814224740195
249007390185018566641689008226832464810258225712050819348271480104927992365291
229335905758859717067290706109245860694460388019916982219341822937880509687017
530296362517946137707317073244115708601604006778693276639751219148408884627334
768165262911786448227609140073956359434939620239758578075022291951052267772340
140996798575495881010157618115674025198470148975859160699540967353310930274039
944227834385445066184990469217107173925090104932232196131804184349166888762117
155387031762864429123159959076891643204069272559247952803481975410797738774847
244465669338183073500688558330830006217156704743767253697899218897047784555557
874491968130949378996052466297050613743537875275073156665764633475582864993332
766549936245256151215311034046704437153132963054050319238459813514473610489377
273672721326106515657060504190482564946583116812707308948335705148860450853484
867205848437145149500673653891728243241791724085031704751438068097727570728488
495620197456945812261507454301086659865288248290495153361211896673589243255054
698846443496588718978063300036678610683034246582890720814473548413490608997901
592964239506992473651009762953406146946530883677588894992949192835401272042135
884999422995744318015300674100907376222187343316311506355914393528253533380076
995397220269907220663498237894068623425612769892282090266153581941955856765911
452498288804006868818102772617891226578168368396059131804544367747350133759681
735730902817147989927105476153773047132560675430791610600504244058455691149754
751127656110387054847881410110644439888636095674878946857427933790107646305522
640881043812419045917210958861597936484151464409955637432158037708408967577038
362830541842840706330996891285629339249878443667918423002354130552488906569606
619875601282596559537680167221729091902310207998773368330386746603618750545277
101569926106453935100099304657047845462021861798510941202858069597454050327653
939155705682586153329556569125547735788797058278322002985027295585402703141157
795969574006373633783497244442574398883826463905362668796237627740188160907957
686338824398518587078680376098188033641537246462809994562419556994378229606827
694778752476282379638275588183443412096174619025367375862949569282715556497742
543158157631760121185372836175293281416481911888038781439661535544109650774048
686267311744393315579599821165245780477034796049082397058026265365852934285906
018408829602242473067976539488157663472495164291352220047988290327146400370797
335435069102838694977832693690915239205399525030831835937583285519568284970367
560538167044901673209749081109597643945258552114830457870035128359297586259555
590759160195512020726006452955470312750496457416584242933792010782478779340281
678943186337303816520142992879255327132758135952312199790797897947465409252309
957654862942809713723647746521761090493177255321106816798831715488308572510275
217080396322739569024809687743790963694779172776753714260441133188160471374151
299942512937562242099980681226766804263008354662959462526960330259307566479780
587790166894875228728439793388906628292281756985617863609114053750155617224910
131965924940899989732962940593914397894265187070284266416219010514334772233109
333349475352682290887311224967175016900443992651119066634817682052274332808830
911287456508622759484439674757109320232134655745867873678084941752650851442497
961537527936409874736224635274257394757153268064697174463950322020168314877990
482732473593807682427087765467029058309790593253648487427458773229691136145938
274333688812940003080258161992911703012759728205938890737425121044189870756752
204773327943915056698700756386298237452659624360232003822063088771678115236610
552708036481294070432298935514982459171010854503275096546332913762694986422314
740568375266521651780255950409601866901261168091776286088759904811050115984739
414226791686304934792054294004686147180939124054921937739619977422177189743382
248538317458554037794538655720317599603811604411888349318896410257547056651238
971068622166768504794683773324190853619634646233020158451925490457491689279341
544564482379533788244370625122138244803502817630460701684192623897827429330547
638890901059526393993523795025186622714729196570871725534343825799507809690341
082868583818927782332659926908588543388209983953966413128545310951271325430625
700882835620037477026819056847842312016672211343295978058118188216370027082817
938718498677587866335054127768018182717783890040542084805738922096491724034550
747275706852832191711468899419220523468460528136018149019783711056958357451675
756607451935002483109083641781498383570119024674750133056657961234304414179207
352798609712741303364429215450681987972321036540089464107222575652357110835371
726377193900564289310998483053457307625869515863291562446424804150575744495553
904977164944901683129130574549883364335735624038361853482034648698008671487021
504412230214574543761956065678759074179038933978819042478672388656776522009033
065128298879190395438055179870204745482190143894723684253743714493859060641804
090718806400789818176332709385637086891894046259164137872911331413485869471408
647396937162793743146527312423165372974755224258789285399630801245630514960397
855615533983446113664596978898990906997042805688133074966830583900493016374027
149716162947952280734932494309678928823647483011287108007047462389105807059540
723403670461767610272000503521715187137016837762019142083860108384034232721217
506969746371660697031735075551334668645072331708035601791469149001926541286043
871985639829286579305066108096395626382848940117009195140493098729858819498554
262206736250760880819022778399978297991777247811436084300229345159016693543491
095478682436832209649586963933430276779418812569407450544900303647676090277793
196746714360798450888127846423192235657496825362872976602647855850879544158803
283250884026566264268461942677948585824203051093599066427438778008104059488946
433117684161153352002598709404822884325764949433720978564875243033542570237535
952714820589668293638721197143912170230832864089764909983452259611101899564750
841745787846034115234215638619812800179162666599311931174549581414376597303618
468383636428808012984388544403316482662275621814934140886433992862743861740029
716294754523287672616373689472347246766607917679786720419330204244722907464721
578591128125486540376521290183002357895176117029890826027624713199966701861064
044131453981787316214679404881276711981089386397982980766084217548825516973213
168924907212327876548341750533922541113893802094272044562848245219014784724710
188078432975507553338554047157443979532125071079176849748817922605547695341752
973529918179650916010260288819780763975475225326610946360256190304213063083568
641283589226815967246476615434845502347509810220800654980426421102176040156699
248283435076583623720050590626088018546061460277810314612425786159826344312811
250484344874540996582485729155302316142757974918124540285760561063054993414478
715927383079125596907746604287259943003022108993731326336443716959652594606506
600434821728070441530263728240527677877774751665421208314890621486031154834354
033951989774327091083946524468153463384000014211849544488804804426118902151920
722916299132329643587229090171747012061376584405713282466167439144112610407130
794938941480968513187039727944790676254239690738695523835130872559194217679401
322214170729697199281112815286304393005003470142243741306334335658420966434582
216148038938345776269584857082103832726269849899087491396910233145878937157151
564893392032599435250155554411902920672484526007894502255052928263488399260968
006054851910639079586178602292725549367234496543986998223638532954433963582810
057601061733677947750100039739473220991503385029247891219714707666536761092226
605307813037972575998448198127445292041373464408265280950542908040293716829380
687397692721773434378625240405853657228605437511845268751119551811892793228251
420395824084421814773292936371147234870676989437547194363645848754197257767440
436045473373906592320717446798988791563838154342018515750642328997199567828973
167646240533225343464826371801769230172527530452933302817181587278570962491803
696739334430085547907491506221919669272785231758121765264849730429057459104499
858125747944544598262698486620333624040658133936014142685853512912046297554147
224388337314479135783846269071123246330456626996747212650201491933721222791464
129773017511364185868895849844147003142053147137614684905593215457522802187654
370305468755376836594514929445156495703624015643858407434921042514391047014722
897831691800927242801928818099097211036030870197997989190555844418390598839925
205680199763820934659448625938384790718140430241622370729268036361692815775316
688303796875812747277686874360438190377343337854696806413885950599265332532622
151557027457551712849064209695358038550903334455718655909713836742079136695164
678250714489783106956654585086708120016502716056740514619376783790396004526125
980922789266431448400513715205130278653258483232376940220575478956173851468671
264852844112687628738217623252754348463013483914416310180151484634517214244219
113749116695867490591548558275135714386683093836764161218214466173810568268553
213092543139574476527217639285724226698306090381117418312510118972806656212328
971241548435125266059161960921840987416418547592195233609072347807261142968286
403506554480916830071306346943779066952249749202928890217153592836149264418486
784314238663677494818179124830538064016157347141612632459909902003534281249070
178412934552595655880190277044303165829446706230202112266324678632929638206782
810280573411755503616670430127046373667903720074455596113292462848592934307982
908529883700819000842120338859265885512522110429419220608654790805502340467361
131799259644705432355070133114723179525997664102357675079153829077985390280135
970319007062743917984134891999326881335247115366349033246069933650940990596575
729203989291580741130269430356425909378908211832210978672886167403116362374923
059912520265725819188196985857487033813000984586730176256451503143120872512121
540352841774733664488154548100501380795478047762929984798285787406527030860729
541710750808494549485724964914930891736278226327274051210784700008534225159332
853700808730825795465920599097734529588892599156988585883917296997835195742322
096193729860391714138228061625850323936029055221192086952332382391511552655295
662228643132268564814060035136525392928878382205910916832453459742614438518934
877492251223891394658143419137462358449249469994163094568531905686378551353844
525054850533775661284745034116123419780990134155750660682634637460114571217749
808456415095562080417355094464726528974565727674219963337407938919314635387292
674866525531812050813155317824361696515181268072912971041976785384926401918715
762894087113698842490475191052074483653510043455768263134924432191584408296864
716179072651638064193833143199026985495562665435596607895320377708495924811146
553209447836953008950725951094879011305974111678656230572509087629308178848108
123720813051847253555272146301482252996836370639345990764973619897007592149632
907106451973230623537280458446873505807372541703333101106785863378004998780401
622367703895881824084449430359529662377541159559706635658228470931831205819453
373218960235648306619749427093686576512148828731791977912343342276818267360047
712954300065708607375655616762302720955104540902889146323433695774064992356848
025998414134810021693439053841850038005362892093355158310937613740940828311090
071928199646100233290040323310658180242662137846406653936952940546975473439730
434328290482129356847795546408128018918222249744976977048740791293496148521909
689593143436716611440545204108546936819817695452900874378212984527551029478975
068537897328148303341224699778068596967993703065303819398150522056123742383109
944018654360890358242123021692777972222726915370928326877837990850242843046879
487978982804464715371589895627153597077735288155433701630864372189951632841057
922383657952214142511340635616798554628784813622567381601443610981781144942890
530885355242562553369215393570740274168636653146113924063166031232267273424077
138225809974086522747322626514046294990407663787995839398725083351467848592773
449783260371028203508083486617701664212665887655150115452666655789693045456062
648226559214999349757724089709815813849898381453053897275042001688438814822106
812586600442703403929786376156665973256905177748237917239693533683883084826206
514945968153536636668339965186023883846342423395666385673881588441840712518906
755144126847184931987698217344951543299674179731163930253041808893466450125354
515889771986052295585924401421755701269402704807469462027506991768039738004333
299513436355072381779981016293069749685731638791406872166955627699543904956153
008362896153569385583783800350387773021240322461184741802808501817963782729706
563517379177432080052364392250284479082975666744485803333844763533606569506131
667938152282867960207375010415840117282088240331700080197483615348813786411259
288102024013140607357221196664769857995969789685867882533058106348183710541954
670593583725161441996800316249108983053436834326139617117560762256125862911707
677869132997703443437054487514387903640245560335202057700845240131119182652241
496901833560538531175821572346236527088122590715762718455001018555462903020091
982583143884080790117384192210337941191731801332000020317306442918907190122598
356702587609632478886752951825249702389270498332852872112889100687401505363362
341380368600508711370499721973281171324165645192995562707704307299534893837306
654476511711915244654122450309055103667494904898760765838384477248088131969496
809318034454175151365075261271747341154828495087153070912776520187889043207434
273499825084383915859866473361356118403923172235133579690573057808737414408658
192725505060374168641605609779825942444188557763712137443698931245731406286998
117795937355161470065867606365387545938647303371518904160735676463906808262169
205392042823646611569506059041303489303939805312483865466652753653532839538038
077257464894526303673001705469321595404343021446233930287284965902285658532212
395148134187777377236922706702808402200118316508916187346570137116356447534291
044714366130514879159354253659790705612980286722167653551202996633495041859067
244429328491919800929889418173542672577865245876250393344149701547262464995248
695089088461832055934038247496156386332632579117513518731315790040844308937112
280109616769077507582890083201210718723275313562652892923361383117127951871604
224972692248221280130046544671647063629765683993795491380142196941199419486932
787121295119981567331790189560536897260350425443278236959080776539940475075672
374678458574950752094941485476905357795742818996517670197340949197807501144454
572715052194947225346931525982312375911187033738389841528678983521203565393773
145955435262100538981654881169652245865315064239415786139545573125294975645339
878004496410515819914782320925875856154583300069089890184971831518959725933654
398841107421677824106051453314439447669696867194622747274026771709397286796677
847964731240978800281435778997438157313706286788013271254271070067293279481793
676222615945335235051148181529669840523788399902392798265457540486189117957795
852846011691833895065360027106987354163029844640205801366784979100109544374822
285181815797693755747653466737770291185627626590073503371821774311548489612616
174618944457793148139994447407680669523498774290370492380874822420413126230136
382039888787324858650438501591103187022031228721315721247349642931501680461286
441304551739721739870312975493205825538249591557606442209187772047569384781795
159944692261549869265667792107760407601102053955946025804806078397689009932176
651488555192168510790099381589719622772476268807769136317261030144598894558654
839633735208545164440112539566687689895432907248966325772692833389851116826763
042473687421347891822568585197632877244377223943184809149601030386208068952582
564086505382606764873073898475566052452799136367873930387094776628996825621869
013699649878420012934536435670280746406000750587775818389001214892501183820165
664085829624227408384724378269809692246188784373175806251369497523222283573254
334814445506106691364276407177013488802468571390926058083790364334511264652084
702927520733807096610693747817632133385786887691688410556968550961624785536174
409808461600567171597039316162634672994438528462213751913088741497065178788127
342160356884694734565315371432274360291836711536807628430929331912805926543474
259401961598585106732161170840882920048291474582503690700500228765941650332024
184084645170505291067394339024937084458925540031950729026411037814422242663001
