3839468673 7163244650 0669475670 5315994726 8781125617
0460064074 4455807429 0199970126 2105369442 8071409221
6615182130 7934869897 2837001195 2930810736 6672854879
8578714822 3531687967 4787357526 6193854236 2400071391
1305675550 3388529014 2377185416 4892294155 6716384588
6141110633 3383120411 0852764582 8402610255 5584547225
9375961872 3463643099 3963801234 4489255652 9898272029
9003678439 1510418687 4958244295 4626212615 5525198674
5094446529 0221964963 2955400007 0385210563 2196765824
8422650733 1253620546 2602686845 2266096888 0438380474
3726232331 6166601591 2793688199 5940502571 9999329176
7339310271 0012595360 9469437966 3859680832 6643193164
9658496339 7729194414 5183731667 5736885364 5182023023



8148263770 6530113911 2891369134 6249132791 2603253534
5919916323 4527758142 4766602795 4795407043 3050957305
8571051219 8291209443 1653359432 4084681380 7488753872
9708537544 1682806609 8849350666 9963728979 4431656792
6876367066 0592266495 5035210430 8343571403 3518387756
1742096308 6662250481 5251137848 5882570025 0405158386
1836164507 6359197566 4564712150 6198985206 2746107207
7885340900 8974133378 8845290560 6432467837 2378442381
1624539607 8973114333 3706096052 5973019965 0937439545
6246686628 1243275277 8817857645 0978686549 1389233961
4539387201 6099547277 3168875997 3321677118 4419958948
4861426103 8915187575 3635313900 8447216715 9313610565
9055230688 2270163900 6046465423 7193404309 8508250773
5015485199 3174718357 3730449150 6949757248 0079084269
3598291438 3093138985 5487549423 2274494916 2792191174
4168176225 8515329230 9062702886 2627327172 7137367472
8853638621 2322152156 5981401434 6174420864 1223824870
1842176211 3798480012 8918461150 2913407235 1040099682
8163551558 8496259347 0228424529 6564463145 8122087796
4148139740 5213189828 7854284269 6578224348 9218621245



3402142291 8738248798 3128365520 8388110223 5045871328
9651197529 7239395600 1142529640 2196067696 7957581479
3597999314 1849812041 1115428221 6513239255 9070987481
6323371019 1611397919 8131133436 2875608519 1368235626
3775811195 2015928301 0980245617 0110222573 6721118075
3783939970 5619783478 5899801039 5864273294 6843133101
0946879646 3429787772 2682194448 0569992455 3685460167
5335399408 6181176225 9294277647 1534124000 0276901027
4117619239 9224871721 2932198828 2132145815 5833081032
7676656821 5762232861 0235788886 6495575706 5519767142
3095042057 6201061600 9270364200 2340450972 0835648577
1816682415 1192694485 0681518629 3519056117 1280365926
7821369850 7508774982 2073193348 6197900725 8977582664
1428063197 5955986314 5370970654 7766476800 7258785006
3099401087 8945547097 2063803894 8369303697 0026974582
9254188935 6827697675 9232867767 1016980350 9732769360
2728831210 3987040472 9507335731 7572232713 9128868230
8969775881 2579145493 7934298535 9447300616 5593150559
0245069290 1802949396 5319372764 1307597943 5030186195
1828494006 8279455659 2773381062 1490164498 8342847501



5304083572 1432245892 6520002752 1484688613 5202683202
0123565045 1901911872 3235591670 3723297903 4597875506
9469277215 7114718237 9966807463 9072294512 2990853465
3261746797 3382168394 0916461117 6212107568 2647338261
4614878022 1208854610 9416072495 0146164718 0175574523
1575725649 1655201696 4627970618 3473704619 6119470719
3166112753 7770751989 4464868916 1124640677 9934062221
9650686591 3705310362 3391875928 1965741610 7839829879
5138647707 4064514224 4930292524 0762368664 3359498661
1393309682 0043150156 1171744028 4570589293 4250488997
2302803590 2438855797 1513154588 3284619046 6314888130
0544616501 0619163392 5396324995 6689188558 1207683296
1375023195 4026330963 0469405124 7986849565 8727645287
6970991565 7361774733 9190531248 6844946258 7226912095
5020707217 0716218796 7918776070 5580481015 1922950743
2633782002 7918311553 6826437678 8757991198 1167968873
9631778145 2995442566 5773092756 7143291248 4702302278
6475224533 5402514079 0949182546 2535291014 3935228966
6482429845 5993425575 5917775857 5824235233 8973747484
4633400472 5931357292 6244839848 7770176548 1318806697



0615022889 3096106568 8203005792 8247768456 5057591640
1812945586 9688032645 8117051128 8126050608 2220110294
8137886762 3478883248 2528250394 6688656047 9147243495
9362408575 3393149412 8559506580 2576280008 9063568814
9232095192 1640031880 9729991980 2546703286 3218567448
7704766797 4008052444 9412301925 7706168607 9333377261
6679523723 1022560304 5607349457 2063560313 1707037596
2721464901 9425087954 2596683656 7349678477 9640178627
7500941708 3925965179 2113718885 0269605808 5928715465
6418538911 5112448280 9575136933 2743829787 8402591292
4252701523 8018394282 7764230778 6599800714 9900112718
6267256977 9749355858 5882762078 4419210115 0122755574
1779763862 7058527065 4598893783 3296495187 7011526441
4216448752 0863294241 0854193186 1114096827 6285129014
3784802343 9124804724 6668281527 7274311548 9646255670
8029122941 0470366544 1279619458 7245160059 1100008959
9347648268 5734682460 4969511368 0191131432 1302307246
6341637342 5090192136 1990587934 8610301168 4913670312
5159321122 3143289163 2315514863 9038920490 7304675379
0603338481 4622379047 6336372022 3176833541 1432973333



1141893942 4737931987 5513336595 1923692060 5564181536
2927457172 4953820445 7474709743 3811199825 2069390559
2573907077 7436069154 4834954645 4394555065 1751304659
3883516308 4824746341 0990519949 6236797103 5899271356
2010978505 6162499523 1890502155 8146844677 2463615546
9783168324 8275696313 5717558314 7078970917 2877833718
0485198954 5984382859 6699776869 2505943828 0995311638
0964438179 9776035011 3087073944 8519285162 5490589031
1087233296 3148825592 0742740143 4402388147 1254559590
7001193665 4709673891 2587270273 5685273077 7519396886
2038706430 5373419963 6785940852 1578977244 3560955383
2097371222 3499363623 4092989901 2531960339 9472142957
8747514768 5543217321 6712746227 6803323300 0563823270
7227545294 9421725751 9412510539 1672186433 5859445349
2687692208 2387331430 0392613546 6300572963 6733155649
0979598048 9924726693 8645643746 2022496833 8000050557
8982685667 6967114280 1876726217 7865576649 1577003524
6110093279 4682563677 1615396243 7927712948 3813797234
4729096852 2053123318 2015789584 4795748404 9665426250
2039567468 2354733532 5896674648 2118862207 7302441641



3964005743 9589934451 2407081002 3107666728 3429860057
5549363747 4986490855 5630488045 7349808974 5784926319
7751447359 5857773563 0772546785 2982333254 6870200957
1974896190 0232497446 8772535045 3317273092 4230889057
8830620727 2855498567 4679048486 1180492665 3657381113
0031825472 9987787422 6322450523 5417218301 3256341795
4396498386 7938294564 1196752277 2180797079 5055644450
8380435789 2004410159 9100871056 2086545753 5861988133
7544255212 7302894241 6530758030 3308079636 0397960666
4242815793 2448605287 2495607487 4090361813 6406243020
1765226239 5586836828 9209627492 4609118894 2919022126
9876819746 1064344788 9946335490 4936758430 4851434998
0646095449 6732887730 0152215440 2956812345 3448946932
5923497985 5786079219 3479042487 3864420679 2284192513
2730049639 0538838157 9374791162 9959337347 1044258657
3721918359 1342311892 4681215100 5641755378 3567312752
7720339420 8457733093 2293933774 1474629120 4143364237
5845322780 0104181991 7548416469 0798896663 8034903140
4208579751 2767023436 9730901782 0412023120 1633237068
1609809619 3762383531 6642814678 0856607220 8949378140



5850826582 5612064156 6908039133 0145037873 7470086191
6342078689 6584131327 3363314363 3823725986 9247856701
0819887206 1494310116 0093264302 0534519436 6867309888
9365873618 5274628304 6848650865 8931662844 1742815813
4399120583 4318479331 4382513612 5768653093 7757477371
9660808241 3879789095 6863192427 8782136534 1453517151
2012415632 1455772612 5717115423 7575230435 6111855891
9663144423 0869366705 1199138153 4032262106 2159439742
7120765465 2317651989 6642447526 2047151909 6989174455
1184374331 2560411206 0004810628 3417744951 8999061022
1341264453 4006534857 6158006336 4046688273 9220226192
1447571115 9414547570 5652435388 6708217499 5562889089
0167708239 7310205194 8388718354 9834328808 8860711036
1769033231 0781379630 5572738981 1291277038 6827993216
5904053146 8963259863 9194291520 7644121837 4053356689
5819942652 0915206072 2347870111 5078494599 2637942582
7381004560 9373403738 4700526043 2400476515 1033974426
2915897859 4216190276 5461243710 0731415331 3395606701
2099235705 5893555586 4373324662 3936827338 1376660988
5613860817 5608552575 1881822982 3656205930 3984802684



6892564831 5727203819 6342750244 9053813871 2272836538
1381741189 0381862937 0668796552 7401835160 1106777215
4427487631 8669385166 5268919096 6932412414 5765251754
7713861679 0707468769 0502863083 6414931896 5595623542
7862455158 7599337404 8688880593 6350947640 4640422669
0237394346 9381319809 4553983059 6379527850 0402818801
7151896873 1583106825 4147354750 4832093766 8798878682
0162497720 7965462296 5998697092 8634442711 8784043263
4846582416 7244160379 0048629063 3522739626 3264368969
5218637458 5547737927 7081083209 9800656037 8549786179
2816823801 8443737773 9659675829 1322060125 5392869706
1311830757 4973649821 0147313999 5137801195 8363046578
4586218819 4414978493 7009840275 6006854980 2633573502
7690350133 4915999410 6340615470 7873329060 3707231161
2403418705 5078837900 0898176947 0259740812 6366340233
2052347594 9462864772 0279625211 3686448377 8421277547
0890607510 2553014546 4807254596 2761137431 6793083227
1444495182 5155320253 0688993058 5319483180 6190976281
8016677230 3612166067 8136951717 6487597906 4176720782
7490044745 6671143903 0261848117 0988221888 9166496393



8685131934 6911259894 9862477341 9222103929 3185653734
6282447189 8957875867 9611281511 0996593701 0037834603
6699083660 5499539314 2099942349 2601951720 0560034985
9404096353 9910547277 3946979904 1357870226 3206920254
5498416572 6774279463 9612974391 3685217948 5034061807
7285098742 8122769011 4136816402 8467528875 4276648347
1728545123 8985915716 0621106210 3861150414 5324978791
3012138068 8937808878 5741135694 0236010861 1727474907
6863458679 6259736100 1991170298 6963967536 0563303585
9850590240 4485705231 4430822798 5585804210 6676069784
6685856139 9205325248 7035554585 3701010773 5008864951
9635411914 5399547557 0655262775 8435765745 8461258415
6310747495 3677019045 0884604517 8961035630 0964498325
6798030526 3711009034 8336832738 0092585578 3963976978
8757455040 9776166609 9027954291 8858930891 7950986812
3115630538 9211681423 3795813108 2941913018 5387664983
8432666048 9096880186 0786989969 4639519523 5541223544
4495109149 0427932659 3168916538 4524647612 1029773238
0494910269 7206319731 4457687223 0188864547 2310352033
6088032734 5189251460 4283782723 5737381379 9044513964



6145877241 5780099182 9452769114 8925644955 4457820811
2585497462 9912272326 4649039750 7964230600 2619452609
8123860389 4172852569 7644742742 9289378164 4102259782
7808080938 1188489828 6656450750 4699035503 6823640457
0287861926 4007846083 1062566896 7210515107 8759980626
0533102100 1223580899 0878645255 2773927454 4838949424
6097730976 8103288181 0483775584 9053575436 9854782487
2097962396 0285646337 0367224447 2560265313 9281324322
6027749446 0178011800 6435380465 6177241828 8441537932
7973303165 6426254964 4575247852 2515140333 2921802994
3636689200 4502808793 0145836265 5927453036 9320858199
2368582405 8244928679 7047004892 9341036743 2496807871
6780528715 5715269795 3873176161 3935613259 3003098518
7458526074 6042807145 3029533444 2483635278 6309151458
1116770338 4349810903 4713808687 9895128909 2704710360
3336771077 8140834844 6246860614 7254988365 4767143507
8971650144 5276993860 0227922887 3124616118 8868651454
8757124587 5831948668 1960713512 9780973428 9009348299
6091613721 7184080568 8912848320 3073780439 9029801197
7674459526 0872450178 7884827582 2031416079 6646845338



4013730036 3393522391 3261746422 8397146920 1272934108
0322401486 2978907413 5636204355 1958301512 4060878235
7990545993 7055983399 6396427254 2888444321 9350837396
0444126803 4988549867 8014241201 3984799469 4742672513
4575043284 1611528318 9343362578 2555576248 6044698920
8108295158 1213080747 2484883173 7971440657 5523709296
2046872292 2975057390 4325529358 4811980266 3290934039
8949735809 2902735650 2652096862 8278766926 5416618779
3651464999 6335189185 9198281123 7177058085 1290889147
9895022969 8022775369 7818326436 5803065946 0809240080
1768907232 5841441297 1928242472 0380048659 0762483298
4326661253 0268510334 9902657657 8579963305 7285781580
4481506534 1472910340 1186510752 7575914621 3859575557
9846533174 6524212479 7035629657 6484971699 6877845984
1432813641 5062658803 2373537267 2051002039 1872086548
8940491633 3923844805 7175638872 5093012313 7906973034
4640283694 8914532187 4796890368 9080091910 7696487522
6793196883 9730831363 2855164428 4854543895 5119235162
6705524166 1011619193 9562321215 4044745884 4931776033
2645864833 2699995327 6131156081 9867303179 8777096885



4732069736 1110696873 5230086661 3257328235 5451328892
7073584038 1580895934 0954004776 6863373882 2098999477
5888725251 3928947102 5761158113 0581373079 2569508911
1060363374 7143004818 0745447071 2358569670 1876163044
0248592810 2941244816 5330430019 7678125184 8873242914
6546537476 5308407856 2990904537 3784763916 3410697134
9483164149 4317725925 7359898774 1410425852 5650646992
2575333866 7022937999 2990248338 4497963616 5826017703
7602404285 4352514689 2938266773 7884010050 4077814980
1065156552 9747650230 2530481848 2902235166 3490708944
9876811196 1215106508 0708845289 4029830319 1343694788
6071972309 1087906545 4559290442 6962102412 6508962080
0237754863 7921900582 2137541799 4513677375 5029344213
9478343845 4088249683 0055969807 2274271475 2346186384
4963300372 0110584884 4426282284 7183566951 0578364180
7090871181 1976341346 7923048279 9919294233 4443433745
2657118519 5827581724 2955697536 5547653558 5715371587
8867315582 3731791203 5819433685 9024611689 5493584548
4381021820 9805645667 1152278111 1528663148 7979122410
4671503454 1226359174 0231050726 7578156516 9079497535



4569546610 2343506351 7892628200 7387671578 4184485323
3126474816 9641045009 3295263939 1072551402 6380972345
0742145266 3467912487 9921950424 9506398350 5756316700
2422209788 8845014235 4933264477 0854207329 5642006479
9904567282 8827308973 6342401635 5981512716 5585708760
2631934760 3574797113 6732284425 4495461412 4103144112
1365329590 7318446626 7811106274 0199008005 7408513360
2171132919 1019148172 3858110359 7632336215 9445906860
6885817458 2721066360 7832472110 5539882285 3111623083
0772249320 7187603142 8355497239 9990954386 7479119041
2064095816 3503069215 3653952559 3982910836 4440577894
7686559064 2695907855 5889278014 8115312960 5282973963
7830522396 5687979329 1341582956 2315501056 1975005747
8825843506 8389480272 0131680054 4924176554 1341553672
2967818672 2629752193 5729676215 9745729299 8278457699
9581857012 4704106527 5523470931 6760210887 4620189498
3099905626 8035473239 1917438803 5285239451 9685590226
2991234055 6236681684 2026140659 4601661426 8981636489
6322670567 1454527615 5208403199 7755218112 2228306946
4028275458 3090788009 5255382670 0117480894 4008582442



2344840901 4439309950 7604587499 2960929194 4867872842
4465529426 0355040153 6630485727 8457506789 0334206375
4856518026 0586465453 5049231546 3660672149 5597923199
6128389256 6068624538 2196621379 0956141809 4819626802
3483737048 6445390985 7960411713 1070124331 4722770694
3816242616 0779174735 8930604032 2161173190 2362901081
2414634682 3909101474 7845348126 4736939378 0345086690
2011785409 2269189072 1139084273 6264008402 2560952795
3662226878 0363107499 2951896334 9372478078 4246207738
5456462974 6985678187 7946413327 7559594959 1985874191
6684478301 8668875825 9850633580 9530473059 2627958788
2662813566 9574185663 5183662967 7963353661 6256900065
8834528478 9326123079 4253332120 9343130986 1700139402
2451593986 3015330027 5885744826 1555201163 2165583054
0110902479 9131744318 6094788894 4247191765 6585739383
3615293891 6463157877 7520692609 8992237784 2721076226
7547136296 7726528338 2604580315 4881842918 3457905620
5585231384 6748688098 7475741829 9514360895 2757114896
9698465913 3055157182 4901726406 3469473831 6224845702
9568821347 8321860050 2197579493 2795753714 0194691987



1033919215 0346011748 9549350057 6483118480 0383210704
5510003197 2994606266 9081703284 6523263802 4224858174
0354229851 0813693111 6248203781 5682402670 5402650609
2762957413 0039459067 4452791979 9664729933 2750032387
8534455218 2030969527 7254118331 3194929837 4542996743
4508349456 9207945583 3089572194 1669742554 4682533864
6561066514 1619474027 3233068918 0554887144 2397014824
8814130243 3322116028 2289288031 5913275460 4063931447
5650451024 7078478270 0310083062 3983379035 0592085387
8236743848 7469071591 0716613835 2709755851 5843491321
0350122255 8659285742 9605107691 4689252902 2359382791
2711007177 9878737897 9020601040 5379271265 5426027857
2353850665 4446667038 6663145087 0991655715 3712069207
8442628725 8032345585 6531437854 3259039018 1683860053
2754965792 5726069037 9957598881 3473068888 0747447547
1119322401 4850571325 8006452814 8510649450 6217879717
3665367581 2418556178 1818650925 6591508967 8588385373
4600693514 9766940200 8541424119 5861577381 9902618019
9575558106 2254836164 0410620763 0901758560 7457388473
2645071333 8575654604 1732533711 3028013789 4079385793



6433995336 2780923121 0839700233 0283646942 3386202991
0331376974 5072519281 9304481060 5361488981 2723727553
4536451517 9843869973 7572972344 7961754122 6385432501
5231780839 7255726878 5022568712 1681353425 3902834781
0191915420 3432425934 6091331136 4251073193 9943370384
3238861375 8805682715 6164854936 5380237850 9039348336
2248227318 2074099684 5329664200 6626803726 8782026486
7057829851 1928450302 2158150530 3564175689 3775421063
1387943008 1690861925 8742869875 4675509234 9447396156
7075925019 1683691129 3037748049 5519909703 9823363826
3648913505 8430399648 1957236211 5740772576 8233699070
2374463935 4292702053 4604480383 1023144481 1459137953
8474923915 7294312780 7412044060 8030975872 9669731071
8198441066 9334082604 9698415157 7165929551 9486558164
8675779423 3936898827 7590035789 4212761604 7047342116
7218792048 8769423319 6384054499 4751115932 5479617623
9384985382 4019647708 1852094864 8559242287 7324966873
0030102462 6104466769 0852545609 7605252767 5426097221
7580423153 2157673532 9075348153 6411137564 0334493764
4773157010 7441776235 8231865170 0354720537 5940431782



4599133598 3391817819 0963298981 5139125754 3191389833
7254405281 5081545703 1022896802 9957722750 8331211659
7704221998 2689658324 6941224511 2832949898 7297002528
8692782008 8561271599 4977513562 1524144621 2011857260
1525246972 2909151404 6407531921 9928173428 0327618599
6457025802 1156017462 0906358907 5186175753 0000424919
6720092148 5676401596 9761597040 5736942590 3568270576
2172698082 6125845805 9616706188 6633284026 3385648286
4261038593 0749007326 1464768345 9041578797 9304998205
0590432130 0238863933 0297873873 6196275533 2185958012
6622163258 4664077546 4765793633 8085449649 5709655491
9468161205 1155694391 0807968135 3938460597 5006717950
6310256122 4795271996 0465708625 3843127219 1945200310
5093191236 9479545856 1223792958 4674483220 8038385192
6631532382 8450706222 3554163557 5201604845 8595787727
9643566407 9289773151 7789254324 6016374195 1653324854
8662125998 1179724635 7628056178 4916758392 3257722366
8439231390 4636250636 4023028317 2300137855 3839784405
9603568332 6842799266 5461606721 1095960638 8342429504
3002336365 1087339459 1424660824 6878679142 2410972599



5512135343 9193233952 0885700159 0380446982 6631106954
5853638464 2995474068 0406796096 3340089659 6476123350
1181547182 2156520259 3800562590 6215027290 1222426040
4147261584 0342781626 0545987338 5724563714 7779216047
4827443344 1112967312 3767611986 2978669863 0802417950
0473099054 8680786839 2900997525 7836056842 3252734512
4938846464 2611743784 5901765446 9540965159 4708729976
5071127626 6611757869 6019032897 4286263834 8064602583
5183651959 1472871025 4160903417 1076266775 8150465169
4625449579 9382899617 8666609857 2735726068 5506695869
0375723054 9955720906 2621713947 0396850395 2363129448
7087415247 6422506065 2166970795 5283041281 0868604973
9229536592 4315417259 9393270748 6079566741 4593870684
1232750041 6690860257 6148758879 8762359367 3475462930
4596834705 7818243392 3747399924 9931821377 6303837529
9038515104 9213862685 5948622828 9802909860 4098401166
5073222899 9532240562 2348477842 6908827773 3330025209
5707163878 9137572836 1113161508 2824058677 4806128378
0997658812 2450097507 0984791439 9252401416 2240532859
8517840602 6775338192 2826784952 7886672456 8933375945



1607319568 6216856063 5120350246 3099283741 8507807604
2047738430 5325483876 3592412557 5316364522 9316351178
6522282328 9644483191 0269247416 3633999280 5353093665
9261798644 2495494884 6174813289 9568137313 9483095949
9581124735 5548837387 1125219033 7005154680 4023677832
6154424065 6690622404 3635791995 8919161873 1985304828
0061974222 3209883669 3647084018 1232141747 6276732239
4733060040 5172628593 5485411882 4613991225 4599360462
8969714134 1652030935 0257355936 1261145139 6476466490
2106275445 7374977144 7155080588 8268603135 9661575978
8880825134 0841751240 8423142188 7595702639 6166667684
2178850151 1665029595 5978618415 9605479201 7855481164
6541858311 3141209127 8284596904 4480818199 8063143890
3805220749 7099964459 2680426847 3445415578 1033449320
5950156320 1963053976 2141807399 0862708480 6430321780
0247609014 3977156423 1200722635 4349327379 9157315518
5911006524 7277485199 7101984779 7665568944 9196716486
1686707903 7571706648 3562808032 5964867673 4045842056
8650181937 0242695253 6481695581 4590909365 9078076868
1243863993 4256553533 0465056785 0655486555 7128211838



1739659983 6335767803 0887104057 2972063848 1947048233
3079352209 0608439862 8018386708 9529794945 5903398039
7505682344 9353678374 4414698853 8880452810 0813606255
8329519311 2119347517 7628452066 5192222527 3866969263
0025665605 7137987467 7472263219 1103954463 9384612184
5585775692 6921127446 9656540715 7141418197 9492296144
6403902152 3936521713 1970168237 9101625390 5630796286
7690370366 9998720101 0551972758 8390490266 6193971648
3481149742 3911738704 2271429504 9803918440 9203535350
5646482647 0908831627 1727043914 1214238422 9216009271
2912360067 0102952490 4826889528 5813608494 3203538041
3569645159 3092433827 7301069829 0740036378 1910721422
0109190692 4187216027 7555804593 2649015215 0594142335
3135286277 8826912685 0570087709 4417670821 1117803391
6132310778 8454769589 2356286062 6769063681 1548086194
4886505985 6349824207 8522482102 7355717116 8286043742
7930019053 2421473269 8076035933 6634855924 6819120239
4714809212 3328418605 0062585379 1085553950 0693514325
7214182173 4241696582 8916871047 7383110597 0509981349
4096939955 3351724534 6454725301 9452500219 7042367256



3394199259 5913903004 3726038976 5339723331 0189273199
8036678696 6546139807 5380015007 4994058963 9656960444
4634104888 9101877254 0175813648 2992701898 9318743514
7571951190 1643262456 5142006231 0747654521 9553062209
4090762265 6396770318 2232859593 6090281625 2306279768
5291067138 8077127464 1902570560 2446123783 0789026485
4860064900 8785877722 4582811024 3449387066 1477445356
7937320714 5334080832 4961036860 0316487116 0455763852
9640009288 9905659038 8078720153 8168686057 8453602623
9537615843 6587641315 6895420184 5166804253 1125090612
8057586051 8512612612 6372701960 4236219016 6991290755
2891484255 0002031663 9433680320 4057114116 0423757980
3585659563 1247499469 5698495135 8676171716 1486134211
8764921998 5740236045 2581553140 0876092991 9647446288
1338290732 1688226913 1573555149 0184217278 1677852130
3836603763 5612900768 5445315638 8109058718 0694081778
1907895745 1433595938 3903513995 9232215815 4787478672
6203342273 0377952548 1013433488 7011269882 5270694572
9704429254 7385863958 9403162524 1817680103 3883738925
9782856379 5133490722 5664398213 6040806076 9512299054



7942207745 5869779933 0344439044 1999735760 7975028020
3525292863 6562271663 7530104348 1541454332 7065339165
0995946735 8711349333 8216698948 5670557380 7822002173
1209391530 0782652612 8684514242 9072659990 5709582548
6043035452 3299996515 5578146176 8952857780 5366548948
5926317291 1706262038 2979801608 4121593188 1886962902
8287157978 7179368849 0402576691 9694789119 7016642307
9447116300 4796916602 9633665411 6567141292 6658386416
7655842583 4662650669 0416995107 9819904156 3897096165
7836067803 4580385887 5490439836 6811079462 5922809484
3989003473 5745765722 1278020507 6636124247 4530272832
7791975368 7094602692 1102641285 0520464771 5113195909
7597847520 0954067737 2174118439 9590135072 7293059963
6253552751 8365125842 6047228081 3050170163 6458298879
5296387473 5239442289 8404127423 0766926575 3891912937
9270227358 7158906780 0740485921 6483963090 8392340398
8400951287 3222983061 8530714944 4124552897 4454318958
5611874000 1809527520 9628513711 7256845726 2195438787
8592562737 2240011892 8592109735 9177445309 0991376018
5710513365 5268996097 9827966913 0166471364 5669707323



7081484653 4938788898 1009948329 8222045461 0020172043
6127512031 5381165829 9101511869 4304911447 5937441511
9921482776 9884667239 0919809215 0851582445 6105200887
1854606987 3013725536 3463299564 4554638726 4452326955
7824381689 5531108965 3134069842 0412186385 0069053799
0290112965 5602973049 6460548219 6018497714 9958716016
0186321879 2857765551 4826098688 9146641786 7435548639
8857672164 0798099307 8464470041 5892529812 1200807754
6940444869 0228534770 9395086821 3234073387 3815211764
0444760483 4555293052 9995893020 7165021318 4557608516
3782416290 7159794086 6179526322 6509087062 5000097852
9459880341 2110825577 6072014188 7727490710 1283893632
4373447553 2766109946 2982029247 8457279595 9958669060
4600010182 5538486745 6565827575 0715858729 6867716751
1148726521 2206589305 1470298169 9114593575 9706240523
8204272016 7609089719 3644031047 1427018901 1229197278
3281602113 5597563255 4869999224 3388504519 8582826291
0381822612 2655992591 5970829197 8623319316 6881062975
2541068411 7108625987 0307144086 0838890816 1734018394
5217867616 9102178400 0705721511 5331818346 3981090485



5059841908 0653798403 9319676526 1825490144 9628263813
1368683019 0537277629 0221408228 2532050315 7581449110
5214969340 0800591718 4288674742 3281889208 2210987075
1009609422 2717960611 8687523108 6513054879 4073032475
5855158572 7129568516 6711502658 5753721524 9702073566
5542874804 8188381689 4380929471 9392497078 3426911981
6210471308 3095702791 4404488752 9446522288 0916426932
2120891437 3532634347 0189414186 5498758085 4438978375
4276111604 8219449857 3399194641 6345105882 7596415074
9708686870 6533308767 4685517086 3672200413 3550690898
2270336380 8724832477 3623842767 1272998279 0004723750
3365691359 6485058948 7117971773 5895375235 1727045329
8808976870 6037171689 3813114926 1179907638 6817572277
8250303799 4810530997 1413321067 9111769390 8249785759
5017347343 2748633566 8431549974 2555434287 9813872888
5884082866 5550630311 6923034262 4006519246 1820851294
0513841094 3833830994 3373235611 8408341561 0952547445
4266787441 5394527438 0854781574 8171805542 9230172577
0825421551 4552311689 8159841576 3033104102 4867859344
5139563372 0568858890 6905711908 3999697995 2133448395



2287592283 9778656931 6970545027 5524986037 5938138006
5895257056 5487153992 5942499971 7317167976 2518307807
1800651730 5152956338 2632793212 7180626959 4806341649
6910211160 2364643235 8904772434 7766517250 4370188262
1158437644 2266662047 5127825235 1887021789 8027267280
2771182277 3152103035 8726420824 5289884331 6831579166
6499256821 6114499034 2466951532 4639135704 7807685268
9899848932 0525337210 1246744855 9451168698 2516508631
5065590233 5060894613 3259647585 7404743071 6451021988
9646668576 5093083300 4568187275 7241680767 0592160435
5468100929 2559395648 9533295027 9715672189 2027325708
1506277090 7173871031 3238424960 0991967666 5726212488
7134992056 9723586933 2407381117 7055732346 0902157984
7223452138 2771579580 3472205402 5896644153 9053412137
4470050890 3387153834 9390783651 1458079202 7210147906
2979899235 7303403249 9697624060 7889732184 3108824493
0826619080 2622049990 1128597492 9556277217 4646114689
9392940105 9494209733 8175943828 7802504440 9968753401
9038860177 1701245912 2767688467 5715236965 5212200577
2424503653 9737696902 8517858272 0108433598 3398454456



8178406257 4904319170 8774382410 4031867141 4204172036
8114298950 3677256546 0710501286 0183188433 0590267041
3591446899 9688471783 3470408291 4681241547 4309300998
1538425850 5632760473 9087689049 2793224924 0953499190
3416211544 6082138983 6454362734 5255421371 5789152132
0603765643 4612877334 6423265279 4907883819 2386444755
7705950091 1944414225 7604748727 3346424607 9592462981
7046415346 0651330840 9571476487 1552128608 6578470735
2955176812 7582320953 3816373144 2904741798 4026893595
1138362336 1903652219 3686948953 9292986105 6065435057
9702715511 2426086430 8592728205 7320382452 8633753600
4053715977 6632209913 4912226229 8215524644 1341529456
5515770151 9189869240 7298625805 2706984831 2895480796
2543531974 1712858425 7661140282 0095349691 8021677875
0906409638 8938910484 5046640865 7503729405 2210411280
0095473196 6004650043 9442168485 9422090144 5242927222
5584905936 6382440277 3328362645 0303053353 9930969877
7034309071 2332576249 4149601610 7924287316 6852638845
2751267060 3005707641 0952614298 9664881812 0396063873
4084985550 0941732198 7796675327 4996201186 9772569041



4469020624 7765655350 6566423759 1469173330 7274891543
4058300807 0722148098 3167748193 0217368453 7002122864
9151994480 8643918607 1365067385 2662802901 5686800738
6584826956 7625421052 9864116593 3869248253 8337878752
1349222969 8895497703 3420478617 4098071621 0184415161
7722148191 1004373337 1169367430 8773266973 0859901037
1973977949 6102842916 1868412757 5699139864 9211424787
8143531088 3070128710 3774766452 4240630432 8370837731
5256119447 3055755237 9109846177 3531290644 2410447089
4516690488 0695091460 7318268944 9278788849 3093950009
9507022903 5343539213 3255894765 2503280710 5285424124
2946878306 6310827995 1403992648 5381943346 1802956014
3112432856 4846965317 1701739125 3878974666 0971453942
2772741011 4423938795 8959878910 5456641042 6814789116
2685728035 9967830398 7097866634 4440474495 0237805374
9408916979 1738537209 7470734527 3979460572 4927590824
9278258335 0682569083 7808354569 3636681739 5591500548
9117122945 8934250193 9702089639 8720423360 8131092995
2781885040 2771287385 7443547058 1971449057 1304159192
5075571511 8568712451 3861708461 3762199481 3881555082



9388483756 9145259023 5639700631 1126012211 8004370384
7770706721 5788291447 2504703857 1195085880 9347550637
4838293531 7775380885 5894117419 2632937495 4300085072
2248392228 7543944226 2626959819 1189695630 5252790993
4629461536 0936163549 4478791750 3777137415 9070623175
9672455836 8532599842 1558810316 2562444276 5549902532
7501763136 2943127796 0119164305 0971695953 2112992045
2717744965 4633602651 5365658288 4193638793 3775355221
0007523306 2499389170 8860305513 4982454203 3286014988
2251892444 9789713654 3887876073 2583968694 1239838808
2043346266 1172204379 9813307423 5136784990 8458648166
6628620111 0167877285 4932272589 7317962900 8389380937
8368862243 0928160362 6918073213 5646537153 5050488691
6477877918 5842773790 8188613147 5435737043 8396416108
6684544778 6051856988 3643545539 4146744883 6225690758
2297656680 5177777484 8742973152 1740717222 4089962520
2713446380 2893843314 5251698363 8073117992 1467836533
3421747888 0597728426 1602035843 0828924451 4390795487
4192059946 7031093767 7692734600 1157263547 8653303787
0508825586 2616916954 7527360426 2765242628 0382477111



2903565310 9206137550 1041535163 5002947736 0280304265
1560687044 5034565865 3273748883 1388713636 0128083391
3126850405 6973058262 3675060661 8539761570 4174217427
5940940477 7662958560 9930464445 3696935713 1235331390
1844731016 7028536689 4180350236 1632619326 7872577312
1497249824 5087303034 2047625852 2565871384 4171927986
4813496990 0336823663 5925882060 1075142130 5993540511
8239822139 3595842421 2886801556 9496013163 4265883922
9035170296 3854931431 2026857517 2092434167 7167595367
3854595891 5630415154 3408885004 1606705334 6654082813
0700832897 7614882496 9628924016 0421141615 1036179777
9321029713 4762657997 9402154699 7803877847 9401598816
0852142135 3530414979 4348531891 9528301157 5006555852
6423618771 6442360830 7897345825 0523293243 6402643759
2459180056 3290872305 0762970364 8435508696 7621331082
8770177163 4937764001 5740770619 2909977311 8327157053
7209205365 4029707767 8672665327 7933085996 5800109221
7362389041 3584279519 3350888221 4543651911 3434014342
8094289321 4788848307 3872577049 7425332464 6609483535
1665781767 0744653783 6480284709 6926101318 6450293122



9616599437 3555820292 8820234450 7282771381 3735310873
8681566684 6805841655 3952406315 1157367921 5491126324
7750126529 8070868653 2078718046 1286792428 8077555706
5292782594 1943007588 4278012095 9101663775 0414014314
4565160939 2042139955 0727498787 2445710941 3555504501
5722897094 7059287154 7857842375 4955553068 8277162786
0681824647 6471999729 8003673328 7720747522 6535910397
5496408864 2547652414 3137886190 6622713920 3374830355
5382843444 7644598243 6340653278 1363195780 8343899184
0207295633 1227424040 6329113697 6226856540 0010623898
6047816686 2977778403 1279489991 7073967230 6752216295
0965287896 3150378284 6767916109 6745584887 3593475491
0866919617 2246037943 3265367175 3266796427 5759439960
4997668066 1204001653 3028504949 9728607042 7542509372
0773858637 0041544102 6059524493 7075850036 3784138186
0779567606 6806461723 4295007523 9776514594 3294896719
0018394508 5350711525 0826284545 3452737577 9691224833
3719234276 1582030801 4628017675 6282502407 1460250971
6056309317 6724593076 0486882487 9005384715 8052075074
4820305264 9668981999 4025157949 4232115902 7841043254



2583533717 7788899239 5174636657 4326137285 1811005292
7573466418 4818518156 9944340408 8180376875 3519740663
6304783372 8440558181 9299431249 2820699574 5614238266
5305098134 4664300969 8835798899 9333648249 6472266767
8660948382 1820069176 4477995154 1006483149 5092340231
3298555020 7601297659 7654825143 2214277265 8066657557
8245211435 1183573372 3773049243 7142595702 9585515871
1563888077 9956709924 0416783945 0785418474 5979089815
8041308296 7546815203 4660396987 8439383081 8392374771
6278977138 2844434051 3409511684 2773409217 6907252476
3108922444 6647891168 7943251322 2007365153 4562311855
0138742152 3354450308 9388539861 0146110690 7489109566
3596629481 5046854675 6229289415 1089237294 3193195614
9182318256 1129060258 3642878172 1949291753 4538823527
9936285889 6363679518 0669943553 9473796067 8838639432
9921827855 6841255867 7995497954 6133028786 2146465157
1399165914 0284587348 7027052610 6981706256 8063586601
2816449797 2466681641 6196987988 6773684747 0963519634
9675767724 1171938898 9116184101 6757249065 2812301639
6816931500 3082520148 9745797388 9001526824 0237779830



9724004631 0850649974 1059120950 1570775841 4148918052
8324673061 8351409517 4913707885 1259753482 4769265004
2368546235 8436015970 7296182804 4309168026 3700578592
1511372201 2165857223 3654137444 4765941395 4964395531
3251616096 5801809920 8779083525 7903757726 7506223225
1858830607 5693231895 6337473318 0715366869 9884986386
9143703937 9137969021 7509625869 2842571691 2905420020
8155469777 7269088469 1552481174 4999365707 2604850439
5080918943 2853044749 3989630060 3185187727 4582105246
5577410812 2548587461 3984102455 2315469728 6056159900
4919730133 8745304316 0232464499 2651250170 4259895981
8255652388 7587795429 1090967219 0883553577 7249868613
6615280495 8762154417 3261930411 7924969971 4236480394
5636309930 7208351692 2495396202 0083881511 9183724445
2275263668 8920992957 6677095667 3835188966 1959616053
7535008602 3233648287 2126727945 7182592717 8717732484
3095828273 5739819410 7946656428 4153735209 7892288900
2103731720 2758664290 1183835024 0103826226 9418554517
4623600553 9053368444 7990378023 1493500910 4335155598
3611865012 6049569602 5913457693 6587622265 5770632075



1802591029 7097449295 1788854202 1192971691 2663104142
0914010786 4252386132 0813476345 4729775317 4408567322
1032254607 3930167741 8956020272 9920316247 9753768627
8078459710 5213268572 6453736242 2553192509 5186171876
0134511243 3762990535 5546195917 5254804303 8904417376
1791316962 7434487853 1155019525 3699780779 3447126384
2488993435 8191719567 2961221652 0534622308 5534104546
1753516028 5303531706 0140881213 6373334586 3747449007
1286834136 2130746643 1499196264 5876623832 4794568554
9526493664 6501737302 5269911908 7348893838 0822049031
3999050562 7544398890 4463472232 5658585987 9118866887
4080697010 3202682039 9164596539 3982763139 7675758675
6306611912 4852892485 6994955452 7475825958 3805926698
0566909315 2791187730 2059789706 3137870893 3883220709
5089767335 3008555615 2945784936 4066391245 2296012669
5960096262 4923623543 5006717356 5750932462 1100978763
8785940003 7811122554 8186286591 9130265466 1216074980
3532560234 4356367631 2411815896 4697385615 0829519318
0065715412 6306228994 2986318094 4708829996 9778236008
3731932759 3124537302 9308031970 8391679211 2382203775



9386912820 5704012577 2444861579 7828970323 7209824314
1995219135 6933990701 3764865723 7940901897 3102677314
6477049154 3124633531 4923116498 2846119122 3204432979
8798865455 0488550281 7224127196 4129621425 5244081433
8331848355 4853164891 5655594728 4549415951 8329931788
5179785723 3334982197 1674522093 9822794703 8948309387
0068880950 0950017601 8651075682 6190182122 5987911067
3576574102 3718866272 4699351075 7585531487 5850606889
2653011018 3871898352 1117215435 3512759382 6432969022
2339493804 5976378558 0907317163 4956875032 7089865704
5091638820 5248079423 5222753568 7082560260 3182812925
7727003799 1853012635 2379901061 9425957035 2197978694
6037934090 9076816903 9374240329 4222448564 9062429240
6904135555 7978176280 9939784678 0875087378 8927217350
5415721686 1062524353 1297175287 0170021713 8926526862
6196686871 2382220018 0819981055 6711287217 8866928665
1408685730 7314203026 0294175800 6147543396 9961445419
5780173471 3074532518 4665024873 9186631226 5912601566
0236378626 6520161741 6091315672 1283704302 3831858011
8360359563 7611440219 6341988517 7735871538 0279808392



3962306959 2894450288 1270771132 6597922053 8364752490
0638650538 4673526547 1279601392 7057425335 7239928439
2566821190 0759207612 2827272386 0856213827 6534993392
1722883132 8929444455 4185591185 2332513183 0035127913
7925207603 8822932907 6831775728 4347671056 8432799744
7620079687 8545960902 3037060154 7443724261 1467397637
6141025089 1819342787 8230418831 1556795804 5412431192
1034413514 9026909550 1799996042 0723226099 4274936196
2125944584 7015799426 7384082691 6807034200 3733428173
5882422048 0345776191 8055384418 6706109278 6475446871
1090427656 4909613367 8966932061 8650990481 1679659860
5503404920 5961741584 0318373662 4449878891 0350470616
5000925499 4233945662 1656246048 6362752367 5719584621
2709710103 5867837376 2859455190 3569480784 1844204611
6427432686 0787480844 0542518712 2732222002 6214347989
5429528267 4932403815 0098184804 6570078416 1918386349
2574776926 4605691767 5531836754 8227892033 1802726653
1093127116 4367933819 6228009595 4133047870 6842758615
7839815966 7863531221 2649107416 2834036375 8489867323
8782661376 9035930136 2324296156 0311663457 9503348069



6041468095 9998514167 3315641663 6610638135 9333702910
5580951861 0025965969 3358538133 7026672093 0385742574
2167864290 6364254627 7737124516 1425008963 8653859527
5801322289 1865379060 7932844115 3123957194 4333059711
1674626649 0238943266 7179611307 9458231044 1191900797
8388171522 3000670094 4002400638 7592269436 2285108398
9082522875 5833967504 5354327424 1265645394 8010664801
8793370264 7796786435 6301541959 2850256243 9369802444
0700414898 1012850384 7612557665 3219679989 4997511651
6655256803 5436426047 3149980694 1576711495 7179087061
9144799725 2271479529 3279630735 3587611207 5829068056
4592707528 7717611731 2662945676 0366335713 3534836225
7492316090 8849973395 0008239080 2270834018 4421860239
7156226894 6975901121 1164176352 8196178800 2013550898
6069980355 5039550769 6017523557 1734913676 5805036634
8098917662 3747277794 4388920986 7951693893 6159532508
1576104264 9807718788 5831916660 2587545585 5802071249
6020356901 4360241160 6765094417 5116399552 5117604635
5458354558 6837333273 7835385586 6576517556 5323846658
8986398386 2957934979 8658078391 2028837322 1654180551



0150451839 1046892095 0564429261 8713072718 8975971985
2246213142 9519367378 4547251284 1913917280 8431950208
1487214486 8180912262 1419507962 4858367872 5120084959
0524925366 3525575397 1301282522 6663193126 7472711708
7401687401 9818205300 9569012107 9949369324 0463863410
0522606283 3597847775 0993619741 1021609915 3341241745
6322272914 2898453154 6044679324 6316585082 0599008444
3044529235 6835613059 5857276984 9765100357 6373809488
9043789814 9713389441 1215534047 8285383410 2515862734
5220929813 7895801512 5267959050 1688381107 9779373785
2314075453 6423832677 5372591139 7231685879 2687904119
5675255583 2558943262 4746316959 5932379328 0773972152
3413165102 3326955510 0425671347 8165687894 4325901020
3076129931 8706117131 1147244684 7380987616 6132982158
9523733673 2356716715 4561417555 1623880797 1200015234
5311199454 1783387246 0867591965 3156964945 9754343526
2414717377 0273516235 2186908458 8169433264 9543609630
6903278636 7827217343 3787234212 2012779145 3073615284
4291764593 7575452766 5511736166 2493776258 3412326694
7038661801 0995264161 4144694368 6665541214 6535572510



8823132604 4430205947 8295706469 6420840506 6397206393
1736507351 3173003880 4452622596 0365484863 6596942695
1483721919 4053748866 4822469551 3800141661 7534413109
4397669630 4892594972 3208317530 9962614307 8452993318
0165084520 8032363582 6442101627 4310136612 9855870542
2918469185 8535800025 9657093610 6888670740 8368708490
7612579947 1641309963 8885977280 6057254383 6777759459
4948790395 9265587631 9211032276 5058387304 3998704354
1540772170 8153371228 1697253470 8480460678 4815303398
2742535460 6736133106 2553648078 2351719373 1976382923
1976068793 1863997393 9709329235 8465259252 5487847560
6695873672 6025074964 6865932053 4760333026 7022587893
9971559384 6707346382 2210871654 3115987110 8323635901
5069170462 5433514220 5615002339 9316362122 6931614164
5163467224 8700890857 5597842867 2090870503 5059539110
2855612564 9913517596 4493878468 5362718801 6450215023
4656608575 4400621293 2808424563 5478066713 7045656851
9259335922 4746434449 6813893964 0957288030 0774156674
0902382614 2450163971 4899267150 5880621404 7363887717
7652091612 5774301134 7519545220 3749089616 3122104904



3534651801 9000909935 2151964047 1458864773 5602146512
2479417805 9004235182 0766796507 8580026385 1082616667
8848558950 7491586451 2661930983 8305834826 2969071317
0673107171 9728080776 8484805796 5875444137 9929449107
0474718297 2801787259 0170340333 0009230392 5380610416
7548466988 9573135068 0386861742 6399244369 0005077832
3469824069 2427033122 3442533816 8695545685 4241317436
8857672121 8523392455 1451954366 2928877490 4004394559
4665507408 4270251388 1542258012 7799362494 8276125530
1095759410 7015575245 7017401978 8509769995 2595617208
6894340915 9725896349 2835929491 7641877073 5118875573
3523909753 3861390461 1744197549 1085823789 4535948817
3409788639 4506170092 2735583569 0040585622 7237806491
1621799257 5263587677 1733782545 0819281108 1021590238
8311849529 5970302890 4546355239 2776037669 7180464550
0936638939 5271293756 6183649877 2135574322 7583521179
6176974028 9374567771 1710209601 9708609988 8919748227
8183406451 4963240191 3419859546 6675186304 3821782298
0536476808 5964134878 4882765133 5906070316 1660080738
5645023674 0863265104 7956555552 3905693241 3659061767



3191577439 4061383800 8162286942 1478366058 1227966013
7868810364 2239344928 9901558277 5604767214 5288752696
5184984097 5725311412 6969799968 3583131116 3623016679
6763740682 0847352207 6481987519 8822986305 2801822887
3740084633 5839839835 1191797700 5782448199 5867123744
0728854255 4258820673 3038659351 2348849979 7026231342
8093258461 2061873144 9057393342 9526185556 8315864723
4650823356 3111689903 9298074623 7301858961 7512746201
1024135025 3016504735 9873912996 6877316578 8793314681
1462093006 8822230887 2061583309 6858364793 8117175872
3221188044 0756360456 2665101608 3443677231 3414846187
1266939435 5809447299 2220580954 0034174771 1692494857
2249761131 6668715094 9060130424 2787861170 0218095472
3913179444 1841677024 5763014022 9750183193 8044884481
6047770140 4081374189 3954547596 5527353961 4603519113
3930122313 3299133292 5650798965 2308090598 5857406951
0691920327 9334733972 6614955417 0561661608 1542952178
7924208501 8926158908 4277089990 8154102051 6351796459
8157545596 8806942601 8001303557 8554702715 9876006807
3314518161 9407836722 1223851733 1773178365 8569999622



1593848758 8392248992 9110687127 7741693137 4725695651
3343006306 5227379245 5105626692 1880807811 8325867313
6960112090 7714665794 4366288330 0144081586 3098631726
4190633304 4044508058 2281128154 8891619832 2932731818
7999588512 7378387293 8509699050 0690958150 5599686237
7712942317 6197294040 8139418136 0272405148 2082073795
1363148433 5422793933 4277653686 1035254077 2583999654
8618746068 1108544159 9378263442 1838393844 8584852903
5304569715 1099125044 2313825249 2529540089 6002776538
7386635741 5638827431 4110235995 3392227466 1428089503
0235763018 4738996956 9687857964 7614813385 2746260001
7284007661 0353359970 0110742958 8617909344 8568823861
4022120262 8100987841 9477855669 5767060208 2972972849
3217283594 7885074785 6268835413 9604520503 2733900115
9768997592 3488237896 0037047435 0944012621 8101094815
7151330500 5269673475 0515957930 2414192467 7188377990
7897096741 9856206206 0336577626 0662003934 7514589512
1231388967 6805215858 3214858756 2100493982 7433779291
0008563459 6084787274 4334605561 8482163033 8722910556
4330934672 1926478665 6314689814 4200381872 1109343897



3898630381 7212957909 2991127430 7671977729 1578376748
5462892852 1808203967 1437850793 3637369500 7727664266
7558541999 5885697258 8894171885 4732457041 2654538727
9293835554 2304128413 7013213116 3168616764 9503182078
1233528078 6703605753 1692611111 4131927428 7790446455
9074531083 0304595611 9947788929 7649507064 6397168145
1462945312 4294363555 4886863612 4882656124 0064409327
0462720991 9380249935 3896059744 3351284906 5936304283
0104058174 6061232043 9445967861 9943758818 2107887055
2909724031 5088518044 6976720704 9321932642 7327474947
4657352706 3140084600 2270606955 9676968769 9358161220
8087614289 0824382822 5082716265 4510150765 0711225487
7678312710 4898581258 9031480801 1532348223 5485756250
1636134324 4575548970 8401852562 4878558411 6155906291
5706400186 1938267871 9167145422 9784270131 8556353007
5923391743 7150422523 6871430802 8697389723 0659408747
2615583200 2885605643 0543675473 0126975992 3912140930
