67498856501317395174244704535312740582544876529351481632845929177530716784948384
57340159191498489154824672542289034065976070130486058007387464849661655951041563
85267948206907150566237314181691649019480316206170489859713184431378603597620276
58933097518812532862264605575365169561529154063141501957511687760343177240043893
94047792138194963817322524562369310567499376456345666416790759798935534507869836
26929582213432617043278101909448661354358825751138890759892437949904296668698981
80062744858796256579117346184980669465362094065956419174065758134798773756131905
52350381718641411592049911252523199578712777369646300130497881518019855812601087
17389176420596334924868387340115788684063075889340517659076232878878326673513372
21654919763266357306980936871456740224937889089060617445814813403273776551337771
75951034409038652498057955220766971150562618862452196404542632302379110656609009
64348073684887422904500901329868519217056170627095154611091911464926253243349870
46841796841038733749913654574821866565868370156346007046953013216931894511988991
85722570196987154914711781400607956063796690311322115109018589836535579738283673
39019811612352254510881412603883708804553905072097817219687993647090891881855820
09749156129109834091058774873886938899615542221787288330706007891760471378921085
88360835298968528972503799867052396883796268631378838899912150014939608836251427
85934041069886879283899229077824463806120537562787545895114344106775441867533404
45793811294998201178041589237360419822605076099786094345907627845465120867387277
53407674435962491417995111213348326868615110005250686007839609062697528345942404
99550322572333973200294219588587605832332124111626782927773874600595159085723200
56026684818745834516483900677377292626809423295590909859999390392439239625560242
04429081637240543977831141696560420140640158586842616104308740495225321886269124
54552916318319284955082620768841186557084758359127792617465540753397340822654562
17104700792096165096570796478798422887404185168291472756851630094006662554575871
40932077279283532700917585432321232222798275269487287010804271863891659114046892
97619173578003632531239078188830493758428294893104719168121408147122368048828726
73576518841205175384023489720839599414733539024145774120660468765970385124425309
59405678506075561042225973129983158891333350591168078048574041078622555696640487
12463435619096407643736594325018285649940732446851305139705805951866632625096054
47106060847560976960608368320823885726852039670720244889651879016462426583992386
26213342190353261152806761182814559615383668932405780121007541015071365828532960
19673104360837399148265712071524306875509030540077650366782322989698873141474204
26229634600940587831890343524706937088879231992462118133224405177860041530587217
16523190065538558234605552954721089991651965575813030403242150237244184335349231
38512583268355818986749442473977087225342229401660843853368532952629282615080892
37123353661179653872270043128973458176237039677116078479595058082783660897961311
54402093627949977256137616955718703957465116846376596517730652126729713983119387
68200610651521097406771510387748960307388167637453297732243244401954543265516800
10437043635588696067400618872753768274673363530183994232323916334192470289493291
23013328966338181951452220121368594423648466685737774523168477713824412542214176
06821751946022295825203641618420785562893711581080823734760403123975475620957055
58752393704183195943482438574720442075135955273604016995346667990935031428361544
24866549141228235858137481465838833223806762966324359677743744784222508480743224
67353355929246463793133189043268794190579693914543125098836032456848333414352436
37252094736641878779700686096981749008847994502551651466522577224453519254060143
04108594518127270101037390186424666692779342116125437684317468757408527375000103
99233053964186894203232508342032539695926465174963868714121350085997100321400744
90110989603408046332939924410994720733326508443047109638831810712657679498494216
08198412481676583205497510915653754997609983652002239636339353858100354830201263
37967473140718564299171258933886371372491839118672969549017288783511904897806658
70587556923803958531642959961304072829865844138943020708679095884819671837050499
29448800371087911354186623379966934902010456038457146599517322440502461358639412
44413767479143597969891398717879727004077325633604068503125152963715744317887490
11052708137838935398901685220079819580777956393289016270179871795684582534281852
71961501731774650001307958595777213817325698517971760014333032192591244225440748
59839706615771285085336526812676806449772394074281210703420262186003281693306670
25901281960271122759786286235244471960100470149250598497625202995511821191290888
89239556920426368046104374982060384076840787293502696239118306805508874435008499
80936659270352710019319103742900508287046282996875013663701091094361274427247752
14782406865970406981773294626086232476877448483676486000056615495875129316546053
69993960204303360578628026525905320400072732672009450550442963623311550288485933
46679780638683671570701945163213833694284511499706811526399562896881465134204114
55495589782944718039174439398714055361358066138501135568952595319538556965771704
98128577139198693339087382968417882721978692814725460717185261732114233662586556
10553116450478711482454048085604057024800240833901888015078176353943542555556551
93642442774265144241944904732316842720161398874352373981473553907293166718336523
62523993771770992678611161992593706066148216580267474896669755871515031353305047
15234431237004668740135363893684505775023598929316248403065490657282705315022379
40827886254642979294324433928208500441350988721288685551297659878877335995949869
65490807569804332809001785032571306649664154371865773966169114574186385827262280
19547180378601335686378148206187169023708999751117018949070004487139031903441975
28648995519305270953739613960218015949661501779448059165035067363545186258178041
32672874679086072473133891553020565483798965799920012918066469977831204663798539
93574667490043993017592338641444645002987417342268731088947738408260923867588695
76016570152721600928809485817286213035601660659225526184245780348299424379253208
90123380601955773526702196938428657678961719476072870527545542461666648471407690
00962237155097462516201582146444290271518246198578941579306607358864269292131832
56457266549008983561059547540944510985639020536646716033232769772202816149275201
02502805901852364448167530947391800220210103464861979876539434992825011557778072
16405876244568096072799775395648417582383125068746889682251274934570217540313758
77280145490978530833470422143328169810185300861574242710740986530057016772613090
35016294613267559794327629250178813033012200605159073488613116314154239090492038
34029182046129483534900275567920858551377960435940118404418086528723677214952826
01928551525638956500378231193549064956530246194415556909608840572724968172937200
87185715715704667921302684903583315581074371197237457935847216295266699135208901
81978835967495280044300657311238679122860664846382727487804760810973760684897268
73105861046220617185353860637927496958434964103464405746435293731503705366056283
48233516512521998440267339954917238754992779927594247806909089111380390318542943
22962467082456759374701749619117574822840463657581413812562463179902410389912684
89429749280466566587417127024232202294940637622610830136387034790942106613650483
41679034331290474154575698874141770118412653112258199650314868772494002814367281
47648866278644041462350061018110002299457971268067816687507934183367794976270566
95410373974300739582903727353186582052153962642567357786101953264669500777432024
16785143421457441928101134101676493819799012998915173114286001697441029183887199
03304864350901110753558013482418589138779686279717170270421843473218050557904376
08924257782933390901803916863169692241925196597157917930933062887084048385926619
06986742909250637549892294549993357397522075713765659251628935266485817484168302
89319522732490500869349173448819547564005462388435416433079600500623700783846165
37944559934667700642596692075514548805500712304644339761963053923626592875825589
64718757033162259538181618959091173580454866168367340751167368839174639536497666
34115492067432681702071768271136772198825442733000707921436943126220619351029171
00359793697580153991699483467244532391827181142727736611250745010748808451215721
79160696595122265625747415591110407168031247827423710480813795279550163265961072
88891730241981954731536112090176270318030161801475869212154726148250338804082154
54859105147676091485626910964533019044118550802265458675459146383269472469531692
71985602802063708836615987498472968671122943830360177521322580121610453520051701
93740574166173742524610864332786888166422807440009492958222456280096767058135007
04062958906717014247329964260118872706596950536370725231812865356898763622572356
25813719311807002374184279941060554513591229844480020218002661533136095939546863
70830820983475635907992137478241510367916324541140791468331220072442801548371409
35167255692024722455289495348601089853720637376897971179201336181144658643565476
31048548141868248997623641957464257789231436684485473208416407314264147154599699
41898545163652602380661969247596499140829952224982005373362868263471661633421044
39946084294767109388574533834033432621478560515716013754832189224569361873508785
27873683540465801338971965860348705834743966893942819548485956501940595946322935
72565117008607559696935756657496813108046534791145069199071641571875016488027897
46265745126300310191172653155229635536153429940533103731327921951656117608705935
25198570194740535292850348490894594825223172109011337597408407269449933268997455
66276296316400312958599133998919270561615791500539161724039464420205185438056101
33127766760071334430856066673515587965163288412742454468294350370917099651947806
54204770959937578471702738092543710114575919721328320107759745673936803507808385
00284576417548992739353956084955532302154946195298947226923726088648960896755425
53585629233506750593888366533109824601888964178910958133518809146201674631633993
69497079680721925840283244186579524655319612305067606611002091829079024576235671
19263731624473885934507458216451927168034535090403889942650003298943018208439584
63904728365717384689427116792523540523589815825805736624733309767149295155350356
23172797893070724080685605898831951785156476194616130600712920852332905554332585
93176788194403449286871505608761894728055419105486820926628714645939895789324419
18642047762201921407699214028906420551677789846404549626453019003388759599979359
92709469610090823950349496500312331893181994511257181577225357923342533240692115
73790531184430793514153410631301009246256900547643405098685811192157219679895890
32625963714377749624446397472476112506911345686155455258266230402002651123064008
05806653382431845301703916569996707368222682992460205479509272479094321155874217
53788216943052147891509527444795954046593124315589750391984127763890186023831914
96682710690501331014688092132162621622434309411337765623052407252297925774442146
82592450803372119736881252765756900130959020616757152078132011945312035303074031
17217278361723038277533557874326516460477928684357742963369701483296558524678174
02968609430919894886071161166833291549503929087931417625295222890565023746925832
49243899699719192384353470823094877307282212498985135269035970807307712835999268
13669794574086955881832033637119122065392839266590251890547630519369969099728176
85902658223697549935426996874496879033331007285894876265904089302495477487042590
37011746096257966549431065428378230188310547827940951341946839755012936828784652
20505970533872158982094261736178067276569910956015200421229702782707002205155236
05760766107318296798006882936254798623656289965976562450763364786386266910727932
69705242500781955827101537777308776500132875367918129220980931681669587067833982
65660120801266286204222319330665882596473045614950194188371550827497847929509409
24683322279942400012350491658305332179010669248042139786152078096194834996131425
49029177901527894962028556054968550009095951746944664247772616588889080917883004
49370778764741650377786705301226379104694978585687980250281451304853147147294868
73986396347966475362453836262334122078637347139852674858113936809951680532864687
57789742419256058117578503274048636900057079152149036446047732276873515545232068
10152968128301565322616285288020516624582579744948495266945845906682180359801065
92866387859326742434567652494583391223148963189593385229580249667279813701734446
45013071620231490834515527120949314984265463233450229387525714908752703436830047
26910872421633270877419103017611613203116980298937619358415194182681793338768565
89142394138078774859548117784809114166369540598477688224554699478919474573480722
02596158880686862596611887822879088027184499730912473629864144851996460622421840
33375460587678202141498938792793459988990579421632474425997448633674041264662647
33735431816383530949832155237218619029497080336759457902317532821075610513956128
57224636260729317566569517287589788506057564942711746168106054226843313405417414
73866592893184969678763109359814972999484598395882403819087210251719345687302263
40768225893688812922896195983903849557645277136990725827098230753714294116069411
61405962842623563083731928884151953015797021779579026183899526626977715273657773
23720546086564276996557000022876737393030472719246959878428510107269512055501933
98425529656534371281227273139895380786958190276229854936021568448955591474333075
04225092218390248604252877577398967833531937288198755367831567021203444811883475
89744511498656234125788591707212079204034013599190298134447747615512118514716305
69312533879899663376717657692622381570317317078306269113202080773142098095226523
93604346460117495674947004735085153156892103652752011343952596301708769451874666
11841083290586385006942830689467322546179354395435186476920132178858393601461483
17330071111872719034424833778963431263096706232525951440080662087006103498943460
22817926784764423879792453971578586798391220842100181298934327971307148407370945
50929732067912660362273158657599426266755907631315525877934700842404002749881795
56112751204893448059335068409219149834054439458554896249618581141041884533697379
77121705626456369772636768681751709082289155846402199626038374878762040491978295
51613768328126874064677894123391958689735083184614190003704247185272045843120589
36988851018748099535562759903358956297939605181158395631050077136754291777784763
88040109307464769580756605857404840014071833011491320399442261892727189895115371
17331145044142027693967408041845105744991703764838146312209246411965555133027720
24322513626291836651303979675532785811510259010018925803224917359129959325206900
98821165446446376810221126622262288437628160846850552938336360095881949111210590
79936883502405866119267932393707716968293458599065363012380669606866594775836801
73077142561469314633241927467813597009058643685835384843115648266446759056386641
71396356222262431027229432913293121987650922167573085845915164787883191930241206
05647001618588411887500792077452827576682289820991063216231341474339456099120176
77194068411561601703374708803112673514461511626001400272837261128326531315153806
20734443288975877582674261409444810528081769836845460031701876683334709615980896
48005779747184548203665873822713648710088104454522609748791157376724609080192845
86619340995637268050772537786493192639567242079609094192775597712313604220380036
32188240798876844255843223842558437978530496309870934868576645714245871362953165
88148687027424919621420738368898131235110487783887573503866946723721659487358368
40511211432041309301237228881849567045031209053327140852753744935366678158167978
47051943583433444079467148108492362341466801671964657939496250482087905501364689
31922973386401130040593328827735952009133703182637364626682932024705101863921008
27049632668628245879908736747234442947817650291555991284304128957177781611031101
80529493625391402380682021770234845151812301301494844136357687221482382571363963
08531719388039818665240654783646928962868288537714509938511801377610405346334313
59399863123015503768275306902068349302350581124421584927915943971300212241737637
06236291968104144053855111573731697927755140450355287107176596532492126623629250
38301288745652297218713433664343649197922128296967987175274772345262817502161547
35830233328158366858962339049339428175234003342911904556518257275059545570536057
27199827201195898240812899481013324297735115842526749735811249887468216854116326
68397052672329484144804328763123969713489466701250339262125218624338547457862884
46087662263494901313809541726112554750128518719386150450905450622786476381564313
46889580934265475913717845124127403366182506915848690247803909014571613504745777
62559819395937201364974706436354429550576867499480179373203332896604125333440386
10146708655244563525522702597127748120174760411706776216830168157276802668321709
91513970640197042846881577125567060478684831789220631931450682732753626946186655
72445990899687816238146451072418009284956719218325012683837265441266949835704017
25818241049566725073802335701043099437738441240694059516118778781746039922935329
17960928293124728373819063073055227686295469404451880064594460775730163419040496
80610170905279342655369690288767343844145569927224590856321002493322882613569257
22844325606465345340062030211083845524085320166018907600091485737865732788113800
92714721333707542425392110681959842659140626380954581592865394244182232288569012
98908205228460186830067855621058392400976323816091102538665438222246477189231237
37017980477588662007144842999928350648391130751235073617151546073696121737340998
86909989227085340194673146145558227317983551135142033382368034478160602408673346
08321633775434633675416619651433361597658679144877824481764762387170599005565430
30908876549258077838710410717357825545887174338331066082966719131453537648482628
43672167936746012936806720116810762291888181016604833792308417399625853793746797
71540611864199410561731759652227205990657971779723280581450943890838562624381801
33624010210636438285674574244926655041045289129249082582460894033040219178453268
13940085638383219049808660566822760834953645456643639375721051273369737195169316
03279694628755906634616243211360400704582095376051137666254399855754186602387314
12710592215245696804392700663931652513218966773713750634121381958764197901968022
27792546369107399182629383714977375400150757020190069634768773657482110276456698
14309132883785339898351511094800852518247913900327204700426416021580908007994060
11833103233293046931798899413049696864020791523334521300843139526417909267095172
78639109107527209062377476670111227470857116764598259502858236988891049482961263
16360414585554152383087306438297616395262974300976950045597784771840672010953126
13940962479232562770787665882114486191697380292336577622011664913961834630412855
59616594456607351808832849249355597574169354470862005355705684725979563879022648
31148395536404441902317323736440334223043594106616857296008355326688034034750106
83639505612581018743770302846412906322871728193391814291825275279037003275047676
50833538934571405290654954894725914288779123685628827563049965019888205562871431
43214255960327758134552472559195534684139472886049213942234423130565307058368514
31966689585129100138460153741733232520717186499906172611723739436884587604869156
67788222263584318337168894977104028591025148709977121242751895436291300904078411
59687167353617071742872793458564228697355082882892945620360192579028559049992960
70895903437835180052845406848684190390857481465441575343894088493212757002650065
22966852328575842191803707842740477437649586233759998193954283279794494788436454
88060451672110590341282986793269208780133629775791034393327606901170919537333401
42417615298470616861618211754434870816977824001119264787927304096755237410416520
87111366367395320032130196999480021793177779233018077913874258764215351416086010
16995250227728020389753044162972494907595101427417908474611662611092808060376400
20156713817725411902050211882783299061708610754771357207549392084271843452841793
69895065768176037719412338238604702740249850617071911816745253398138915947837677
15902364875316164402511236530997868481139162591445714668530470425374228785857951
78369808052380275353621698595017621168052706463660613957467118736262388571054404
76980757613064053267144370845492456045589520647086682642689203325556471635156461
97575734998680717004533302945830959429529653263764581475721069774705441397976971
48846985100031553490556961956593933956541126811518643528172771001959614197848287
76139951339119389829895851386635647912321925579056401173555484239035015484518524
34024560448851123476630503172730388880092437784709744145030257278381747444029167
79894688714381843873244973898522830839156309208124581184868004942352528947692911
46132479188933486737489039455823176694928492766662385840236632994273152398746377
53813117370973798193805596075752122797011073200464947619147714089608944313063765
84661798730780060972526034468197777596497838057647666828781735111570128235800733
02312299471414941216428543964626192197856552906466879810526025726728868954826816
93797906608143443078230282065469814710528908284865265032548377155148396193357918
16194352566676027291746998241384314930385642141506854398788961820445945896397538
87283109934846966340405314404702617318707420545909668881323162114604484582632361
55653249195798002180063547110043945505663192715876543846944489363764648206559730
09193244730450031696278224384499854890612780519950604297859585898373469152956741
17413257434314952802990511988747075298617278582467707852701269759024643028960259
20854771176430174784027436206323739593835436918470878289504251720051437348990606
94282022635283940371615815797555744547262575914935235050937625697259216968089834
65825609455643614763396696669422922246357765024747453352399711453503271509762593
51081335939289229005225527959061181446614275957676135373714794242878076924304011
78174542026863159534513907403592852093504334855077579365154136988879072756284578
26283340535963729254686803273511970760336725671700438519706791189104894125374439
32551257490507460845395435740433246060405000094599001550292809983498182747551105
89187287075434668085792292226420732689698029428157586115439813222408048934010332
06105413613355881065841581234648207686588016686359136157148557535818113067385645
26266104841343473469458180012359093900360636493259192622622886713824712572053672
55538147726084867739793049000275166813801591262078207277611888738012750395279232
03372321550529434950674820368589418690741746427296252877227695238213838869498969
51300514126008608886335478658769043821618578123016664262438440837786448617870009
76323196229634542186102847697628285426532099707490255232488478325342927669940365
95661765770521917730587498014847131360549477970335962211459996066343296801297571
88144529881063347450824653072471706386539941917058698634165892138229680966005693
44363795332146897620492066038639316902928540051340387272464744511590004887663484
70139307744360611922221525843246543758594557475149805128429751072532069134495501
21773819296243916784266792154928982340381440959784471424110784488494490764406151
00016167953980573969205867248525552674821688430013797066476316584169715078863186
72243158474476323088342578348592507362023114892332005114366315644882566855062474
43089628689287350697463211856097276842562579295134607479697927238627220313978621
25647172736724320987946949393016594191922306300843789736157328502438759650597188
02248990743656513677318487135463313796083764317993502813439050756188302444449328
43372968908069571101464352651592605587556505194896603262878414814626943261772655
64888975507803179980772003820523869434089205693492750485526825634710648927208715
62106974609480143310774386397533737022755321110169907166040393559744313492295904
79444599269148223539251954080782571221330608347756016405179778479845326438769270
94783304222165341539898487543559118843861213461652961711949195754683741316810957
54919215380769294538468883371633627329891086989697558323634964636586923490130644
43914661956763784450315435777191985782005914557892660099240112726289175562525310
01692037078891683729175091232335497954935184860249174117590725822675662031366573
79845497461137485728720577235970638045389818187758469032786199668466588086346353
08310826445012927686163335173326077070825624957635599954202585390952536592962448
44782917569930672746756404758202402785846289327634780837069656726634263753337252
47194201002186875296438819799104552560998236357259987644505288738807785092016079
68356963031315406777691060890432386172585677279110170164333959161926295408105106
20802822342346104378945522144601020083846511962824180635970003465674630584033880
80554980382181931787963183345342911941294786038632929437978931806136927919853034
14715863550666428505622398205973763881939246662549768253630184754154358975048097
82587918134249807507801046343398765651357512815939521174572832256769970564726399
35124352321252464199079256076979038544663133224919470535051791036950898422616058
05871784925715287227308206949170039435834973066279321701652388065846458099860717
83281272944363851853148100128574029143222172683745184854437933497569396580727832
53751044408140180962635587302131610110257803501872765043109178743227649602364875
70076927072833198589250785629618134644867336842184108752190807457512954249767101
94078574846138874137136067453453006450471821545518022918267261314802546188835682
08990859607701210361863972225494453589069552117712248288001445807044493249982495
66534530782597050565740626958707567735178832000620759551339990743504639158953488
94675625063882164855223584359399279681349290369889662133779269623102518561397818
45547796232182506625930775195214277017000945840791937173851539735979075629091972
73141435901365112617137519487474682393400281956535520289912694849532727102393800
17735526273138617600601341855889632442751733856887356950938011870966529552019050
94944596412549226303433279394836758456971023525215577904987262130057175316052292
84970760481835668087524382844043525198513977869432472343756945496858049955117471
32993435450538953841866322806187731327530615341934960368164201593222870601554714
31064304382252240122469424855621171945509272394835978464568170790824284219050109
48418780431605838436337298268893416020826564420247210958554463990535662981443215
07390132576832941992248941050260954722357973805422226475910681633425403912859498
88492599906589602192373001365001353347095694672042553903960205381789088416936046
68812859786307085018050268396423042087966344624529346303271427391838182420578898
33310818511311060369702167811633453320831480042328491718311421650149274198563298
90954699610581337744129186828288400373034930910885268127519331245304013235053001
06728658646457916498637581445531308257679640032735510500979818281896534085395018
31681657261528499560589505579205285834210676114737466705783540010997665562359651
50304229952273577709354548183321282679886507635622359636991632445406528524389460
03677379648472313422753698043732065364914332025338027728244574855486003176455409
24370800340641234374058824277412483535670203539338440507546277477239664690479615
71263255988350210341068415681777383662551485701861762892397481093159650428714149
10529932458140888466249448195056639056952907279465412101191821093806285112394463
27050985043812269086493934404877338902083750085119064666095672703087960282517158
58651731737042845906521116338088466630259059391394851649903686785770206514125334
49798394737929253472593106369322898369518645822067423127689036549362445945857430
36489414380264191799389957920065207323007122976931726491360328649659848044092430
35224141646230562562754329157445662593317210533572449913210058782855645021551360
30421360186204116681010998893400893099978546571123537833402938324777221352976325
61805250433278372971588189095866730468873429551736373132481125232934710480311692
58797843000592852642978367818056913046128379842379249380445103307976450968891974
01157260250695753003007927645748551029478496569419126583556789092060813034342752
95509150501016032887276245174202851750990307487689352703146391974575248527245274
32602023188591927763276765983338575251904257301124636222429087353660267189840142
99513622717223180528678291712768881815371377766199252867312047697670182714371631
51068721477547473276366190849053221420828326104265063420781856132788876146020732
51559890820957670116516824694622984962616229660227546985886126537384425149500453
57766002912682288237165817133179630829585135532921232831548731776061395184413779
82875116787379467226746915495453880512239156406970826529029576501632038529326309
49351084411953942084582067561833057194517831576931723904311618987486499530972997
08470424446864777535996705565054190618190414180233735710064723881470888086489116
76518305194631742835907263936416676209571614323682339063417429728722688301407533
22485711837268649678000445879204075693560280259601524994361955271517921288914996
61454683216343935659851026363025076047628264624166994571398912570451911202543250
31485935437315949787933188825504078503826256808974044862513974828020561534883396
39110397886532426756734152892092279776010363837476150398051867691260062175142905
06708635002097300525557799487531452321384543552844109407915697070893602785275982
44540325288554012223903306792860250034917111284892201859340901706559703813723670
90160385712973002690207815790755885111567797720906649580144699052556568219141360
55166520824985030041336529821420860614982631161965937293595938874762188027682426
83597284250926457744767305056137053141157532870565629178222254100877697899554834
98369734870398578992292580909861559088815449021924106915693076746763275681810404
05622007854858348920921830711402052397334888641332011069789417648694252827310663
55930789500128139157774778830682536038996357932106376655614724464622780192086555
78870370763819667437168207356798244714792345660648810700069820686640990195640459
76206635140328377598520184513445071511507170990224543693569533432856364231659181
27370706820711527452540719212417690419213736707345617139944150855446025312288949
52235727843125044576347056088530813070862369602164095161546847008393411470488602
66921543350226484247258029392935783158862704718311557354101840576877561219893854
28537326265042185645848425810213674266690823940665276509267515213472667779848138
12604992605955912394317559267457423059586324525825642545615355313266895204647084
75560899954534219310095046090944906477206381536891528031983429220506054340962339
53131424507923385816466628965074815267449753083823227462960643867336320690222899
36772973974796073072413872976298609079698686268978165575074442665030581607793243
17590116959684732409182843185566747430461569746288769311506356842340063812834142
12790133508733306894833790094578332275341114280789951627336885786162591659633218
64867921854450018887396086775709450348098850910180741818903256609942703504601528
88470874958354041794964733922223483008748693168786852608182880318421152605726154
96252670169675540715548800114098880937749058739178789692256725756069783819067607
54422423575700474976650467396180881973998625705675791858157858573136289914833091
52116407234601334604103674453438698619815814663132017299480017813180339120136314
21577925933216838929593509908830122862663925924282132553454719198022527813505801
82537812335174297117799879762178306412542170604560737564190770481437751708435668
41576694645928320543116939051622628769426251711482219903223113403640388688878100
24458631343863989619162488901945290206311825234808282556380053566816587541900599
57671849720191626045073482773428947001363285030969420052308473726045520457270179
15012023597799231507927835536625561650513064957952121936406319125385148639433623
79577667270220694315403979532464923128959282888957003182702525721869115951756348
35641275741580463154236874257235336374106979981271913607365787354992564562754481
42683020751478089685967289676688771984529989819221784814768030048968717082638454
34465940983054432211504303472838874912713729838852770330956088989116020379184079
10709828229137882464160649459020821061233718824093827310743525180984570498820787
83912882965921574309896935320603063394233681630942100492246784606604248470906714
26211900966874420176867351314738628967180099944322972217958951557745988460627733
75305314249579401153370295471864228384747920049880156968476251460464998526463696
44349151910374272254891445738638740243617707363639982789929094995708056304289177
70240367886505925590016632510397078025134835262709974355684711587045879694598493
56207608253119753840645927185942103175998641270025370339184930173443361939739276
16742644298644906323069088034031738460915922680961848954529866002739466499213200
40104357661266379754657308823278677198382373156615976292243492472586018820681833
98288109365663510580412451929740848229448890951986994102756774447804476499755591
21881804896604107729965728158844866983464719506993845257012997498205301975898243
09272512723701694329827152255259407580943072628153204826488598349068032935477000
17802499730068747951661896583776697443195846306797753576288016836314585892775360
84736079281760989769527852606565339048649731589498256112310231140636695711444871
79080359572273509307086233799612906003150719513158633537008311463251730542890193
17618296974598425051298193355357797884559297086003356099635115192911905303130155
00831206319394207429616088693195780489689836909038496838530521291794857919015963
81600329000640672087441257839468054835521229177763381188128372891417811402855180
17142825457889814250404888520072687160517122922759150753672032319067506500690739
74467666485484481976649111113957753490964015697330839920147581976307036819268587
75647530572152606865512077415949275008053979487382556836982903430392750674962514
25791665732178441488823926580500461616086244297454841498604288561735785669173611
44648087238846417432598585610813856660030735828003250929391501151137724490237632
42824091536352911138334285354832643929434413051290152817929746679684401066675214
62783856138613706709769512900247389384285222507693140613431780055315256604817861
59977065691245958095930884799021585879342029500984529277887593689308742149712658
25145340838905063586120572522939835068466996102040156223200634989598798633343410
39108840172900826519013193277819855949933389794720906048448621568765103726844505
69625309375425789633236115680478028768421943799868168005929442565701402957089114
43572306740459585226205955066200612136852310875073950067924650263378644471794078
68525404446431308798267611392579481302223599479842427835659501559701443349810494
76476229237356700225019859990000504831183629252927615490338867874473114827036438
88173705767979401033946603858735714314232758433109391884930178623086822020062888
42565870592105642954817965889996326394929166109813238104594184395106451178488475
22871618955074297153250491578578981341775762317479155252530179041995926570418471
42622611289914627469522752198685494063708202126759826333828596012254860815550063
