1085398300891252944648805186288194650850263448464431381094011181585256495407808
3909438629305636026142340159693237577897454078831699559361890594640397644018556
3220936056989722184942263636146443591772550439763708861064336891732952710260542
0116477695376636789853312859920816693346360661008927703526819543481695235618073
0424759690233703022428525535497167492392579953841436720925363698346790725185977
5811119173653116900719186237799958024744729788240936691724041055411810937198115
1861252631438251009214858089537698149168498217047473530671569742620702122115890
6782183992771589615803831076112853721356171010173049269334709675745499813496009
812591381
#---------------------------------------------------------------------------
Euler(976)
2614386344757528430175576261817089668563056759431481698369410656731084762576450
6016023279334195099665627251181809878634095144297463616294618574981921984957860
7919718603699573787869185678112863699670190956486154872289373893846276595206161
7238671404451523029005198124993982204281985814222264139626138315355695339930069
5007132833817801536846846706467153393626070142444519579768894391202989864518057
2782692436783787307542936632506198652534621518829379719183927329635930342593046
8271907917494264722854487441689256678804584606078376260453767953222016942602491
1591777717005672708771795552195853039728391313513252424244364020612159864829339
0930322694385506890702531271580594897468024886249006483820789952915015186541478
3457955461196581453079809477357864522691651933089624554110070600863167458313524
8975560038156498402254334591517139117857110258755772062450859743334588320918938
7774963390674993322528997743945629944464026793285396051047950587247782018093543
4659698270891014117990135907144020573711980934857169286316208716027659767300548
3518784795507154041992927613761132164119569388529657633996116384081667475515546
3410770720403101868178413996638314428521234431179068640458626648151378763129284
7660103634687144730322477819526347423867321017046680934377630044957151549109516
8152427482306817994096213526124646621279814612710193315749287582890977638017816
0674034097732037969625136911420855736796768788625443554365672601807797789857683
3152510926577073263316748395466790997759246762782388084640622411971478662045818
1919656949063910725737378001455192976940208915101680829469854334292409141709266
2706092875152763881797356618218765032976224797562613902779283135730715342007249
4350080392642951400367806974303235496529088068806971346378598081137300332122055
5709719834980745555728425878229944676070083134050474190080976118082082802402288
8471879961082826215913232062547701244639314713838916211731679554175020267090459
6409497281421299248625575343660240671243906437690706085094684389751721710389202
5886157260485280506349741769576618825791519001888373108733371924080997693205649
2003381845890311113629090192845187846254038864085250237450903804836286116549430
9190695472956381503298881765062632578862999142838874884902290838303028122777901
9260227008800773362963354145615808762366687550962765859173492455824844093416108
99178434563345
#---------------------------------------------------------------------------
Euler(978)
-101242632924908849366960604899985284866557606077026247676676053856436785718454
0195556759559513538749275048844534646315271725815647110246381197932985584674135
8459561591762643268889500549029848194284404459445959542721236667178652577400683
8598415248444633152272914430713234595062451016521346281379016464959304694329473
2288927881742144555395512596107318090671424154129875979043087085219732044725630
0370864231823144335518621696767966253206854747398423749454208495875045989133106
7494850788859391036638329458796572486078941754434176371515021380460004970058866
0661298304786987790042242113895887070208596465640581420443576225004356559494922
1084920663493367292804854414645360721372566014168413913035222190612452923553766
3083300168825943638010089912361715125102031254383569000614361803770147163060072
9974297017163121883569626602918583838286206955162660952764333010399709369775691
9733991205260218603576970779907594474411891793397752311872775508574337470300469
5908654523997613749236617421829253746100297422687783837565848098658704903430448
1729550439891357747508830990410426517189590430314905322009043496542273938661337
1058199371009414887477052910931770313701613107299886941493513418408039378771019
0276518618024060972840219709486767400582966964042022492469918209155731437931249
7260524123356550786797237269808115160794366830523727092150426619677608159104079
8266227794608006827992890072028450593965611672936040309120495355199412099471215
9696151733237619072539101795062276029216535590364694379391822133190803655001217
8806236489171895621481619551313189421093952696387071005105424783608196119498726
7845824986709912725244848072782751436323594428548919043278991532759465284745066
7282227555368809390777929381354034894631321480603362850836452606669728130662254
7216566077668764478439194890475455789497152929519298854717556784329746883679399
0137910099835988730238270768387538726197309300697846702198709803344388778808801
9970128933252168876491005096128566165292769685245854290869633945518184567269845
1518751556525584515984644100003194628846502333879065632872415698995369921483587
7134762062163311600864522114720904531017820947283603029379863217859452700450571
3884793364311397585437390732299112684428503457942458640663191120133647502909271
1939732539941085350626950535892124771638423051029733630124982897647468901965149
515508890246610345841
#---------------------------------------------------------------------------
Euler(980)
3936701125329596797537954145467524177161783088229046404664499796061045170510078
0497550332927052611063371954848430712528584369662328446272844159491128540709105
8407915429266159409286213797762852233699525526546258279103002720383872415711698
9644743514427272034935056905067660820492940138203850008818821769999724491360604
8624539940326372013697109178631354881903392251630381864508896961982924640949303
2147911956525902831271567321834014485416303881601799038362848718539744503129545
6887622295544472260977543653326492050352075000734048541272804685432821044726048
3939403486298182075631210522526078835762552413243135808388284313043656077142804
5309759514758736599575171510876240367429931938686302061003481624201533700183661
7571373410929795029005282676727147017433172084648417448271721208431070837181980
6786690776680996672879293407233649390912738121587429359977054235472406918328242
5720902723301115224655829972376760793278836080472374554916131263699747436464019
3219606231870605223517157133696127294641769599528948348879557234812846589493960
5857700272195093017418231485219983151951904942857372973005480609704705344787758
7921331376312460862053914358560680538783351253476768199137712856763868700323107
9935827018726955628739375632157441582016082808467541042749241468290615631949775
8667129001965370794815914107181443494887980130052220138549321361703650243222886
0226739209121077258191430306260076747070145791391155221524840796687311728572686
1759561785036110941502240836024572027892433168946293984830832273423486714857462
2621047005582854078798062427447722688226062601235808344941695555393745039319532
1307247184035090962017563009888819254272006585401600193745204936835307494228185
1081571350065627963004573171004122294685426689015853178884140214447827766741631
6418620497875967672765157913205655687809423069595741777181845025662636992488201
7122921223974029760541015164472553910540924586348210919899160808837013810937626
6023434291671360175552602579999889053920555979681245020065808229156603373927896
1605444564788372732513627928599793362385742051075767187953371097169501363458854
1719195198704041726496881397425355863512941537579236733770636908271155314673873
3493154516163694792022029616979767309568635167357478653634393825996029912335305
5284304005683098729011297779667319956804878019303507346427466806597256359620458
2781314258419060034488725
#---------------------------------------------------------------------------
Euler(982)
-153699758626948778056441205007518962069474375809497754393755468451803329364554
9338891481594681832638455054314800399085918803852794286538790292573873242073929
0120231021004570491898113946352452780865840802899774863592506096528662156385976
7337664518767626171173382610411856014962132962057197880652679336560374485263566
7268619143739194547586596505709292030880295412315526862229377577458587325784429
5257447661630444222755408839940981916841009346100096513835061308708153606610934
4215844722649353977137232570063999156994508281913739062470115536143164655139794
3823631919664859189035832075035803862879936087711817281381281713334440943808068
3470931656531513286331247676889052838115305823331748492381353753355879565200392
0534046456850864183685445718314655820612279002972770716259207002751584107301075
7912190815524440532598602781784953079520850357967289891584434070443155871164725
3892081678263045214629654610396249629386442382915521447476862699210696266164485
5965105121463689532443248509825237437058169431455056852451760896115599788732457
2307831034842442356882925586298604920333882352246055777771281221482713420232123
4595282068380065952125381555190398988036400431316425411644217333289098025067859
0184727136391297722781996569221342396727110612482715923202384838424188039093176
0266286262805173106146325879815275637718234259059687908723681733750029460677977
1543783653162864829338009107786708237103969906149688691410123647879768836035763
2846287203444869502385193372894682332179013174361020173968845161142897776751315
9421097962781297664535288180691829619921506105371013829520700654601166555835342
3570609311627456810355339933823807451837902851604491730969306109632419709185276
8545365640478224046885986381936951332663921287907501924637401928991400484171037
1104596615851217428021119812239032720062235950541377120787980954931148080405021
7382139459127496331493564715239441677834852664393842446421006878949434039755025
9048393351621320428775743929539045490430791768848181030723726273938155791365451
5690541237791179657697545041957837744824109238249182500049299621478113368018720
7563782208559418112352595030307887616832854798952080465189418314086172564784503
5046839496830726930539961574572186449388198967404261440152188309986397608258612
3258854334327910527250205116380094040967272360139019114704797693289206818995066
54298977031080915748615091808301
#---------------------------------------------------------------------------
Euler(984)
6025346787362483943632428252235101380664982428659305987100519539972135224148043
6325285085887526757279354909481201223157000441281201025949284059561605954706014
7665429289492545620142323174403594829462853413148933318056392244359909803689168
1759114296958697446917976437649672820277078164198344524023318288834355979419089
3263509049679805074082065446164290249509435170432838045907006865399913115708611
0067902599996908522110440298273386064625803160666171563004834865698335180662205
8285415125597172958165069332583358189291440392796560601858938093446506097448909
6922840697433018369455122641932865973663543869816087789817678121117626152458657
9215408715593174649063931419959856423526748200807643953748501905394886692094431
7219645860984463703329198567607842228803701181422538720334714752258595378102110
0054234956181707989221220202033735751350989090595371252747860537512070739564607
9011162671443811389044393773208186455313372186437998941471111026193934712730431
4349219799338820640101840557964206862522185535997420192343418369401447709237172
0408287805673422183585805854123799924262186271594563969072386760612403319480512
0669984484197031185348690559718005757181345292837193751190264202784617268125277
2482097011778950467352898998807533828628917218512316657190917187868055657981557
1489670429106535527762460661979867029901285347084596336805704228061136711689719
0545866030719875443454912397572097843721271432485990188722280604461619166736151
7133101937921732298318809411729246805265047643474440635040544358362152395400957
8380792524201386736381693343279424972576397953759944938067226158794108048899887
9635456675124699089684636655086506998884022443755709440251383048361333117421940
7657729398132987236107106259231895164383699927054077493544647698225122528031738
3157686039789966547684106407841715232139310342123427081214874535517849238333935
3230250557857032988808500757916840395518771344929132127124076312600505973529936
0507489869668278764452711144257044963718122554692042606451015378436291023954413
7483451505871170899975822704531595081098776064707007472195646896399336458422668
6106880878190587127343198289361900349653365951611617470270819119377187806116472
5898400179124402797463027245377842502838073938847295861169621112847352954705661
6453076458557007135719554310989626087399802929110577260876380820171594174568892
535844652659966372475960317168458105
#---------------------------------------------------------------------------
Euler(986)
-237167643830118114505490442647201558624657244557909066282966551846728969065826
7755489123052928527032732676099454435611148652168384779829128041448475799510109
1874109590660575312911072980974869690528347725036973485244995231500051305613919
7673608439801373912227251268401776194693032099859089947200646729157707877053260
6690584496479704846196679791395586720784853549708319647888432814835831651593445
1196432928242018745042849959292812827577458198299667746250127376782202641202293
3440445458412981437858969063903243815537263983484984164590469838519478506498508
1631575377078211869009990762705743190804964607924004020328892827489220905540406
4926680743847757165880850217153694436386737607070506677492407069216781890393544
8005921968797402811204282714549000389467381221268109174768305767661026389482584
6657926327034070986022370023365117356727652759581382966669466913736638876672028
7863063625162649630909698727464994400342770488791290171913961747041157241288466
8830297903832802399105457247473173372247115410356809476541061143528606986700759
6054971205931120548565556189122399428334838017767799220218555947122819078813338
5710354193852156092515225543789321203950691982465809490675961231409952355187522
5802579135507083796297064759162111574181442934871189872924975841136626475623294
8700544996108532978111129290941287670571754897426673403291394587233718358416824
5031552605694954049203355228398476404740093534947522103294105794399818336569308
0872470407302806979264693179185935890421735456488886230979633854394064239306134
2393664772603344050682918932444187715819445741598501668117795798726440669337904
8951086506418283159448727025773689957994621790643085834921535330087961125209087
2340846350748705530671285507179204672939345984049122755897567121922221427046056
4447564939741208672830969724824482470275776681161656099583576872449350729122361
0345902356058685845025935480945927660050702983990692900220321841627398199722835
1296755935803521681582061572898605508627715441315300909559221982614547891174921
1683490797622733254663294019042700532634660029078702056428128795089424018576366
0542683669860645710035861864262213674666792414863561236163643794064420049556970
0590280438869242290195898708187535671730760890165270961998008339980690905137349
8421911163410085226881494444552382448637285213126816793270967713951607007170744
0794634279192183949326370082487168473122761
#---------------------------------------------------------------------------
Euler(988)
9373240972506480927206554899596346685623956471102732876919356936605116791233019
8275845373329973069715053435387967054175605913402464088311275361099776118830514
7422940525846208451666786133157786559402427009495674050055059616474156044203054
7063592992718066114741586966353201658966333659868384050570406493083166995026158
5026584213468737169340551657846715629876985285498580410381234856725719030733822
6565155261158766054551278739612270770935890110812620795093168807615536210368480
9190403739496257189678316931755924246196781124463017284857504388344396177119815
6146517571942852012861227654773137620701847498159654207533097790294888491293418
3380853140598586540487385884262312546757786522689928933043675910097441631769282
6838619932953860391179934061162958660449427602781393594311151800534401016679632
0442097830066498576691021934804091607023228292320594276463832949549902910056787
6313046162597034801695037043958272666759903398321470103187644456298145780631168
1825974956881200823099182580894174551014703791259899346142483475353874629251149
8744644401598638986597161764517633444100196471645564171522838453437086698597281
0407057560011444444613433461643803248987330007717877185006164840288900986555392
5920300268943662721678603018630203135660388906038680575271563748773405969392765
7139116715846841082128441338755813213806639721121050489138874794045812779659543
0492156199660817572138635806731145225601946987328257130161301366851152464171264
7954375419350643449900209429775825277039008570377534148765029311482358617212156
8837827250420649929191572130340241184070499931103945031728502526732517672617287
0154098433185421373386429241551378370712376211346979384320147623346603484998708
3737521538421412652082077247037409974735421059887495211561437537834563654241914
3645485757844894657029710698328404045706948446253341358760973002542361647043602
2626581751688537376817063008397759928497175004015337700453873800214308486456519
6495285951981039509337839814044984063160944629466222577204196189059759191513462
8972208153959864262448660046094682123682604816181240136595536973115922084476001
3930017916837975214598710779754334431193466872655249912412539793001192328490143
9791697635810773523358162005385598852895124110960575070786011162073891319096661
4898800256513502326227055325986089325936507585679428031344376799054025671138591
26176888551686836207192637886457110750307879485
#---------------------------------------------------------------------------
Euler(990)
-371947388998807705230419131402370298236508927547962139912622575754743278681034
1671619756939519236784041430895210814652497794726996595567606961847808731089457
5754068032696440201232840907284902776918795783095838009693817752042688265366258
7231208902997030718466257788485454538634472579924624061694232675940871192548184
9496374088170036642530324736742718512430113294234804963537883639895006650686069
3316512342004554385464822033495248062735305265685111898977303117535842065990708
7840164627550577891793745600764300360020954819375445860568390127144062037455837
6035976054923016284668275944326506997513033951827841036691973066844744247904736
3900432717829102512979086249690108538700775533988378585611873420131006797708041
7381379527986873581813055809410650149431030651965951409634620802399811883395427
6224967718349841017834437336562358373219887621979128126989040599226805571062686
7807196769403430710346076832224263883897695266787138993929520214812435843262522
5334131535574978800733550764358000126717141742656352732667546392368989626193903
3901511515049371467342213662116092922348788809260101867029618836223490194178628
6195095356114507939280039892742743979851067767795445404347962623519828825144453
8549218283869608726298367094658932266740151729020997250044531171071066585601515
5710424541712467211200519568634218387941952615085735716347396487990272114578859
9509276734993337729599876981087839601636783835811946624126148674333208497759960
3830489517506181303126334127735912345076407466599235428624816242409786930992622
5146722489673720657398236759741975939045074620396024969699433589272034594873985
4263086471863858977528486145014823266077423783027062544744644007322408497033168
7877386804968484794945542281763237062561319694922282496058912337875229713776012
1808425230034296979105721843089355815245933148633383466742891615749186934649583
5134244982443598345697844135093844331673566730284127666842890626475719652900236
4705943282689806238483075710935256097800011424320052633479871582619436791329414
2649324956659665180219539605490893744670663352619756148425033570068597355107638
6027352429459680445938169474990462871242718059579752348461096510924793421877586
8728020422071028824982428468280367374823594225080911729825253590100725593280826
0881801439764733505075972374794781465221547175207652298536727545821397603348301
779805489567510112782060324548288307786225931612033221
#---------------------------------------------------------------------------
Euler(992)
1481927942552498310787402519499960695286935596778147096846593852740952049482844
9562166580213080791847063476830923607406399318254201571306769794208147719303212
1320472260567294332047224609665687567301192013352507872473969462617978762923613
2756711474894070624697814103230655911482389949804040549605558355459614078267549
0114597068946098415508176606353072906693702577900434245338198209276094962233493
9059628373170316638259205695582984680941178963309212950203943582656340777454880
8875055785887884574005717429661198729275378729674855029001715921713156820159895
7463647035509153076292154827001770818429374850813076178264821552897794525088062
5576659907939431578514154873972960867782337003135483726008098486134667751586508
5235045685664893651014350230990071249808919153354977412850972035289254822562358
7441547608591893418279778102207233306643366755639422219704374089513526594882058
2106558729375080283793167499894961263103110592326605765962207831049487500330776
2108766567903460869414209353631803503157583777262803665347885295620674592836755
1756491305826035839143416413064005291524458434604975882434985333895911666735145
9957383612817856544419430188168575880905860699343758160310539630501320533311137
4959374507387409781311007210347611145511194124453316928019797475458610472604352
4789297435214860843213751049612419450628393066690828165481316103439051156093054
9500130650571619783578310608010949317864372281582506528416001913761715289523665
3700157729133477043046033895337714658241243388665613388100562189329444887115856
7842120326145204782629061456263241490536112404139205869872520229518044371603999
8182118995209415024575072572697150549448318396668418697237197362000043433848665
5216237302154620560785147504016041669621895993228980444241888382875330925589116
3402239063227928338105679770748011614483084698524171376378108126011876952274971
1450762611338298435322355296161865453839310803816425291939656095491610785289080
1738742827404728171324846601508738831887454643378459417892346086258738448860825
2115741112424931837733283647169959718326411201718543845199030866235775186487992
6748576247322211841892970258048137102468775945744086939556545909707923329455625
9104259885448611261583068359201532537835979498158380242484034663147203750919157
0256609871393044987199988041612545038946051329697819674980896855192694267648578
99492291944076018779550339468870605898631322874009300160865
#---------------------------------------------------------------------------
Euler(994)
-592820162117725650450900825660085578137712032503111762618467413950945702953159
9267566375018580106400644134183716911774947064624746480764618585666620012181861
9510501461910186290679918856492768929021232819294697617898817046630691757772037
9872131366416480788046084169740919409709788439635768655423394621492759561007908
2311820060985759171959822055133372224656559483394789873179098211786308431573922
9997185712123945254356885798535877750856918300553426029791330857082139447330986
5678628891736993986277332204920660138577673912723889184936505674288484760100912
4081417095470611691960215363782853168162728485006804892924384942731517752350182
5680808648702080979561854035442856873282452598121336921163106083370408889276922
7540642905752121336628241691968721968757855089819034681109584552481644818083680
2597743582450257226759350873118882947300633391120394316737765490815046392943538
9405991744618436266100677671579981134453530332001858162200298212376316661511700
7076471072314555845972413159788755750625682056103701585028217020966970590802441
2756786737959787918451760271347472533291718745241277099763052554123052061006918
3351276884655893477418445673854808060545156887590333747753266413043405299085640
4703648348152592539795663734724174048584353535655681015468689017433052989404059
1007818306161608640113296686349357113576454373834916550477864792946004902158027
6655735492658953418105815395093674842599739681389186945093974167753750750538275
1753669878514163002522886329326723213029557642590362524507572164004701590652826
3769881885321305689956139813242684324778784623306624594398306708658979894476142
4328328444615317655791279636588612830390980333216561443476046294311850745733284
7026370271375171298057525677616662893659162836614780410756441199775762552644807
8856651164915812041328336471944227832431911897218620613217403784976248029930954
0629036592250247079178782658612178285915225513665925106839136133759674342088936
3199404951307149915291732789645840875769328967487502791171155041685218440017756
4942194605620599761539667023912095035029404033783619086951092068205817674031178
5152643039551216887638304886063553724777397416731690909990616170055354086512036
6138558484465673219180856357170418024960623245126292957310417050564155388049266
7603297378629417689980462350913118004391986698306576285274399394606384023339347
04021624448313250718836998237956025273139936610024892903593483681
#---------------------------------------------------------------------------
Euler(996)
2381034186120219656626200801332301413982121788312773975079783569481999115992672
7713354416787582145588211219796528982772017642289539547714901633644215567822295
6729274191156271091372112585343770729502008339653824152502411777861471101659277
0158133949740971342605389822193103619926463420821997563377172269101405264155145
4409341702797198400985174838345878106813461177260556531058665327908970881597931
3062097104667193552027839631355263695061396865788176446276975384825948142703548
6911818470384830485522376837064965002496936236582512455844578348137761333487393
0189403231133466172164183556314253296084342062157398203647101249459753214909247
0998283035125513697276801513103940774576036643376252038612704546513250923478388
3366436256949516850243078712984954750022150980067579931133095606222920908156061
7803537105221275363497873272213953167076952476982432623766392762255612026967756
3367159324635031074114382169331204604997312307527888245795988416141498767482546
2726798303453022353625485668441969955518823552345460396931191944402425013482306
0328123997545976240494843402792095976784433627037603024751690787836467807936011
3317235426755726182795001637240144429889094993637660695565843443274636682177957
2339744326258397612620080402733331285227190265424643512816181402183681589087006
6952048003549655744268279255476861194095824469134112058306354125108559812411358
4673162622967000457106050203663120387250293032808913530887732935503608360743399
0356293226162615902950857664128413042600140765067381995327250061916945821548282
8826945826312651025637821138102046012786141264402661723907712408919543971678690
2101003559024432497031975960012451061656079814357859279098676227495911900014290
5626018553048441322306188510042905435257601778195315652896310178633961643920275
9126200267278284953498923505553821065805612947949020219451841225566313689350267
4464357797784558267743087020180867413428320768827423191934481630530424855059722
2152833368212372011801307593625209644082893222725105848922816819507572372553554
5300239779103544870091553612914524844837251841352911645779006128321159154617326
9917910126911723851760579587514570998506958460310197285475455561782323255948758
8330169746517568450958643515596330674448370507673602376881844315870181693223694
9434430133725506468384008044591334469801486608307994159106849322228338884199888
4922996858075272998949231178597057027976494635339787551741742949510245
#---------------------------------------------------------------------------
Euler(998)
-960177614062521427824715338407438325913429781927682093124278753799528026850708
4621328346748497335085874620363641641910011082717831581280906251363508896017776
8008567315525670901717264586291123608359202592424992390366662653106319551645418
9647979716551094569782978337352796995380615212170313039203220941974141743318550
5014446758289015142038839085875707548769141531934155214141370783601844735709468
7616362606773103560109458492846999562171292712757860283355123091260932450152075
4555440988130132921165063698476597368689051727587588134646543484632913764356485
5713793946123969097616230664079661816371040366199510838795909365781462636609848
0826834773031562892429143261564653674660848129664229713612571905112943376112248
7624891572337687091730345465693474588951444655229438665802510287818649474473788
6484912493491263497188314435333153518338040756751055641051941703622936605667224
7860974929595091399419385254321758275992086232293995166801780185120813276909519
0832425646500922509811317722917315062869325988775663685152658077211515220693973
7420037686735175515598351646255872083290521081129308233991151187639450292798651
8494368385109639833442364963452507930770241622585716773574131358086008763250852
1852767690550891062289300892286048504583548700832900633957550919155180147544786
7799657626174739643168231106857782113770564253996792198110418989060763439786427
9172840852894573521887002806228717433136051747960894403660541214392895290972890
4497939419659549617711937969417912312286108063151077238277845976029413814315756
4967275287881909275501812778249506526190553800912003628037770418003846888219251
0300602407914900234652566861229390097248671544910080599574248052087520616606794
8475301594017039130031365585832194567104972796357831641404967251610651088617331
5736479424094259055656341566501279581445290698303503046197599929811798437584657
5265005001553821155342020945905592844444748137276940572040318799307188761105497
1527449762541618614363622750423441182723078841707932052814703665983449767251221
7865221430394275649449768596716113282967469332825605101142257008804067490900574
9711518044643468793921800778638642122337369524509873309992378746174734523212278
7666131872046790178620252723751698107845649099115460788867865780473179390281668
2065077934400735034704485219401576531251138154062176670798107174897274162463726
2294230002373747337911297128098394469755989763203473159798735601765275218141
#---------------------------------------------------------------------------
Euler(1000)
3887561841253070615257335862527625561524633103258034866934305140266322097844082
8770504159149316049043004153699954965411433169176331319280903231644370432146294
9564335958737066773920908219917249727929015474079420992734066424444535596819414
0955273996409898484127072976324592178807384642440940104715372666555797777990258
8645947770626410590395989841863017326348632823617405225454796925245391582908750
0037185839901484491387910537656619239364616594472575623888810613145674519030450
4408308752398343845864080020428069254206243039786667058635119589573434371583059
8615805682193403820015355497564701305731055872615610511930633119908336151604633
6227261930302081149919913850897099724949872290507963136733177054558229796302803
5859897429914906986042810933706156255345289439841040370682724426200884830150729
1044839464048822078669996268392629378750981536566119853746995585340645647676869
0031309047084414698021356117559430229205869609385839182703064929128807102964574
7382608630427268715554569845082610800269614431953579122716732603999759804064793
0000499150455292087324232877956281899814857159505658584255772765832000398126026
0473868753984068645199554612495934172743673464005895939116503530702504832382176
1399690908675699717542377820994116268216056729329070692813922449036865656641620
0211651748326027751420546194931596701862113313725871629102891428418352313854517
8211510588286935024496068977945513860211155129294775005528204566564258261664052
0540152294142014706416843563234357322273142259370418739135602161326817741713182
4538222599567030751441656226050179359188098471243339805128470264857445410922923
3390166375711173348163763342194067691909844509912707978549992458265654055024486
9345358975908875010896698348118743876227053898678439405558922304930799903429339
2270983305899668043697789990469790687831855731173784766991472840776736132839441
7220274698093873202143010758747988292130623179397518698449058772865369167005986
3797557356850541768969200729420586538818167895155376518731120826190181402755358
