229364041908400933797287471459306900730077261364264796489517414376983976343639
921911906282845204713639400879384236719689233660478145939098844693846849559735
397652606209106946118053279892173090566774804825470528190763552596796249031178
438638220721386818108571637750190076391470788326077067048716668676089222425313
511233649173981425717134980082418023447597214297937546678053077009023023694179
193753192977922313664285483633758440836779835656852532868083399624119891470951
547323670259902636626733933607764499015223540188587254211730668173320254348628
784005709099517026714096527284474938283796439664049387124921379036575695809027
970602203736782375983198072023989885905400712153414417849515061476276135919747
233328479776552496668999510846052592807278175922253872808488537083614018088763
558025461113777602501862107876324758985352770461283307525947575784787524883816
585551111524141582918998187952164690178079694200303507942969502861945287972216
102038956715124832616032682492281479324517759372750934032062432801166538765532
378475621328059234263475012268568512602319570634660260579675345839782314593219
127985960455622295891543376771793655026109318329781557352939898385768741159242
630148034864262775854766902610977250723822252284606573473992884049778786036192
760336856031933526036343274542913348677998134543765959945487311832414557914467
579670400951440500712253127536691622802222469127051784112197314322750437767381
856558039358076163690799595070929974721787952840885297269623001939062414610088
282595073739299065857930075287717391359840696979882845734392199309476804845677
125671856379035314225127333934735765627871268299068220018352265429715331199537
932564878408698770328763012877906277958605967526138623209736582930271477905638
657637126461948382310303413616178778068684161261687391523066993842760996338104
718686352939943449266550518875233323920322486825822247306952358605335522016714
647949978707151892928080231429900997035026009971682035229979504249750249100555
526128184629885691532200296796722179314703351234322624994991998082537540924941
103084204885633804722418557382973398057693917394435829820501475225826758781531
328533903071768972065061165559612992229951730032716264682768313202303483698485
463457542726271659768906877101054067115848281409710323104536268542267502494636
313917603293914533428076575608470391281209635010464751479093780880623490358573
987164961311519316441627432992310048400997345131548874746023534315702755986546
419930381983240102827121529443936841926633067763688019326992176786492974632598
716276216828502567138817575328497854418867552617077734583985690495894900415839
281791593289692256349942554701158522788491132591607826251393809235600121156983
127464946739457576355167698805241813711268475870101198137048084278165828921250
078787356909729352098951557615700981391818251819951390103388323869975235405302
369853399029272102084889480569672672729560978956768959094243024182604148749362
268526109460674531227057529514925496269809715309197936524978312609520870650627
498410248405174622026077918272690622395286210825393577009174792629109073059929
567594701403201917781315594457466124493197582738514533997513977873360061341755
094297084853080022903049659741734648106305770876563018772713203213533870625050
479732106523902137709191565549769900122942197969061870767370304986686342001352
716554161718577078481305580713731141342746630928889950585105933116878012073863
374166904510430903735257356373378136977442814954459335151024505598333566888136
108009406782053966630027898317108399815236545861422801996639061655490678234506
915462901065425413351240298188165616551257566329392941384531741251762074505466
384536936828762122606512561687284072048247568938707175736801265879156921976180
045998588614503623839969964652432137623351748822394327616900339793201596131599
602563866687687890578723260593882444444301511921552449648448025874234655118633
979717577390402661979690507670865046220309545885903925670909742546440363461612
508604252822373751526942647762163756840910875232918221432075196469079361455464
281237034149145084920376783563747448927711796266349861652962141590845722985558
453776811103991362534810573682097047671770321697593957709192418346698957009716
832220596779074717041328784736107828068092416513667409358328880215771628687577
966039890285350485310527116392056530517079490823498977798463694118977544368139
638246438587732908989659821848740343723530555567306099652058531968697311959599
747209804401041551469077985506952433445006202278077946195134999938631726524295
735308871715696097904321538003147733582196881695801410730694269044355073369877
686860888873703711387390847700298318814940768095248999615001948790186372375925
342504016832166599604482528253554788281641366400434636336817634684695882220054
515765260456683081463890691583933395275215207407963035239495412122882161873790
827172455908336841624589378676327548347445789974321136121736715102318987135693
384593653871269764197811447613089775661543207032361109598384908593135781130415
137438568905507606735449727683662365179279730005020449772316214660555517249980
596068181627706234593414084764702080718339621260475109620754018475451748071342
330078861892308047806652757788928593070798900229275146493491251596000165736413
326270863691772093120569999635506986315340489821162872835491763576525823886037
528372925474704521698776031882727733484743573242192121553664846429455762801463
241629757527749768038269098910661065608700293915136253403119554904198245696801
852851919624264856021525243837546524918275867033904710351891142551476728848795
962784504199402517137247966838704242408657921563255870821025725681100390187133
637469458297789599668717984970384525486609314614429707094528470800758229206700
145388336961057605771633332311196812816800423531043217512030872128378660103725
549929095292847857226189374810827650742256570471549169693844847079871839711475
282130880099590242278166231282828932093604247913205360250977715372289424940921
170674193805361518752341684829987063033948898490343451708767384175387871697372
078393291614427903714325681587094426757751899211041999759362883294191735520490
782631513679705101664597680855302043099874182725227634352405599503591166672598
771672928887394394040881546675826628352806052593206145856566337531186471344865
391834943720571081702350229807536165859929430263739818169917523787022634418658
833144338225609316560455527192761709003509686579294870754937941869689526700441
887518625841478976202070288114873005119397881078092832755630373260608413635509
067109702366077091124450830172555155648105669312586320301295079685156696311020
133460134296814402422559237207752051484018266682691990532509699818490923513836
143991493196025051458080357393288593917360674058729554419896959462666912981998
507027970275870245559699784069096070272673404669979037159604482140967551159532
841890050495680221424779438861165963120566768400033690727545801958334164627493
341485772861341203267056893625237360596595708898555769212495972484703146241945
001501105395767435317891172883261204065169994870925003262650680720663175681944
403865708534660836799511850638713638437262137036202454810229784655337454901407
758408806064147208824320027283520842323030168211885288229354136923877105460091
446716099335995610207669272169351967498049068577091691007821907961789271479824
057917379225385344391228835479422198699353325844518545484214445813803486248547
587960119914943569828939678491257863501791478185621006137115202827087033733305
783650200699061221656004252132817121584065462650980297657064087654701947628569
300489975597622431910148233153552403173678386784293279719164061243349046081513
252041347584295573621035301976782695580009817440853487901335844695282345282990
832956175621050248482047146317880938159183968690372395074837594538466518808555
149294637954377317330257166758404769205920705115887567207605463124413138505225
375213730844244659865629195977244877065106001615685339471763817692907654881764
517544958045186983549430539314899309963918120574579368327222757065982853563779
318915808404471050055694948883994120243081179474750481283324256758215343998878
896374154653826894426408857182158477405064642412904809530531663422480558012858
509771344676751183599023375243200936992370098208929806226595692353063999885959
820742167100084044183812441960562480931706550307493748432940282251311143203606
373322332725565531500075016022542139247588048722003863337939449499384121606045
605981564463252961261111091610227938545478862884703843326941866853615444061773
920436135837304028661587974297177180506752880181157458163177327979856729546227
290842574053639255055127972085242541918656810500088360562790813449992879809248
467629184071864121555651001196701820887606285539066661455677747002578971827245
472089772648309781995321461941757058930502972217038851972450900564357147289654
030905228793924031475534679939819164919068377846310686913791566462563882629033
208395784903968155620159996955420443781363848814296901871415187260911624468506
443921990403161990429901462578782662924400688400993569841914522915931602878633
068340650939620771337406881919562023565516762441684136373568910941047285381203
087312596205518680007776108298932029933690258700704820320055493481728142791619
990463618413651978865792656572963642018954477333048075777633078855055335641811
561089768444309226691731888887729113647378108751606462191260779497100727925911
627376844012611503801844369920678246777194957218237206471187257063698129685631
172770317509863751955701184750020666170615611738948030635943335204294119065060
018545758749589750174685566144847829515692040927826274335083764251382590010001
744703291653658731320331138529372201395699135488268238838752240388885562778213
215160393055006667206986611379627104269688171537022766664162337914418695278740
084887967188998961329487097851312712436807669074981195084538248149004411457693
931341210230291414261278074863664083868199146188714182738217410928100271120352
840260319288565752643023375291680249847455846916971534278941558000913032070941
553095793692654582914295347287845199353191564162697458125234841091830201535286
512223563028389636393862341720793796265153745122697696198636287350864309875089
923730064524161489616998177962560752955189585425753730492501936161503977581573
211143636392094892848881418021135072250869902734344936091583842086917312048153
895883176087681803007598679083868294942604740167367547409505267305841474620555
750479350222435231798051599800295857465410776810281561266390868833936302139401
949244334785117383891297646674147755302966962460906443798941312712454313437341
666882587982059163292255637412171354473009520447872798761732178185515067241433
142886232169271636600382152721897180722863266181578418381247435245025837737596
128776250036520903890790425238372727183025952976171277180313400242097661801490
811162163617539854985206532059317303929835858783007898571941746287421889629455
468095465864007439861696348593956401330923120276434953830002153474674935258946
710892689348874179403363727367879175051266307641656717095671716713767106151066
867906884651969890215407588110080361271030170573010128397100136764757768141699
898918167155244714255070467811045481202598674893635306075524625300879223239372
162268251747625287100082702591310727508619299630974278493015894540524103152558
749827504929510084178045047186050234266197690875570202470714178262471346650091
538629400568698149144339472611389375625048807663823793637285943559951491469664
809081300523647544466222825925963751714846572569696874640331295807680348726549
122072795054868928745522440889134810755181240339311932440810516046817706096503
816958995704283431305521334915338671226391996783282789076631948303175969515800
877768078003493336009906821959543765903034863924762854457644976831974366589845
189333616870528511989592141257541835614272883607812111409863098650160872736022
259549004203426411682202959248798011529017147403405284044649088878438753766213
947545548573660442357693908583936436001740161263919385915517276644647104212646
735849341503777941471709205606597934731145972587886891397167572804473631582914
759083471465262343656204535219159816380645898040864471357739010977853603152767
481504891239200188665605215105503292293204334633756918942392549237501101935715
955572178481699065707781691739818076867807365041889595002715190064148865558529
502053898731068649785669978560611951891841782553442327933318923864070690862146
888123963839754371388261815703106659441327002807592959474124365280048199681332
040073199001016329116849779734604707285407361442399722368362621262099302428950
383895010421091675640076854089136269830753428406938565454497171297147646194329
378608896238542450751560329888438171472122053218115448269243273314868380053303
321920416844241372328229307603367872800068717541162915863322743354824568790794
227873884276601153170858936478094602393696911271763999412309222126340992606979
565976144484945184433210268357989291440017572322230521494097047792308217648939
818926341683232236286972299622655348681323536711104132383663775058849261233003
753013180186653642239340160658541803687698948823541166328128403403962205419660
952140230129085103130300378962647098288390014291928675907414515041575005282205
956238774135314702910403681985581329697711422090008729011667594948210627359305
700474455231855838625495707459987422262094095232653041486654404643922890954364
823666254918196755268195238759574121067868353843235901138178955374554182088912
385318756071581980370746793982957592752084662283420464003177303888250989627858
956502777306787842302163035485406710391404434819644135588679182428712625291207
794614910272156409014557796387156212702183628203782905238408097843611350447418
008412317077932506116343533758345613079201720918556588989451678639757135870220
259813161119577284045212399617190323193487413082779325438873459924623342980162
168737121492232477425769599168978960671938014475767936420561871707627175729132
850606997475494468319799468809123795431227308747879954962063870402665321187488
724378307583083516228467693768452831244317438865436775483887698441986772197631
360088640470717790181577953386330448070080428587098678918163286725689394615990
689356674290064207727727818992306987151514910630667961781868737501593921353780
203837581694984484518071187567768595516324817366847260790127118326425906768803
242674927039450221507728636740774545643408130498302377127980972496006702657586
372062091406814882761683573597339935948958090055696631454885284431452103446070
070085553907667222938776382367748165934320963778962886699998980946350738094146
744724114545483460027001489309255851117143339168324899859551803326487885382454
259757184871760075167780595342075308925903779719673308375629323669126376737898
849462746473852772181118606216486341762359198705386710577189864414537258758387
137085707431744332778387829986409967989209391676650546241715365949577629415955
432643243879426234868558208960739809026278270982465584823851406000529841883336
579538149722235030466696886460692046535223870936939925078410056661835369831643
606888345579586366507185384453355228801044858610880285925288029720917449177280
503999818072755477258257196443804494947062551337810582206260449473723070607170
778353528115870121425987343546244915570110870199193035523194485265464406091636
651974312898586159359301048189839711818151936389161035704781742454222754840875
297931140335901678903402082528448705155478263865440633617313685404428736839336
614875408004352849084202454811387125992672843388709783483686072323674133712920
698576814103778449339685428443137978609397247283922652116072417043985927081233
069594350773912135123576243806414533296339659071869261004573596596359808385071
894483036207211915970787494661042799877421177386857502002512245201141333340692
393899626166300839355219663675797963082299733474820004804261180493414842993535
025107090980408018449581284032987297227615540818082660711221328620885167307060
500404991542218919207350631438831212594800746435952250962423271603173982171141
627667056399221056328046392855169531533957739645400224740491492243614598618234
529577418092337308769155884568464388029911199176794497461281886905008584976249
327182891833448457771748312993597456835145447655140937364169265848746025813248
486276159794103457304000765476295294627996898471594482926936329086664966613136
569608272023481728553393162217685535787780861123078554744850637042130797330837
962262442196359698515077568804854780711139902670618365905977214914911246871034
859030449526448460054689231231228255172160897873434767093908388434617966991320
603629936993507592590240410110629721306451796309320059628037312449492375796280
120266284916143744167481485020384417719474849836940091248337181490161783787919
656979942239956373675199922850404953636369446554582348838489999928620254304078
197736273763203113454050592654095961454169196273779895120991610106183156621889
222868106960537048695751484758144054432519249870329385869756873275916493884307
358117577925038117636886709035565424692903834630801864953343251190084697095298
943997170358941148937973226566312048503654620173744383549047481273621204290671
482194122307258955122333984526411799066663669129670264364777265346863342172866
533026803015052108108883236235022819626347505379679818251895344816845655311006
200371846919342196669839588807233575961884145054393130315593937326958731834672
463762329620517713137448710235945472402209497921941552080877184565433919678978
818872914232584004871134550608658850148698380223744058051958063758584520706793
366527660417490481519630325228238019760061948241311034352533072756782323768890
645813424315363361864605517165583886564400738271467135590622405619439510192933
948286617767814847712912286921097364516091008801875921743832032861089117885490
711608799555488583094742835146484846801980131204008131640710887784687772669892
998452898975244524809703748721667649619133248778742573092637738429797026048242
442437110016311203119531656071717057930462292253243464566599938549205720360475
581597930692901591175492772449728663575226746905636869490979519115157355742120
834128052090920422587078840260488119803171537361520338748915051796102907814380
921439480305476257906501714009593755125497682782697610627558571722319625635332
312358544158250925718296101422119928738078031826791758106869420399877738873342
743772924075045546453917732147164076008861341485179285059972067782888562653257
957516460771653451156813519959373849827584924258065066888788082785160538342973
608343760260252955395355922798666894167590954097472974443177000752702284644445
218422390617211839546419671893850361261630543028408821784053319099210438081882
797290013474004190552420874788081337595395989031876988792220548724217847231153
351847030039351006131683207822720214348375455415533158004272456783848444858002
203678713172563676692186411506623789239861683433441835593891182271586887560804
724504637686340964602965267543034130217119883879560587791923131518007225578448
672356587800949819397062221126147057040687901388542934499013458529440297404620
513630581687689087463668405283824016586989022621389776690650865382886035832021
878485439764605790831616221784550868305531035957917772056878641616082402177507
621225023477929041576513047612967611724841225876622613989147791266160177099981
337598216085587648753587069260770224733013292607094017164140555497442638331683
239846495994720110187914425868597209774850317074004646790788438489867562731448
546246650295314092615438535107456600929755985241644892931941533888491021302077
051902021957278912777571385227449934947352306116548981060222731534752494337234
519056891058707622802308739129155351745641590692406530649318165840197550370919
493369570660723090876653442823618235479781147747224709599172187497015524824428
609758113578199631129863988706193650203277235632388028149333506166917308581154
243421841836446755307847121210563863098137891918734766388472094593311505908996
898689711333842864350210685282224460359430392425768999265945750505123729090015
868775971356250605969884883726143123052105844927747794339697642039586592192502
109785004011536102174230937444150009958709115057291158586821714882349620378902
973520528131137866170905358394728611222433521691793928547947964680915079649636
177595137101697153221095961166351419611559985868173439917415774531309581170982
636337903092601814976755622303919082033044256415689304511343466586770745767329
127612902320504655367424908657083637290671747138573807156878239822687510995299
494064355330793468761899028308010598152146019794602206722474385559342389480827
611593111671337305445038731580109550046825741373564681247993859369741067638312
570228472893181853495505601173273785187990836537879319760092443142855318865988
839911525229905516611758468773376701367234949210764353697975751739514164187233
524085024955450913407016222265607682027110061531133911397349402807769603622438
865481811143913248057287520672277773414914371594360187806179534010483406633583
789057702929656253859694268141435842195749305787972585035998401283185555903281
853349251930708702858105653121506277587158054594766625551548160772560460505403
160023341741267015599562569313763479457361052591829946231813570868440740230780
600568851845886569795203514565035004723738704324309417259004620895606096334885
114757847579130944455395183295794629244940728766201475381260949121119967591959
716087687023895546434263595594733706120362951970553330640359777662707386617839
737982021710503700900045164721170388654891162044086011861352184713690045087866
943612471569464324814790864088405708510666821423763499225986852674904329117659
711224871170843468197066253039845460373521190033254517405182457515783854718531
933609283958972862433600748244452494197194032828838620040163601804859063224515
845567501231246240474415280274448744544511560896009737615378476105820290072407
699644536134802798073724922625864061191419196194159918366145897521975377784462
044858096474557902162180750946044962140339782108477763910441221835925840961033
349235964270867763965106184467050293823495351256715630877287468465595596255522
762542911533252047280371051235100749495754767295762388987159119278075400192188
537766903435853756799831905840560934451028818962600181475574629599418612199841
717417319276000935621114063583888795732099722947260784123924548466475179763401
562413577337081293098410355949067655302731922272789317474387643729440596595799
403956314999081519006071903303583793812054479328392555104728021849369704286102
319752171715698500819355185370075348895818805078237741845190835944139283226327
873035856592696569920929125913807217556805682049762644910341326380327243945982
862836740552765023654705683139480289631921563434643861940782521909209974548689
765870209296379248006795810259725047008681673035319456815814060758644886557977
088948699025347292947194114648045187277546568381278950225539133141384221354357
706797894056126455076516042152633642373576680626164288682271363339904343528464
533279160585744370251432427084257938506466354698353422231651843399779187920988
069598646763251194067192259519733506244401980431263620014326445762622594276695
621945493469487640045789843238687839501331913792212420370058345154449998037008
756635869418722793610222071882042844736872761575132640240676066845034284672823
887459138610244151255939166007784945040557213745705612352084157239011071126009
747554169043637620514320994447058293199343357604097550508697360011774259450624
940270840938403612923476152373983268340276274808682120747993732301198008225505
092502897338771548602052201863344871694681675246087141610993929128995719823135
606252079925569449786415861652514666386011811175440265988051437201603965831322
446884053653051192584169751198518549311681386075292030750749896148242787754721
430715423811226004169283895102931963327689691560931960436110466663362131887746
378509336092182644815330865578429969219899710240697556591011110781235974679817
503654998483307718498176823337921180351057148594566516095555219845385337201547
267585813999641736775550196404743488017349598134144619980630383797178540689268
208496870048937908923141283317617070367831374176716150420275873622061978518322
215092381302974026599375430370669356500858028442646092395820587320752401489354
868370204731357294659074992635046251469101083960357439242280533542371291563364
394620346449257119191186741695786816648897556310964580476377877452631495834403
582462464829497922232432006969633034234528996702400508295443522220698311353604
758903919683620786349210852393230674427704471478680918236301239090682791535729
665374115279509865172806873982415408483975029190556762842982353047565184171887
125000253477162761730417254379924142541518106366480415630496070539032921685820
813898585436612782815025239707243533408890885805156032503389700936062594943176
311870608468577015652474708578862965616747564707156396782649365276120542571298
564685519256374599272439444192921824411654651904938107533936227225032966747881
946424030632038250373427098183079180164783253067451857664903415536751295057938
845404326207453748623013288403726088448433200784568602740203738755379674184710
694799331243362254269336374883840395736729367193641268033419844039824486390777
129565195895946045249246450826890030571424994263197330940871712888766170073772
898254921880606754209438043233662994636293852084521299105364624442736582451558
267443240779229653784229691257488695205667794875233755783153208440730825148246
911835569477958169123073712743159868167154599531775889166421417715314043008219
583058223551161299942754790697700880598920051213387301517927511653995870263443
672090066077998639522213142651806093920848557485991194477673620191163245230538
842812931159398378689189473646380148499894396229966094282677150823471632468685
553725375102055652389757195532952147609547754012057505051683700361851440883642
663803570743915446438514764039379812272625938587199545470276886824331598081072
692208557861962614661960944587804486009684371733061265364494727464409780165559
017078561217434740669450916352656895942094275268728452306080066987030044745817
484286722142307981755177852320840708992026161816668082010279084570815804569956
225932958833457459098190617213222331596573233821755424852593904329694456184574
081495634750135934891037346166342387787028579228944726784066569952717871359040
151269619601418782609991601489141696793870163404465188119481404919244163419671
854950677036795352563017981135579959278374229535729073728344397740018135005339
521139411169885000064604987269942767521404996305671461704626130655134501928194
374188490937119043686285902299501435186908082252114821725319270033978924009811
664721942194083775513539902521217582762184190058139215433238196322331311904308
381758358228722323725967927289556921987064420821008772125087998603703755053629
005390897959015986428547060807893399456837357875348267458282937302122656043302
155104618601553535619579311012634808751025202439018145383029975363688862879576
091381658144761326152560335222916324417971178835823713366436428291399471824748
323934264240635570194245188150778376532873383547893140340021992871799861334810
370129756575492427309820066595635381722508022541471080060076974841559438769240
788995651789415317043380483506945091285462756611229486023828581069737098758577
121855662496380059942694829671553877771918421418508990056345084226071021209795
117350640372662649906970394511458373474902315462490476620524273994310992643723
857834911369116780799615489304282193466530322122195308988625912510165703410681
456168737383158931327790473759030466701456551707557131521819506876444170107660
353951741626841489090114817937801040683358713939928688777245831235225114231791
780671758553632946701346789071349958725692932545705525573328904069964141832631
443955598181135460698359781100889201925486693633191718665467719820890514327268
435342051732795155057597191987489782319602526632467249371044480677922867372150
917851418034725749886272074704582743060636335259582752196951691470117303341302
216930690574794212336537656927534476607625167047158868857706336452635644430456
937393789258158077249408519112943447508706439453569890604856517489642626229407
062136565273769794056637232417056301437546131400322736477663140456439637869892
041498191984093778863751756046589520861276242325149806016311662746649536412799
368031128070047477761688431072764499586750653383767970427129272991376074523412
482181151036081279189980361739241522669454234665933079851424385315373165290837
530092419292730105794753478816774029932474226434922580612482193225705104701758
204027217270755081609280586934344755666501311721723585783898831877800795125605
544801423988901864938143486374024284637231833107723527525294246422549851422871
122607660587333950405455551697071162731125265425535142747192599258402830159654
106619775670579147206332139927066241756033244470332307648056077678822753362819
916283827286088605799784597853819029808020710596983514954768667958034824470369
831190282797802360780934369575719641913052148796317557007400641873646627816747
192458939493171500435360150435923346849141078517805725774037456644895223479064
354675012881217283111197452311824905351461700152670027973846189574460365543285
701408817423384934149704041784122231053818600011243099606127213730246760110345
922044780690776402182904269107329548744179385013970033150947748008864359709182
671522826531204786455871556358265492064213895248752583355362717884033072023315
112373419083524931315839838570141072066472637367019106082787150056657699804503
828267346024913783326219632198061948733943800563198916240821318192555837929548
537582446223233808258549970176464381798866027869303438506636475158166497308267
520798031636472028584353819991323835123748015036412435154443909922610787136919
745811216074976255725959472159493560267252998642997648719884985008578448693065
172396343287560161943023516888713850278552152243846999110483057501233654972208
474331175410689342143979237667341606914593301176408259798367741605347376140884
856231258324488661720703481598877100006993254427883897794094346633808901573353
646066646839732765187834213947856981093123296220328510227497197637384174851820
912220999895360628516010105974449773899915344612188984083769192548619109156261
104901338831215711046112380519058979513079070888330549994379204857570200540195
041417040166996285520360583057914127139488930957167199378832396782741315822318
452157577436458447393830611332912816122620584413843013478237075982337990038647
986499951069922294407483543833063696813803307386090827802750922534636164916132
057112894330881314021427556396825411580264099582460820571922702387573231193364
696472384892232393918662016211941306881396885370880484908312995728600282270445
974923216197811238133290354502061154004673210909009253730658211577317913328461
161987130371082487501014464044014100114454756769923788605936524107865083551312
467869939382807250070466993739723816479617711661263107569039079499638781591632
177843026813768603008623228530196232802447176030003608840454351859587285363811
106541382321267844068136368538593076977159197910412799072958383266106249555271
760982650572858884159658615111435244871050982625827572639678526916354859085106
000506703437983209801048923875173745298987672974235798764302106515478411161059
357219502378308256509615702874914436860256773192383513896084137840804919306338
239333631636027488418952135015964957935282970035191476836064519916952409174982
698957734944612168373706597384173979328702179469606465868189170398750495831512
598603839941516076637016185221836993138684372478357372700502022474875931352128
922068750916493552763388709723777705664756759940357834351267154288963821182647
596039263277786505209981791422530904823003618966744928708072065307408941933515
798012745204737518413537038185430641141903851281171800627032245848094975974739
954570777533291129159430031440055974395264857585866938234365400188386999396850
567722675087249621015144460040791607935176395559423747285270939420753776593027
033233283812367838941906918835065588485390914184332289845239561247656913069760
454626494458827460326566286517316746310632363437697070826517634402493916894836
697965890110850054471104640107474694343594059108241605473798762007854244715104
728405798730483272965054974631839192058730634182976188222729777329763791504947
051052920893288049891409838787468276933289976273690486704461369151130630408264
757537901327612796794376077918256612834409668510207617617901546995728546713065
280332377218813794018409312991496076851342954900651173683868132726398874413567
545033596852789368088390326154261054973624825846583285886702438255806469838059
042121077689748691138404074520186185810384338882255295421335682753237231315319
451858346687416990119319280305138984540856087820493288152385560224804709798854
774131957254082841751155231858193739812966456433959031386980925347608313339086
483341439377213734512663886913396584563869148969023113594766441597356723538051
464248984930499971074942241961157888544102306220537846408910754742521136037327
156445997129141435667375424635650715055891766281557499822752682728421538997743
024140363265686029218199636132608721946459096176483578095706248852989235576414
755453450265311711534693042270288258936165890428008125751168511342736106212961
368306398730745979880798384690201024990931002148335754117221511360791437807832
825637238552528356723419676678096486042828333737030254965459777526397051461726
311370636517228834202580230989853081238539873407641287180484466738765096742977
223527402602080358146389672656267079496673232850745176838963130671819573393672
959365752141110184469405876955718019465289120471272429799473106872786336994292
744767573465253011462045296986122192031368402593121629537105397722445147943886
218406403738771465836207537028549041306242079913090881573001416728658940966606
125763675602895671623108325903515156288702155140655504964053305031059502666872
256535655276092070413455355148068330853845099966579311194280019947732947007306
407350680484958855026522405225460284758568905764478816984407295494854691589973
030709028298485916392743681576347378934389076380207464981019695607632020901452
739094732232152598745016689463960298937434985019131049591608124079138482097237
838832380044060261740238735770621532212752446131499715008900210437649989596803
