7820516347 3056839443 5766080505 4953912914 5864564189
5198421266 7557032614 0401652646 4718191682 5561780500
0436626398 6812632605 1567703737 5763228255 7237224033



7326563439 9261010727 7749134762 7176169780 0242024174
5421963354 2368342108 9982050983 9969309009 6683351729
1556051800 3291237502 7974138336 3465570545 2783485374
7615770729 7860282642 3169895661 6215364150 6119169118
6958507630 0887739841 3314433235 2216108648 0753762756
2795357326 1927680750 5917919753 8220805055 3608592143
7064255882 0407949945 6805320998 4521619529 0348747172
9158788043 3789802719 9175755284 1249516455 3897366903
6679774585 1060492373 1647493348 5138913107 6704781689
3150928005 6525080740 0336026255 8797465873 3895886504
5549105944 1871151078 9894764277 2391413200 8590273134
8230514711 4710862568 4424430556 1264573131 7975946690
8304134034 9698418952 6412808130 3923795354 2339551451
6436858329 7176727033 8799660705 0275380884 4666613249
5208470595 6236035132 8876356928 3104042351 4230736898
3022576189 3982210451 4711649750 8649579313 3102305164
0070274041 8722925525 3125550507 5196263090 1419042881
5837860801 8722688533 0334260324 1887419947 4309487098
0900779689 6221521278 2040363871 8498691155 6892852678
8514369208 1119896699 1991759394 4222765985 8529607316



1102727719 3039228750 3735276746 0313649872 8601485908
7801089027 6964810178 4192505137 6836394432 7798589783
4996707510 6459160807 9978149867 4621295942 9929495103
4556123952 8518996648 3893151341 6634256253 8722904207
8570031005 0576672387 8249942293 0433187629 3310759921
6334103488 1853078945 7862130438 4469902259 7151095378
4248396404 5195613952 6499409105 4193480278 3338141050
5497503863 2521344166 5253257834 6241054313 7242051343
6561007097 5026474975 0601879329 8970049526 3510803848
8001221708 1134423115 9233018250 6552329000 8053296095
0529674761 7827764990 3380464927 5642460784 4006224775
1022984090 4464576088 2840084383 9653757251 6330908693
6595011316 6805903176 0653994130 4678318604 5006298095
4641179322 2760643945 4509746403 1190004046 1013636375
6652514763 3922056408 5394881156 5665156414 4995469997
9896155170 8519238964 1735048616 4401960282 2837023105
3195494455 7157779195 6758859753 0366609882 2024968864
9624023737 6974149089 6227826267 1716470905 4545896434
2513581072 1550993127 8700181094 7933780019 4288116971
3845597813 0343759117 4498305039 7272005088 3851002048



6452766917 5972913171 5166904145 8699094829 9639788578
8471241582 1518191513 1193646592 6550224699 5225206586
1237108617 0777529724 8009628557 3811172643 5043977239
9159135333 7279437121 4939748639 7926247924 5746309268
8060161268 3328108013 7307606789 6388530352 4762479577
2962330363 2060797531 3117003215 6315773961 1414172670
9684579198 8967823317 4980250090 4092769839 8894869465
8406197088 3711871716 2678950598 0379928186 8790835967
6744386739 4110895371 9698618297 6738458954 3924411217
4432607281 4344156833 3778396580 0933241626 5311975886
3863145759 6991628226 0607790333 7395378068 6154995433
4396662534 0413723933 6058376135 7136631484 9602284656
7534731883 3395976940 6024258503 3382282696 7160251488
2648376703 1393661503 0465569440 3590997958 8086530647
7527207618 1214153941 0681855315 1735880056 3179789508
1069982071 2326357146 7145311627 5825250080 6200983530
2998598765 3456158772 6559057767 7705235068 0073472116
0449806488 3912344314 9699456629 6883810992 3179375961
5151983265 0120598781 4416179328 9005863320 9563904496
7327409677 5615657921 6951256957 5734306501 1177279446



7699754846 3963676474 0951978746 9857405002 5666304304
9693037828 6467308890 7406762172 0816291000 9270841088
0219803664 6903200660 4898295265 4419736165 0808708999
1399726806 5256227964 1804946454 1564487670 1280058394
4430038777 1355707804 6564329913 2187060632 2081514275
0622404635 7396332303 3417129205 3079551861 5942218913
4174393464 2698600396 3040050800 2042870415 7295937353
0995771667 7615251624 5240929006 8764840944 5244870829
6372347946 6340834676 7889242904 5159840508 6071695341
6892727685 7026100718 9617528775 2516051145 7579234875
8289688272 5005829643 4832572501 9488704916 7329327414
4146938616 1100821207 3014894509 4220915611 3531966015
0600951530 0421518796 8005009256 7027746169 7526917366
3358847895 3104875162 7925415229 1573647418 4880129370
7600826420 0657418502 4170407054 3171728758 4945349675
5969256058 1068000917 3553233924 6553976580 5611506266
8571458886 2313687782 5027075077 9389298522 1289837675
7339444061 2389601946 2548014968 6695371667 5692027945
0041465728 4567068530 9943119591 0398723702 4927090104
3532552598 0501157121 2263284707 4507459034 0596438552



8208729191 1849839551 6680440487 2154753233 9125619945
9302810597 5250334168 5465676518 4945399888 5243277578
3503720834 7774127463 8187405458 6392925447 1150555432
2799818208 6818796986 4701046561 3411868005 3965131346
7232381249 4414047414 5964713110 0723335520 2812338522
1405072386 1536931660 8946059307 5675862667 9075053701
6110407034 0909262826 7488775028 5975237510 2385452677
9620553060 2752777436 7819405779 5338407659 3719123390
4161229938 9658775405 0420933165 7806959653 4125892927
6900210583 5347234056 1065145554 2932009170 7450439470
1995669836 6277022470 2288304266 5069045512 1943837056
8467083823 5730118163 2285434001 8430494979 8582621768
4156199179 1993512415 3094915801 0079374774 0403927636
8882693841 4993758057 1751713447 5581593103 2745774187
5763711877 5713224689 2272242493 3777711395 7558484346
9314320561 9352281759 9764563384 4635236679 3269416636
5293829299 4731554160 2622781043 4045971282 5822426701
9760969254 2335680025 3834894656 3112495170 1468994004
6400911880 7408707732 9964303094 4043581834 0841417580
1847899502 6247389569 0754781926 6522199349 6740541728



8191105033 2527900215 8545943175 7345887327 6958639774
1338302654 2251574881 2728581889 2732849776 9691108525
9385652172 3918404258 2582314470 3106476046 4814502022
2102865333 0865637440 2259588047 1321869450 1443668175
3853073158 9200519065 7548015823 4491548443 1777081767
1252046119 6493945018 8625676374 1453768645 6006014215
1261292424 6459673064 2846488510 4976111918 8467204986
6454759999 2680177566 4337900340 0568470375 4475628782
4934898408 7140077023 6296504170 7501045403 0069683112
3531729340 3026317221 3170861762 0296043445 4820954348
6763695249 3941538476 6753809577 3551214637 4990805038
2956467090 2052304673 9855643558 2380712001 3405179535
8177592661 1792974601 4869213202 6306003931 7995648494
4444731611 9372536942 0623475637 4504782675 9397321270
3372805781 3431266211 1738722249 2806333639 8345193036
8038925930 9688995209 2520352785 7198099238 0576236122
8496065232 7697097076 4790391394 2314021333 6869039480
8687684743 3080122688 6994620347 0823716309 7247047250
2810603314 1647014474 1205421382 4030812834 7191009308
6202697490 9153607225 2751286597 7495195070 1446835957



0342661460 2530281533 8482727764 4979007768 8980744583
0108058076 2580282652 5398467121 8499044394 2589188021
8806297599 5631428163 8485112094 7134995242 2729096625
6213105720 0278602521 3027165243 5730201321 9950531711
2041933385 6243218115 9685353143 6428098866 0109585436
8526010852 9344637841 1885371826 2721650745 4141542909
2412576342 8168346424 8035818333 9986607357 7309409498
6065706615 8440701673 5064684551 0834483041 0340714330
6886135064 8161231335 0084423362 4141744252 2038471620
6858157780 0344074422 4089977379 5250772272 2425221632
5270798286 4834239360 3199360077 0157814548 5499732791
4957152420 4777183259 8625574711 7217600047 5918686134
6576680074 7913882388 8252605950 3696145637 5550948364
5524943318 4937579583 4470825651 1202977130 5489059858
8936049041 9843661556 8028063910 1693150794 1239844261
4146314527 2074906342 1674666562 2082073387 4054410275
5527732642 5726662603 2543414164 5180646462 0135910746
3690481409 1394881734 9150190905 8878658865 7560805463
3191153957 9519922691 5101752611 3553536548 0449153805
2352430920 9568391339 2366418602 1848657405 6531386585



8918038882 9010049544 1053950428 1908521709 5689709852
2266049149 7703442563 4152011335 4359560162 0804833457
0567858284 7518288694 3264572847 0941550706 6390042021
8474284148 1507293211 4255525384 8768239840 5964036946
7558558706 5077805288 8118437054 3707668539 4020436679
0879472757 6997674271 7439082411 4225151702 3195532601
4929205324 8523316443 0336141058 1348081211 8784454016
8004984186 3719537750 7912250981 6883959439 8437434905
0092769074 3049721973 2166826907 8681894298 8655432603
9347996027 9152866631 6742452049 9357683219 7598296140
9060960027 7500754116 1182341365 9519543647 6826597435
3872503433 5575607603 0942645937 1768443525 6584561894
1330436265 8549333964 4881366781 4189940353 7812518636
1809861431 0938046860 8423894176 5717091983 7530273529
4605318217 7484980676 4100727806 8935394877 8562080766
0764628864 3497578138 4916754969 4801333616 4585535923
4218744439 0487282202 3274827900 0438097437 2224090556
6579827925 4079201827 1917640731 5686878899 0869823443
3324298461 7134807794 1579260789 4378693787 9321819276
2383208856 2198256262 0537061570 5336509986 6604373352



7800430297 8538582577 7258208143 4930689509 9746902842
1232148054 3625214410 9926584513 2086983569 5037934121
9278770154 8376684625 8848514803 5328210057 6225953123
8439549984 5597718366 1774696948 7713373602 9490243201
4008936954 3524642846 7039062829 6129253331 7560905458
0152415336 2697046334 1560947714 7038783311 4080455327
2026698516 9165505458 0885262347 2270091856 8381152913
2516075575 1473298310 4817451169 0118544738 9050027079
6628135737 3328915219 4735131715 0714211819 6223950640
3606625079 3766101141 0909757198 7519506279 0767199208
4156183831 2623278705 3677949587 2093480853 1033700370
7967698144 3339865319 4730055395 5036137371 6903540441
2274418482 5089725543 4113291414 0992101050 2794060781
3434527454 5748910397 8703959255 7677197303 2662920585
0021841243 0561101471 1726658858 8758581109 8013622427
1917836015 0563008450 6126095803 5114622186 8970392656
0067677522 7127811508 6918240931 2639832388 9514330730
9208061818 3670533272 2219967122 1382439249 4133845030
8553742913 9510060612 1406401527 7299204721 6247469060
1996875361 6129309594 4353196702 1387026224 2747134252



9519834641 1502152585 2171907334 3528760508 9694898596
6187372464 7148445754 0042632111 6913066108 0007590199
2768527723 1229433845 3753734455 6192707318 4207700352
5188819851 0000910588 6970246361 4133946373 6403629167
6485024313 9592226108 9143124584 3108024918 5337663654
7379542810 1980063946 7549165673 8822093720 6795502245
3974952793 6043218760 4167371252 9418689041 6787560507
1581918462 8397499517 7618984701 2014172849 2253165997
6424913961 5534630455 9673700366 9827139244 7461722405
3775638845 2506057383 1172206330 9952246138 2751543842
6248418305 4546161423 9767958075 7579289295 5358231583
7910599881 0001363558 3580253819 3049608748 4840623244
2130196731 2857279756 9638089158 9114151062 6829367132
5339044322 0443935122 5627134258 3571937580 7555547099
5280586509 2748914856 0615014905 8672218630 1814539552
7154337744 1157484301 4604542104 7237106590 9374589455
6018507470 6555125049 6207976349 5262962858 5741910611
9868433743 5959902767 5135124284 2162787382 7040736179
0182264211 6190565452 3559821346 5009844346 8474989342
5519419061 2568539471 2155093835 7783997339 8535979920



8044091401 4013019692 0588481624 1657792074 3850616592
9884295428 7592676532 5764612786 5813653869 3023064324
9514872291 5683419489 3397732577 2383110186 0728599213
8274399553 1670717977 8694631024 1209656299 2515636907
0709797657 4622302248 1118369933 7954003728 9040035528
1383879166 9645146305 0174466783 0267733915 6584851313
3733221345 5591201694 2819944635 5869119901 0467025724
8863039143 1318926902 7234278807 6559567143 5508100852
3328736761 8883314330 6258402854 4613817909 1649151138
9868861020 4244109694 9303994618 8156434692 2592382271
5423732556 1865763731 9111383935 0829844737 5787630908
8819066974 8750346261 6077362010 5614764919 5858889526
1757302986 6000284492 0883309869 3563896669 3573658315
4321980511 4630291803 0353282391 2512265145 7960451129
1362048141 6074263483 6890487253 4774146049 7928968665
4718043110 9637020693 6618003815 6492646017 6322823546
7525772510 0634810833 2460496397 4581894856 2507159279
8514006882 3456587664 3286169649 9447028761 7278607401
6278793760 0313403053 6537200163 3610673119 7354021657
4274552661 3772464146 7970163423 2210948392 7352053992



1618466844 3165780514 8578748738 9956117356 1574229271
0799789378 3041174634 2331723123 6870629887 9939563796
9323438140 9307730316 6738558758 3365894879 2192292991
7029253219 5313106313 7516995648 9555627920 7732633443
9956069913 4012345566 1866002723 8644091295 7768174567
4556204269 6966397914 9248546317 6155558347 8849112031
3298081093 8202001667 0821426195 3839391351 9494332455
8741577258 3694811634 9214048473 3546704852 5276266990
9591444857 0908316042 3866343355 2347995241 9332174312
7082642757 1501537381 1447046489 6147792343 2391883659
7604173276 0691839647 6067866322 6749291933 2316113187
7673919132 7131564491 3056937058 5515339505 8229226297
9366928009 8890127374 4011072991 3075848391 9483725163
8752515268 1209356155 0689661281 5652785043 7743856737
0659686571 2904074504 0213967864 0980501628 7163242664
2267337613 8215295623 6522040211 8843091692 4496201670
3983772402 2900775191 1990173388 7256549451 6702488423
1446673301 6979564931 3895385861 2398111668 3082572022
3337246985 7377872517 6730167468 8527011564 2775820059
3935709812 2586901258 8927727534 7751245969 5452503898



2611668021 2877573805 6368563156 4442199458 1874028106
5680175318 5564565295 5822886169 5528627420 0281964030
6143910590 0321537979 5396930218 5194232688 0794685279
1407258771 9484690411 7641691522 7472110682 4390965834
9368174072 4391256726 0141392055 3750443877 8509718690
6128308954 2144509045 4534852381 5226121360 9136327962
5618713641 4316494221 3935544220 6005338273 4515307986
7230668801 3562930131 6501765553 7704716300 9150624792
1237391937 0575413872 6037784409 4217302591 1250492386
1549381900 7039732269 8270844593 3093837163 1480611283
4117948631 3084619959 4307896849 6411168708 4337933440
5700795264 7802553242 9988270212 2395890715 7262154491
8831198911 7964922556 8725795187 3764372652 1041961886
2359708076 3708251916 0197482234 4820994433 3236500401
5103308033 4509873420 8212792141 2004204801 8050107979
8561723216 4735044013 6981148554 1058811972 6087395394
2549086287 3783903746 8098832081 7221479683 0743130269
3815436368 4537845761 5575201994 7911774123 3670859357
1769209592 8402888000 0629172087 1627379774 1535129580
5029709944 2419138076 2872308506 3578557022 0029013432



7092777298 7375157616 6247484047 3928515508 6316421530
2820835265 0155756311 9590836823 0734030439 2715181050
0275265003 3708689498 4288132356 8496500724 9398847401
0569473433 8056373384 0238243607 2538873309 1113738840
7645000377 3447847091 0018648045 5411711002 5614054087
8369928869 5274139261 9379085138 5229297895 8106283980
5904499241 3872737639 8571948291 2844834765 9740140414
3259818850 2453910670 5917683246 2269483973 6115718148
9852877065 0237921321 7892695361 1637930446 4677102539
9165684431 4443202029 8116859366 1665925520 6559795684
8269167629 9777340317 3737803087 4820811784 8767254586
8373342463 3452419941 4107801536 9212415987 7833997466
9973954295 1868182009 0649697610 3678215280 9895298760
6995710356 9096028371 0085997898 9894633487 2095708021
7923366574 8707146777 3673609724 6399221575 3219402369
8804256015 0000758404 1175731957 4984167403 3303526039
4809737885 6539028866 5909901358 4031964803 7329389860
4594203986 8966162227 5489436550 7600023458 1410708961
5093946926 4527739423 5114694011 1277191491 3692543785
8539483527 2648575521 6020872048 1249169101 8527179951



8375607328 4426677184 7679540711 1621801535 3987918247
7498161858 3564645228 0308632399 7713849928 3592092705
5530786651 5564527689 5916218692 0347015645 5573402876
6926384132 5770360160 5964596904 0322551231 0202955997
0989164180 9071291457 4898624430 2977071138 9414628364
8484871576 7856779487 8143125124 3293550247 6872684689
4693387893 0968619372 1724524216 8739271859 5032641171
8319813570 8927075601 0792991851 4562750286 6219243697
9841781141 4045403196 0916424784 3921439027 8338683726
4171155494 3963041940 5888067523 8187742910 8551788002
0788117679 1477877311 3638802772 8566969401 1827275547
5020009359 2740494837 6919641741 7474376430 9935882811
4902415856 7172118654 5181954032 7446308508 4900186721
3652717887 4236275133 6854382584 3572609765 7633985935
3648790620 2036888810 2701585005 8083028005 2905250059
2040995400 9559933828 1560551578 0805692775 0376405932
4228538216 9458924730 8372693348 0345155440 8908180300
0097135903 1387603695 0646295255 8119323319 1042017397
6968511078 5451020588 4117474295 6674264086 2762260667
7216076333 8326092443 1171632661 0442814595 8606250699



8686074775 4290412444 6463286078 4627920804 1631617188
7736540720 5146931212 1432516923 4294535433 2472824172
9604332479 0290635405 7442643551 0165761886 8875755289
2490583073 2266885794 0636107263 4713145128 0390967940
9368497933 6814875713 2986978132 1192473059 9496014027
7818648319 5060983999 4902924848 2264519690 7669493668
0918529246 5402548007 7219908917 7291960931 5660548678
0271484478 3766043906 0031471464 5229672337 3821018725
0391731552 4586995542 3886136497 9298934057 3091186898
2296875692 2198783526 7888481656 2012179932 3557181193
3947899729 4113162503 8237716074 7601225078 9091391360
0736981616 4496155077 1156247518 4867186427 4187522209
8369926251 1079458767 4427102605 4910183771 4149395384
6017308993 3449360476 9733019287 7913802703 1350707321
0981882099 0421774795 8244675990 2008357116 8178448830
4787391475 3449351938 1401175208 8137059843 9846549557
0550101894 7463317851 3544780605 0024532228 9869595610
9812744537 2003405068 4331619519 8363031817 0374789862
6632707244 0653794392 7775061173 8437739100 3701560450
8542441718 2946223230 9874159926 1379231030 6397975196



2906214954 9367514934 8295534255 7326734057 3662545638
7820877247 8017012519 1080613807 6329419104 8376862061
5503990171 0577549379 4371981498 6022745743 2768735866
5472119372 4736483688 8473863695 5047230458 6168757789
9262417991 9242888086 8466327656 2154894537 7584642693
6601705490 4106967913 9658565047 2314269792 6688920856
9296287842 3316515400 8797079484 0446062660 2059142071
5726414911 8427257725 4451851792 2522992289 9892552417
9313295561 6293338761 0416084919 9666317442 3087794058
8735083947 8730728309 9169773983 4979436847 7463448015
7906910420 8387495354 9261759171 8541229359 7518990089
2226217219 1445930678 8619760356 2218812780 6388132245
6355560680 6941525529 7897496905 2102555871 1666880394
6253165815 5902647017 1799000399 0248334019 1847418611
1779142508 7957832200 3743133899 9438878790 1749321783
2857091362 2593452398 7992119413 5829648604 2387182406
7417098622 8121901857 3336815685 7032359430 9199084131
0032742416 3085607040 1839676454 2197565982 1525834228
8679649061 7533288038 3375925188 0213557889 3511916333
6359125653 0761963446 8859555567 9031931342 6753383306



6316434060 7697250337 4612045657 8575427494 4560577318
0947349044 6364211529 9853304353 6983846609 8461376693
4308461700 0549083610 1239165487 4021552018 0743832046
3746783904 9999351856 7810792289 7258746903 6774957913
3853503513 3607550732 1325600291 9103155131 0728317711
6250772551 5312573049 6232722086 0225214648 4022028427
9859329283 6688799077 1408192398 8378503562 2052945336
1568028203 7531395403 3176431589 4056325311 2358682394
7289210428 1477709045 2957049128 7593524120 5135868760
3284514258 2734694488 5456431933 4456061039 2771958212
9219413108 7466667665 9245749138 5391579446 3552398869
0676799695 3556594034 0083926630 9489156370 5155183329
3940005032 2641708848 8994601744 9665907668 6847228668
1018342347 3358074816 7860825699 2636145794 1434157737
9697276195 3625148160 4750464457 1393528525 9217578395
2785644120 2769631859 5151992537 0647385437 5073484198
0458523109 9524566402 6394525671 1483053596 8678311138
0040816192 3406923403 2609897041 0456803793 4836010544
9292069273 1323910928 9489416122 5287725417 2588071576
9800290232 7692992653 9672222312 5954237897 8187961729



7369231269 8629041329 4069304779 2690340796 0859369695
5308287063 3498853589 8063170379 0655102345 5503598110
4722630784 3243788750 2680866528 6661970123 5843107548
7193446996 1351102465 3823076326 3859894685 7435306560
5827530017 3591298306 9515639541 9433781212 1118044070
1536153143 8457987316 6672036184 0466592291 4000728615
7047092318 3888837125 9011377511 0154672815 6831261731
3584544495 5569340401 6062515912 2144520263 0400731678
6242123473 9841566360 6157002295 7579512596 0678909491
8071487219 9201151338 6033420124 9033432690 1903152471
1111770537 6749037925 0704771080 0078072437 9721999748
6780512705 4386580977 3836608455 7141592231 3112507699
4385057495 7208447061 6176464289 7016734248 5313072653
1131411329 6922449973 2589869379 3362053823 1043046881
1672702967 8179353151 4792526227 7150873178 4134720117
5082919918 1400243851 6518729332 1922367139 3302183937
1801828431 9234620686 1224877124 8161446437 2623846672
2738716927 0434322667 6282133595 7208657592 5299335704
6930167137 7062937231 6184028128 1466540339 3929976479
9450835563 5293134044 8149974608 2157314367 8277060209



0362000236 5614794817 9616695338 9820330364 3151976058
9388240313 1045864624 5390394575 6376887059 2794191446
3513165656 3853034138 0551160738 3011523496 5016026289
8331175266 5408951427 6454873943 6429000310 4649756341
8646706338 3937026404 3271999344 4501765362 1194183980
9140543543 1204661107 1022949147 9572822300 4888150989
2880052029 8222195603 1371555319 1807236758 0873515739
4941586386 3465924264 9298271246 8742873788 7107211779
6093428528 2218507517 6120316328 7865050956 7859784696
9439706685 7436394417 3341905638 3504407294 3862175261
0060673994 4657144525 6508218511 0811234734 9770923533
0607315603 4383366681 2802897283 5529497834 6861207930
6536662298 4886844589 7302368695 0573180717 0927104880
2093698860 0525942346 8558242146 6323714836 0334708879
0508346751 4163185997 8731821377 1136093379 6792267130
4808400635 7127404476 1901699021 2805036249 5514649375
6285725553 4722015529 1627360048 4207174507 8807950761
8459136069 5778824861 8747949602 7948214683 2553636964
8055794751 9580422659 6181757545 5372575780 0638500788
2894288015 4045147286 6450769363 6429261656 1464092376



0991944230 2530717760 6647646097 4890130071 2832067009
5834441486 7959642884 4265653348 0626985008 9001435859
7934320495 4700739790 1976240218 3186450225 1873557681
9538466957 1307006288 8292637561 6032787642 1596559312
5292492422 1613295745 0406538220 1672623986 1866164858
1434298883 1519203159 0579600733 6630592644 7801768242
8057937751 9254991161 3874081655 5196180080 6191448772
9485116625 6997724515 0821371463 2819036518 0877334737
5322139017 9569455469 8558946099 5099448197 6623160582
7389739243 0853104944 4078708472 6990640317 8359352904
6138482240 6081401306 7392119403 5926589229 1196901683
0434362279 7153048445 9807315903 7135399085 2305554135
8503033059 9426307530 0844749731 2132922813 9004149372
9257315810 3903671573 4392981372 3660967707 0372399756
4711313836 5036061040 5488716098 6190396184 9936105390
3230560359 0895271652 1688244120 7600029377 7205420054
9345059959 3284765791 4451389480 4179203585 0852529938
7445006490 7705032042 6246039291 3479186052 9641815140
7354308345 8770362016 2613635647 5367166760 5974780085
9031429361 3337929331 9175008485 5096043897 1811040988



7752004921 2223706955 8581249625 7133144760 6650693367
8827688873 1032445424 3982890773 5107267733 2667843932
3322019262 1936564466 3220548552 1963628598 8698212459
0594841453 8983552431 7193424912 9900618146 3959235638
2859406169 0297564763 1126229146 6746536626 5823575832
9722166170 9968921215 2632249540 9725300927 6090968909
2981539854 7781047546 0397048056 4097019438 6112437832
1613301721 7352016953 8667789380 5184729999 6113301753
0953639202 0079729438 4334427132 4196298010 7195951189
4080207607 8542247534 7076597267 9570860437 3801337156
1484930232 5710198132 8749438961 4948548783 7329709427
8163362544 3633308269 3990557968 8104948920 3758750785
4537640505 3657575719 5557194024 1392108268 7609088769
0522636865 4030187082 2701883547 5847239992 2894034079
0795136796 3796350726 3442245541 9128095770 5903158772
5558922077 8969111186 8653692807 2383024038 9236271049
8072888312 8755350717 5113342480 9692876972 0158667518
9142171434 2557639048 9594698580 7500609279 8100439092
4945240817 6625095274 1727415601 6145431594 5185221718
5574955268 4752772716 7389139029 0147202350 5989549615



7417316989 0428553994 4028302783 8377623650 1085909369
1920154027 6948681440 8826839215 9342531859 6862968867
7073556817 8360341970 5184191167 9193966183 3729700019
3822980150 2724830835 0801097177 3091110587 0894894672
3054289271 5118246415 4409106645 3295323935 4505193052
7899093172 8114996492 7253060347 0215987196 1345650020
6310713361 3651786165 4416497035 7368209762 5837494386
3039224877 3435717559 6671101166 9312791920 4620889828
7538871071 5363136881 5546679590 1553145462 3653372771
0941929274 8404169131 4541970017 7540191661 9419279523
2601888253 7303377523 3601219617 1161255538 8978356176
7083773878 5260756313 4205865681 9701929804 2050503450
9501358373 0270205832 4470696463 9692236906 3859331108
1122013967 7100067477 2455361451 7398246578 7334364145
5185212468 5804072880 1878105976 4871776307 9789332546
4580093215 6135484194 8421779175 5933093578 5967194699
1950561912 9316799344 1194597294 2434600010 2857975899
4049694365 6661909757 9329566805 4246701383 7449990948
8656972175 2978624999 4440386325 6488733167 6004076776
9071769110 2171332461 6671369335 7767751796 6874823798



1197416413 8932966510 9832191318 8912306128 8321306175
3473064594 3263123690 2194248765 0442656800 6403723735
6520012431 9482373191 1164158611 9940162345 6107055588
0366626031 6221668784 7134896499 7725714436 3570318750
0753298600 6333082899 7051279145 8197779206 0780694205
0549492682 0444046342 5629715753 4094927435 5797251601
5720797972 6607019969 1870098612 2241889692 2478331223
0698835193 0268001333 5158234809 7469113783 6974486763
2078154664 8812639240 8284186516 0249149549 7986442720
9866051820 3571764568 9499356020 4307104892 9581586506
3951917305 6385593822 1751430131 4348075986 6933265048
7479903805 6468350956 5616398416 0231551047 9659885931
6847452297 8453271156 3022567963 8245805708 7383359848
6159426999 2353031747 2056202203 7261527089 7606684602
6088744711 9518675285 2500561782 9728887196 7524660489
5413107910 5130025731 0392626908 8847423715 6518309916
3546737457 2399438350 0092516539 1918101842 3706418278
4463199649 0552888569 9393252826 5626282428 6907604695
9122933888 8263678905 2588962979 9260043658 3512928591
6601681627 1158503859 5099200450 2382880525 7871607999



1485779511 7410714587 8927892859 4455422975 7489266391
4906061225 5901846742 4204898306 9603260992 4160537319
8039930958 0318458741 8756119655 1694103025 8842746132
6771528604 1675625997 1668900919 7446205707 8876061938
2471443068 2007869995 1582186915 2348094620 5994733672
8416187438 0183762446 8431146227 1997183540 4199085721
2670067522 0557081779 0802076422 3877008302 3145963243
7697248430 2281374748 0149945967 8297652451 1116475628
4494882391 1265802232 0723393967 2487353483 7968347090
3721727807 1821993045 7961708748 4668322607 5483119464
6363162955 0461428918 1870344025 5160661099 6043968227
9760085105 1090393629 1091994211 9388266551 3643110459
3773982337 5470223489 7098938238 3349606222 4144588181
5717448698 5800768017 6809831354 4889080730 9801045982
9884067101 2861381855 5977913112 6585794627 9763440209
3254046425 6523214487 8549983704 5212678648 6295967723
5993867028 7589062826 9927949214 8880889025 9752971774
7890672029 9367123678 7634519865 9570801187 4771798648
4510898251 9553391404 5264040275 7528622015 6098390974
3678839234 3368690293 7949023880 6297699255 6920231250



4277051089 4350978320 2370260907 8772210288 8386917306
5202970742 6870592354 3037688984 7491331150 8457272408
9272768529 3202568303 8229026985 4983092664 2798169621
5482643789 6461283683 8042073209 2446348106 2482376286
7848195810 8547337889 1721650337 0931716230 0827835446
0953550001 5708732585 3718296069 7550817043 5834992204
3478239737 2708582326 9636237017 6097674845 0030410906
0401168774 8131236415 7224925413 6735065969 9997435146
8311300047 9043763389 4683811507 5044798362 2497756891
8706331215 9825736569 3430609810 1058107512 8320284644
4444669225 8358776454 1076542454 4616023777 8278842301
4324148376 0775272286 6645863176 8687572843 6203463872
6464703378 1045580384 0869900184 7001329490 6720162910
6732086656 0152720035 7037700877 2363933708 4619152832
0488231140 3505825354 1286718497 6918987401 8370111971
1247408166 1540189701 4577602302 3745038112 3110997102
6466141404 1857261089 5636960583 1244662510 3344217698
6955312306 9183533005 6188518487 1146756537 4712842537
8375360270 0254047815 2676963868 0028149067 0826847143
6627044938 3420886829 7956055915 3091431959 2305379389



7090912350 1683175231 5693892208 1723667794 7717971362
7192414555 8888086019 0380407494 6015109518 1573219926
3163081536 7277863953 3982650376 9350931962 1749307103
6054682746 3851923840 1085893804 8215379605 7037554136
3419453179 1021440277 2440022859 5051052507 8853005636
2548796203 9630514167 5053890281 5483989382 6056184605
9692543092 3050118448 2024440573 5333994864 6232469861
6427152552 0414183945 4588339064 5070021120 2816269037
6437236786 3270923848 0835704928 5566542256 5700417166
4346794270 5669316946 5903559002 5009811020 4615997069
2226960430 3931341501 1238520208 4330783492 7685212802
3229115251 9737913751 7432840567 1719578654 8200968348
3949354987 0633410451 0911558023 9978965553 7286716719
9806356218 8229089859 7135945659 9565839007 1990841135
2900703212 7984868173 7876376919 7501596503 4762104926
7928002979 8828161442 6247045499 3187358737 9611446122
0750417737 6803842330 8899512489 2738217191 1705995177
1345342994 5729725215 2140383430 4607340293 2129297183
5990233671 6755190204 8367988934 8578542813 0740917112
1274913518 8966503880 5950364886 6001930517 7479737720



0603859479 4431466501 0410771923 5172244725 8169876135
7315539473 6063610226 0817195494 7748733465 7530769762
3829299706 6593811303 5566698283 8308327669 5476109668
8653181122 0411325508 8889820627 9798064803 0112172279
2334181960 7984129997 2072008841 8393872211 3903472473
1085153277 4836698378 2486796544 8539605467 3324517828
2183737129 0684884322 6097503190 6355301794 1264823895
3511473878 6399505486 0224600033 5769136031 8382569522
3930439416 2767786502 2636715905 4260821794 1626062786
5341378178 7284203815 6593007446 3640673989 6675492687
6493957184 9031321211 3656202390 2615229840 6287309564
8128169303 5018696850 3713109547 2329376747 2224785729
6417081985 8940521696 5981052533 7889233503 1987258494
8893728640 7683296645 3384003413 9733684656 6429981296
2074532556 5166107548 2537381673 9692277169 5636536682
5813785392 9592804863 9346240680 0456128973 6777656499
2644452755 6162223994 3174891109 9786814130 0340878616
0964068909 1934466010 6857817399 6496691929 4071519797
7061967355 6327808303 7486762428 1895329937 9935017437
7033041267 8463941074 2390004075 1986059181 5646594775



8609699994 1255968962 2869881578 9024265778 9777920452
8945726859 7880151203 9187864497 1604999362 2264612495
8687721434 7718177827 2154033157 9087438333 1809450293
5381915728 1454183268 2112481972 3259721432 2349402628
9546957476 2101080787 4258476571 4780160883 3404962554
6506324147 4442371159 6789923705 8982776656 8589771945
7925992692 9040833893 2723324793 0254203274 1208279443
6936354791 3979579720 3963663957 8210495841 6314403965
4240938604 7528332592 4343500781 3065949179 4990770388
1670567144 8564759014 7081936288 4606343870 8308730139
9925372529 8366891041 0331359439 4347713254 5251112552
1110927987 2778595138 2708916366 5909520741 7092752512
9902620455 4103080348 1032270004 6208199313 4977410339
6993570520 0813490694 2080378722 0379046438 2890249902
4012213804 6339798024 2182106839 3468508849 3016791828
9662130425 4933387996 5487438610 9320851491 0533275877
3226902672 4129296625 6736459068 7559148963 1205017424
3945263893 9790244232 3703264903 5968525782 1378096515
0454498931 8660685590 9756632394 4226182229 5196564215
7254180903 2099804496 6138139531 2098534796 7114699342



6949382451 4966747515 9852900475 1805276612 2600719775
7224967081 5150580391 4346182401 2521809293 5634426976
9077593665 4520908202 5060278046 7149336326 7787205816
8159702504 8184007645 4284365495 0033719423 3565531706
1100284423 0300420530 5295293308 6763760286 4565461103
8275374154 7484910093 1287259564 4205697610 9993020881
0403531866 9489262396 0995356572 2335747574 3158786184
5904831966 4295632227 2610527164 8198398546 3379437083
6572964093 9488820397 4869606943 3331514579 1639720748
0723433442 7069762865 6850889473 0949815971 9068311061
2001028675 2309520111 0639978597 0418819427 8438731917
9548374603 6719035569 3038399401 5483738186 2624892618
1581754672 3094662836 2055651216 9174703278 8728457031
5345444858 5223696069 7986889224 9345328209 6934356761
6792601084 7238262589 7599052637 9232591641 5032763625
5946077462 7417043325 4493457444 8894772168 7627182772
7072947967 9929407037 2568210612 9508999370 2462171998
8989446787 6686273457 9413522640 3349817753 0833993906
7029665213 3803469837 2728905324 7600661939 2545820659
2897014152 6129507274 2629227932 4657917043 8371626932



0753650111 9601557525 9469406191 8181848737 7713426834
4442405293 0660057334 4588869058 8803931774 8451177410
2397358775 2822843859 5867202823 9874374352 9592115562
4322438928 9630027291 0568728872 6816161177 3035695272
3169774369 5929142484 4621189894 5750116903 1295742514
8284517441 9871337174 8657674635 3974745761 5954160878
1521949380 3821906317 1978546364 8068772488 6181039189
4489750730 5385580490 9207963214 8308935231 8480379090
6668134527 1782335322 4661252194 9926765291 4275908909
2262117510 8174670500 0595680931 3519528400 8043900757
2617866577 5125745288 4330535531 7484142917 5337424877
5094899335 4373583595 5457882706 0373973912 9226937030
1243965689 7123773945 1673185967 0419317393 0742310205
3944927937 2556695143 4978805545 7033059083 4011304552
4208837745 3018234714 8368540570 3839803008 3490146661
5756278297 2454384494 7365389473 9985342875 4328227478
5381373116 3246992938 3670295832 1529676293 1690157701
6376459707 3115455682 7663490194 8250420327 1623554376
1606289610 1031778920 8130071331 3496833865 4865407252
6999424381 8874654827 2867272278 1054698999 2436385383



8917100915 9271708230 4906672765 9616237816 8640441085
8757454793 6667543859 6986709554 7499965912 0236471863
0251342342 8660312308 3288725426 1484650491 3339140845
5713489742 1213326279 5637514158 8593834370 2328836763
6142721091 0916326438 1199307118 0581370532 0521818716
8903404084 2283314956 1397141000 9101715099 3735501625
0498698021 2807755241 8620045870 8968444383 0634459894
9555144009 8765192200 4434826887 0127019830 3940692242
8539144344 3769252569 0603785633 1636359169 5975636285
5116855631 6245250277 5453761962 9428904366 1945896802
3918515806 7914386065 5457630666 5385508979 1671967227
7397520763 5829190576 6479671803 8856453881 8866035064
5431683355 1245320523 8283278277 2109259629 7947436508
2733419069 4841174771 3586694162 3551515418 9766502736
5243778292 7375010905 1093082586 7898462418 6849472218
7945092867 3056564729 3726572105 5693249737 5301720300
3429846293 9903576040 5532694801 9752126003 0669803843
5039953622 4586496757 1735364486 6229608676 6502211476
1971906683 6700078786 1952572772 4960774953 0158270401
9156303489 6276315535 9129352170 2092981509 9957118977



7124690854 4676144850 8350541333 3978482613 4395314953
7191502413 2149252570 1145762701 0326835919 7885516410
3614737647 5962509762 2302881118 8954047134 8042461791
1538541632 3284005437 1084642690 9503621868 3372877564
4555584451 3212607093 6508889689 9626104066 0972714901
5825926516 8477635062 3657335276 7195383297 8920009067
2985653235 4522274816 5410194800 7407498391 8823027932
6391449423 6957352889 9527704109 9533947552 8270108194
3357336971 8431950816 5751817731 3617892037 2220046232
0225025710 1959975795 2402244477 7321462083 7600834855
3877306273 9020918868 3525101963 9767078418 5032783930
3456164014 1876545693 8000416667 2187859830 1833249780
4306684137 0878997780 6097087513 1224537331 7921047765
3219632269 2920624441 1860240382 3939582693 8487694386
4799215827 5076780160 7506536356 0192478163 2884895067
3931704750 8196646271 9511896879 2595048559 8142253735
3491882022 5223225452 7064031100 4505864934 0196268324
3996750270 9419772579 9996211263 1549818066 2935407155
8361027497 1906518427 4065659372 5451257474 2135652740
6125514208 7368319535 8915340183 0056437614 7556000590



1887559432 4899873423 5441853629 8897724641 4291129851
8495310609 0530703685 2909517474 7046621759 2782127028
4427202763 2422188650 0362829327 3448127781 9082473719
7178733122 8262452933 9033105661 2313694376 7215970190
5627862510 2314965083 8505178495 4746257928 6335484676
4750561938 9560487127 2476315354 2713060257 3246197073
0588914499 5762866108 0519401608 7738399359 4759687934
2063061649 7610162893 8474378762 7083980936 5286890936
2413539742 2309740440 1233773452 8350622583 0076819495
3505737271 2472914630 2429342011 8205594285 8754096729
9824774332 9952532893 8891028826 2385002918 6860662230
6007695414 5344014154 3780274354 6527798112 4805950108
8156886539 0958105517 9251789261 6859476198 9018512885
4853300197 1913658050 9343086513 7339156714 4253106933
4558535936 9068057311 1213522090 1489843226 1639643263
0776114024 9595727575 5180179589 4194013197 7457342289
2233099739 1962454237 8153163739 9205324766 4553480610
1436730683 2579576051 6674364736 6202346212 0548832579
6206777946 5896153466 6628496225 1255998837 3663561545
7380994239 8223413977 8573181185 2669450921 9333400278



3956605221 9043439079 5218769528 6295362583 4511428833
7418801389 7668334834 5199235437 2759509972 4884754998
5348212875 4160212142 0007167425 2732281865 8471302437
4038012472 1275771551 7354380686 9321781709 8469304772
1386934362 3935185177 2094380919 0247679191 2350163419
7498300194 3492514392 2732839989 5275284543 0980061397
5570079141 7081678257 9339825803 4505303504 3559971630
1845528168 2926422796 3795173998 2625697213 9310348886
9523650338 8767235345 9179213883 1157879766 2440444585
6862661187 6186607785 4423457825 5621751391 5151217506
9970282671 2148235376 1675339029 9724794386 9400984398
0337239260 8257591497 1225249699 9091625168 2241883027
7064831538 1122368712 7561226085 8402325217 7282389919
7546169668 7100468066 6839513940 5468301470 6632437280
9717308526 1750040540 5846357996 4387130602 5046653245
0985137113 5047840666 9674081206 2280849524 7082736778
4896750668 6806656952 0461593590 6403278260 2281023655
2083797774 9099988133 9305724930 6686654387 8693836289
4312535175 1613853047 6569608483 4268921637 9531764454
1891627305 1752216789 7208041102 2372283886 2096566304



3269375053 8126058074 3571556442 5203015360 6598273724
4631942002 7263684000 7290391352 3216097806 8208980025
0397115413 5638074184 3338384377 5594568899 3432757328
7635899539 3433301321 5225900120 8386005125 2010931866
8826735672 6049987995 3512265864 6076878454 4884183383
4136625422 1969714632 5189211728 2500974121 9838894379
9647742461 1182875649 2740080109 5806810716 3190905554
4066376841 9924830303 8244538612 0476391807 8777478409
5532936773 1266650623 0463491542 0945503013 1869928385
8704049776 9498762308 6816011982 2506037840 7782933137
1486931955 7690412480 9600289428 5901471563 0035995211
8751134960 9284646438 8277636681 6444290872 3542365626
2418491311 0970711588 1107599568 4882418627 6594293115
5326435533 6578107862 4936606809 7352567283 2824388047
1495336516 3044632204 1993562377 6365923546 9498248612
2240436933 0506445470 8669838194 5613271731 6706287211
2922330882 7822876856 6112936704 0431097366 8158215665
2530953192 7357606575 5366338130 8114126150 4182742591
9791584686 0975661711 1553592650 4724528901 3979730748
3656845667 6376607503 0008038868 2744809256 0195250182



2877867751 1683518513 9009239907 3510597032 7066961915
4073287289 1168466075 0520909200 6071456463 8393565915
6554266871 1062586079 9966340457 7588827698 2303474499
1771278741 6589237797 9611704433 0665499088 1949703719
9281218530 9204245501 0101872809 7074432904 3394827028
8632007292 9682300716 0613009672 6729562697 9183862541
9239274660 3900071210 9973496105 3233558472 5675941583
3536503896 9578883612 2277161020 9908180784 9942356230
9210965202 0074968190 9702336820 4647962109 3852321055
8762150886 5676768483 5432116346 9821573876 5508378320
3733814319 9007420263 4978428101 1684895754 0102189754
5070983266 5427621469 3339080399 0467531115 2024150248
3200566561 5806359792 3618193230 0762882729 4668878379
0788539740 4896953393 1470031131 3244930932 2770532613
0028850543 4290778900 6340319100 2285599374 1995905453
4198294838 8657641910 8382166429 9146114191 0541040721
7183757715 5061513515 3927714008 7755200122 8409781872
5816627089 3127396454 6477259808 8949046387 4441203383
4039847054 7482648434 2166015060 4097870387 1976045332
9681594560 3974179277 0386611691 7540306056 0427594749



2737317580 6087531129 6607988071 7230218830 9181631035
5469967899 9676814113 2238405848 7215045110 9777541309
2733480856 1399431389 1956459179 1374612961 2274326490
2894505828 6960183976 6326676818 4863672978 4429610824
5753273532 3785581012 7991695760 7536616328 4457154796
7757002225 9203947901 2456471885 9527332353 8013204986
7071615509 1587828895 6727461343 9615495902 4810526757
8991639561 5629228002 4734147290 9294565424 1442384279
7513489457 3060583395 5546620662 7021001410 2767079458
4352116489 0881686243 6979656823 4197708223 3313015802
8218768411 6710285191 1373496255 5044156500 3220132187
8072083632 1567275832 8941194293 0094201762 7734310749
3222163016 9690371102 1196817814 5961129850 8035678247
1755722595 2337646404 0239924499 4117133227 0648140922
0890393406 7741659079 3358224796 1761271957 5790623216
0753334804 4259252472 1663765328 1249173787 9135545453
1828388653 8707564763 9734081624 4449879336 1431231856
9653401386 4422093057 4391287276 3381581387 1255067371
2242883009 9858186321 0156353494 0227831056 3117033107
6712499040 0513200129 3489702721 3099521549 2391507859



0421402689 3130046098 6561523614 0525303927 2543131409
7867037236 7159813508 7041444155 6847409342 4285806826
6918870587 0133146463 2050819150 5624847600 4435207080
7540878211 4949462115 0927923356 4167673683 3501642284
2786529339 2832792845 3321515289 2040943012 0008170861
8584107504 4157621681 0260608335 6828369738 4319713651
0829362124 6800257976 7991155399 9076484038 0499281718
0375653459 5183845950 9934009339 2603110508 7975376413
3549052939 5708765991 3428997297 7018161429 4760801328
3728437159 0590628796 8664004706 1491784659 5143380897
9790174722 8882213053 1415145267 5047969517 3436233472
6153303000 9304974265 6539457947 4740788563 6678194708
7581203460 4862122119 7326839850 3198398806 7512355607
2123142248 3976820693 3579702545 4114267856 8828685762
1814616682 4675502952 3775266140 8949262179 4102342151
6354117757 0269072944 3076957090 8960644149 6588167174
2121668318 1149637091 4477913934 0867791720 3636047183
3759073820 0996909450 1230844029 7824319898 3074299124
7475096595 0540243211 3462983344 1563938684 6663845113
0417168804 6800828350 1799096954 4557428581 3277440301



4003363683 7871236116 2753223918 5200931510 8695478540
4060385142 9675337051 4492285816 8231754675 7859933248
9704331947 4811631365 6876224420 9211961639 8478074939
9063255065 8610472649 9462785709 1184829307 6400523023
9571694045 3022977484 3375344969 3479104278 8046497550
9168928481 1027335593 8094404693 4895784831 9661916191
5687678664 7442091767 6961460159 6143007118 7637115981
8435709487 6341973991 3808562861 7818195168 3356605131
9780945322 5854265525 1653405256 4189836041 9180987756
4754700933 3545646386 3745881837 0719308992 7774747776
5194007121 0016021292 4290428843 7751885569 6937984137
4619594878 6640495288 5179702994 4034170922 5712698364
3477923420 0044508972 4019564277 6843574000 4691806885
7882963825 5568576955 2433481059 2353696323 7766541213
6136594165 8964893601 2690830391 2189079669 3463878269
9462568989 4323842694 7900195449 1764907992 5967283332
0150204055 0563958228 8322986542 1520127390 3857125511
5833894601 4788267961 3070593684 4627140731 7663585074
8773515360 8785471059 9450815737 5037687217 5758668974
7637142045 0858593475 5203715928 9414490384 5551888247



7822488860 5676817948 4488505424 8271176560 2041275625
1081698730 2947899169 2904177807 3208202945 3912387288
5057804711 5027943406 7819720679 8706677346 8991759685
7017096422 1498843862 1317233301 4036484090 6229633661
3973120512 6785480197 5140106876 1497867822 3829515530
1447754388 0094209195 8111908455 9317284191 2844754245
9302404344 1560468496 0365223220 7039181979 5473902374
7928894306 2875587989 5504346332 7292294265 8198189938
4964339039 0174859190 0745498519 4324377468 8971516350
6178404476 5817263836 9808979750 9331606867 0902736290
6796736528 2770315463 2011642375 5537799298 4746403323
2739853551 6109777781 0752126229 6894986051 3517165602
4102871037 7241294082 7807555891 9925350758 4971547702
1490914683 3655432231 0865474877 7138622887 5760810079
2717858979 0259875918 8635196306 0456666333 6319217407
9445303345 9277301240 4904323289 1698863107 2549085903
9501306666 5927301170 2603766298 1068329188 8015400774
0068222930 2138595764 5423568417 2436497530 3391034247
5954667977 6970800273 7594358006 4715248683 5066819946
2078500178 1035428128 2583528653 4039521232 7966035363



2408223180 8982544771 0520475037 0425226479 7228699159
1452243000 7083320007 4295977322 7257950376 5299376768
7202659189 3146678879 8396187665 0840897212 0716214708
0505329655 3068382337 5864780997 0173621775 2518266225
9448897555 4791079002 9432807377 7695412037 8881938575
3362453555 7555386215 1372157904 8564519552 4782723839
0439225555 8608545983 7832420422 4899605866 2215842368
8887828188 7503287720 5784097787 0899101239 7962235928
1304154281 4620670946 9072943044 2763735707 9519463824
0638535397 5389325145 5320403986 5813187666 5067180128
5529209290 2813884649 4499131489 6215110965 7353827367
1105194612 5607048321 1206288125 9687496905 3325465166
0985515328 4705020721 8448979151 3038599618 2707552535
0830941788 1533073713 3334832472 8777479051 8106099400
6506218469 5791416090 2586333765 3702695033 6325159012
4006107726 5518504085 7437205040 2869641903 4506015434
1482587482 1359489668 0516971622 0412921890 9013651942
6616334910 1517770935 4187823411 5944342573 0184584604
7967497734 1123967367 4607693758 4906354299 9397454530
0717430914 9674014521 8588375807 9084100939 5282512399



3941887800 0980008529 8325011797 1552469662 9805239359
4260533425 6683484171 0659646899 6024067593 1818730076
0771656964 6002749184 7845392837 5977395610 1054362297
2283307967 1242759581 9133817907 8340962140 8277302609
