29783591771907443945560195191460058290023554430746475595984008530561622541407136
12367796534590932201487414602763569901795021761191252548378285229522920189619745
18524923806828951346506774881048252917931096359979447264575630496740302800080727
08969005938672456463921419583949745001041320434371294388430719051955477454784684
43099504170795798319622127150042677873176973553089276932075235233258240119608580
67005480911005598221920289880997318460974541965724499916735972704120470378878435
42323427360803273076776364731166705335718404797146079335338825862847074669272270
15254858720439209070787839812680441147481635111121434973389252428078488628102869
46587544895401564654980676452814099988954302434467296280937334754467711407476342
96010274666377403798199834046906367406448455008205653078427721922720936040805036
32565160966822279720348326845888290913441581249852379463543356028639321792623640
65194375138195740753806102795437365392330883102838304153022995283086688618593921
86206780277065689350243109117154908407830799631962918122615886491891021444242423
82677970363178856763846139575598579449733456640928840121060484160970602412675320
78896403941354050937206126107169882205363671159035349529627118058742069834122062
54412149206720787963881759341880026551745637583423343887964705151284080901021593
48109029914427008400797373349946466658379561476841236949750066843654206175830665
21485226416903014227627334879882765831259818941639347365353819161396166433850672
10063645386581624853025185485650023341928087130678182231279375533593383280356630
99891142575604102960056015669264683847274034870390206497332336740588011007474932
52191595819150131449595962034809421828217825017022492226718627736544317310012387
05835840851634737838021251117590120981165516139110341904482922304548730369984561
98727580439415887473290178048400016420358853517332424430858909897629015393722195
65689116467180035652818200973439166263236484506436602785372469220214199597728846
15077079475350002895719624360532908510747496559123265261977862937848176209074477
83299408668040230997643564495632495816204263230486809083608234197923415156601227
40882079105360072239874480130681933415272143198125568450326124435072791935374644
51618247124149486618604220972553282027420854109808855120959168979681554200766880
28237291028630297919226911722330498211154687060688349551654487765296867116368976
93529127246542830573051235807148617582403462839836476212965474905562335023478319
95608991943776216709730940182998198589980603983376045252137968221620415778052799
95906448255594299075830359711660650483340040961602263200596500528144486650012776
75126526202607978172354195139365220203365532199647747974895048621225543868165578
64902394486931121394364699135726166134683748713976034731476380934683249448116329
25427610436583694569852682714165816968124761155773158171577314125660814232444401
29929735600822461088280901442562157673068537834858215246434359016695972792072107
56006924580771489558916005435007725098999432172948962060858057517002304895279042
70908439203249073163257996849353315174678938449711380263448355729138780624703592
83998383746223687925226032891106349746998447715275703152180672620355963262842168
64072564693650632621807945729378093572782772074413477703922393350960324263216296
83201649399814850498210976538373480923485189133135340577791196220885905536783988
18706237054232047237749646825585109076259408853500769727323550683074364166564893
04383887932077694737848690773896470759507164285581514711402820040845408237895541
94926892215419607418760613130209527424408803035944721203830549544652188913582565
83794173857772222951246260809209558742314728880494740541574503635003990330652329
27867375732431825385863040002091650260497168553382721298297688956596092203253817
32262679220645415045259820912103971114689403626508742922654703964358377102062592
48715155818750478787319051274928855350227261175729116047850828225569184701010889
05048808603264397465677214405396864052817535110329633393114155628224477658979838
52500320295159176241876555676935451128840726265707037633780327930269215942880072
05349939579790413142318109743035352644332471044507654349075384192209211639659768
19195402375091636671955687260216443018249789396181533772897377194582264454891288
02716228711369776372814112953184377862111605373558929175495763563442924568774160
34049989189107816258922832098034332926410139653074420521845016259125386768577115
93999617529126200629238890489824273462172677673913618094165180711724690789365401
29352897972712583669778258357473273739187448876803204093250974772597690723129751
11477716943033742915267372995433676981995087463404326582660708597650601358205528
44739092049820618577328571067750267775802664770962566329800987901749516312439892
84855952473524781228643650412385210563688028218580274391759933590910654570968561
05209851307149862497050294911979234679143196392376592155514339602418255678440503
46919261863207485406299491447781641574744579415378649473252523126683619989277382
28931434294895221734017817222664280743523776332999697734980714801677262751600321
32073355839462532513866253297885875944718455361890062888033508487474580625884491
54446404031296217904234150734538699678929910412125476036283989930298698437313359
40348836661116558949736973673903828730059022546598524243878169522709070826564397
90676587376002328769824945838637444666841392218993551154486610438137426281010090
54517313828498309838937072335840231631610403130437199298214402148063566202644768
69578648630322925527352607712976222025253958480457867595044519963166317171634397
08031498397923351441398873613558683376275545424173850368687371767737097793778989
93721537720049544561945001853631003672876564756854146371702569921317823287156345
12183835857922817810076687005208501615248915644798540021402723060035369133608054
11923962015184649885609042717263505446862303631602341797191727173018592236404206
16454001478179374833259011641785127808107321751684411376817582614511231521753602
43062541894761530987103233144545500219189649932307455401697873404708640022074938
25876492289609652506190866567488689997368654726841168776875912826271597369489765
89787180649230072888456294826634081479237421960346667901733786477036635372247986
82901772147486177986768391806601199218854801086330585032772194397152258349153508
53832047962043445205718237030902997128772341611345997379732473793848841683970048
91195367032845506326590960068247580606863331716445052085127343730867342038550297
05266939434430922165411148612575869551627666206009188617357738439067099483750679
43530552884296439582272402895176277020888642976165207208408701031170619142733003
48836162311642302851997230993049281614506063001541506490302344849083311727360117
20470125959750205653490626889494427633902385766325682810582384322631535846315030
86075995107892442211515549812242185268459501325232513729553821678168273893966782
94979059009484544840596121074056655529804284746886590072489646411524409222271205
52181064958987325124017189037665072534843723704088526345818421883068572760144547
16713080073551053130761149124052961770354059162653869056458222592961308563957067
54046579489375337076124457289971229134545492283944882827126298162999991493448018
65998072038398974042917246902978061772166075476222674029554581206211352794189865
45042559866970695577434017556734333253948662613595928583623169558634059910735219
96392518067854872835305501461994228544657879661421506547669309416304703779814004
55306576360207931163944329249262852284209478696018369009656090940973770070676954
98536314425096655920552129060080068606828037153512026420170316568084222040866425
42280278331818684871764214756285677773298284137858093718584168845190476689738655
39483274908870919222610379523665617660959177424228443154570792860094641285549030
34702221630667215578409885488600569472247206831012917864571072035975672585011108
94007723458368184354870783551542944045755825542246232558178554892703323398312580
28779892854396897762714568170515809061673473496427358223732570385371772087328495
38529971399079526612521533983012241456364050761971147614637138920354925805624559
48552832024182169880044205753191130199235818313488947088441955476604381928692916
70940089775152597532839761750913652191282086932077690411611609399487680125770946
61913098993651227089172495466204726329623496126058232601202606790179685467770638
10682189819923129638458940779737649072695774369546186424843878866817770559763565
50705853721784445106332077666373270299527696310600524373858581117692725505944989
96180402977194893728760635383995212187008745212468629210998857948593515276402463
27658484741318230481009352163269477387057254404754374068836379254085969439306362
73174017301360289022305133313761579926292917073850989090375622630202433599163313
37031982288868142637400416325797353614724321305207229220518817204552639747079509
12847537536066302566026378806348131843144816276442483086797808795312420501884597
80788015225549527392402460813005444326800424285319026082971601722276400666018099
09002348599765913585998545037332260852548979388605288177827419697958052731713857
96523901063387318949196385312729153065836351374176477763061839308735999848713911
92487188083122774476792856385679787911758904707964862027408832669179628207536077
93999324405587976056374921382845969003421603703276565809312351117803697087244039
13462308135713361448319799566487848474037311292446423833571454592342149663600227
94255011185691167532165374344953582166438574173185803478898349185012530718159413
37542861527010524791122867367239609051543871027591998531502010218711223162181031
65840437276889731455021422459060571467973344792654391180252937837024651850729429
13121365100024104657348174038454169723503646801918115313963818146278414684835163
84069197222652463124415318535265206583054514193456323205645887125310800803093341
68873426283760791851938552093972439112500446128800225852727811734258157871957013
21461495827026168492982803097661691731075640913481643444340975344404730122697567
72770325989981337665562199469291825996974774531796226060380257437289711354611176
71683499175955066116190003092110402008641864841448414181927506323944243731466161
31972873051114266658729738338378713116913165707700743421133659633584898121603402
91495717434129156160793075955086417147908552525720762617390918415346041437897177
01355480566125351971354804150085569508502795454580547697920899982988288277740653
72723834725097015256425179404155724629941031046521112377543239797097796193904544
56751874449875822890470032859737934083846699876874959079563405264687512234934609
76236616122156807408676787959590271601655277978822597749735227624979278149957401
44755196290945131717675752220616218332204181248807926440761897748789932847814446
63892565641613291027265161185068737654175739723998177414728661181129460829110601
23402440104597459311768735695545274651503216517035696820124097156147796137549165
06094184547965835878951406584766051279525621112207737610901029632276463884949437
26278962824385015340071209682680888804488874025031039385410745036926780506964383
98109932963373087938786218955351164671155650560365039515752746445964480127980205
28998752568578133474604858332498049122838513820974386364585137783682691921922183
50662632154747356498879146177538678110608068616526513108795055968278666314449478
14974024351497919699090989160954679890947681942801324002776557123576718159769038
10285687308175186275786715977248451382410391538914844993795350918617392443913003
83386190255212849336670339093706906210386529252405471819828593162093685795923433
09501204754804245154599567242798159306860621806164290292792172343540464933324237
73256987594951788939671163008749864943827904066968095234785309416416512703171182
88105868281303919773720642490080837909976547232048992010479099269664648284041922
27648863898429821607374478517821508699941271895504576871379854570974351111216229
05050558224460189293398346103887733537427912259777035289203767066493734823950244
17488094643445523203593317729565513960330915523201641363272277756764905538312521
73435343177352381896807210453498287428902287106448309994119407987028392974984487
85020436608776290017020120911542876756054804175736178922840051327525535318689742
87671772651970276500280831059592357150423288682362674766473912178560826024456695
63024967892672210545493254203026698135454604858921975670781663152105880821645381
03369471378961039764678209386379472439110929935823828646579760426957159937323736
21762378420113465891095779844738694352643411926489701674846372648000692952849643
30073499898895496415261101581610575178615642312683094555259360717920152474820269
69586369794075944174118506555263704453238941547027943979293338012688459661808625
44582211317780143943123680129031523053611851690577378580469933423520754713977796
14498395370241287155113806653547740872403232096849938286370769604478629305693481
02097035547171222840760265953798720404582383750581886540839656607386052927119621
33642657553907424035912837145998688314101807144967863127123995849617405075316365
86290671040896051947531167927861124489907639925193668882560959999884063191854654
60817870684924887629074503416674090422668706562949845126267529254804451925058430
93032886980623709332305138591025855847004034871288732519544569123734968386544051
65919211896090502315116765608332407440727719617813779487631172093291296565432021
73726041138589302372676481806760376267540205820658260292585787876282004964801630
29827354664336993025874835656835314445890069880390425155172834923432301864010276
12896703794684334757460269123345797564054985252060677635229628802671588437840604
20059370581510445675802590211610443880881544587757767902620433514521947066024571
09121857116721743508930547460473836577669629569525356516482413537633087977336197
06928331209017072017183402389459812233386492543220982732341921959265489372198124
61378576020473816725003080912718497114432165679571038160644201832568037045916008
80251118167566982437006680824244578429054747912206427031233595269489405023782071
11261808625172742366516316967625773625656209996831666112997364079727726773234572
56011362471757943212496340239938203702396262576506357386924889651612057089285854
17691936986641444246213485521560530188818230415396396745023463879268874805456937
14873345032746601516404033378117440818862620220723309118825944376687497066924666
90512680047360742216072978912838839493002747567536025084739114294601627153293956
65485072853091063511838472282161715223403880223504647641231536886925327155880446
54328862289590555464929550524340951807775349647687737473644009981075921888326108
22255635797376587853738498561259992354840208243821670600764584871509924974387817
35961611713810873305435360459546309891830679845754632978386388444276991708271900
20684601442546535960452381631669738299838838127795539518801116050085402612047884
18611373746525771627791952594777022869608008356941576030313280161941892447627535
68124541649982985685766322529669192030737354246763918627168324610136425115041494
43510287697972740526877018955657866070331505842116667205233835064226850683481307
27236391074467037310701707060675856057011458809608090684016775461872985062909281
07326177882990873593487286977983531597167728756366813130582930695241232244340432
00990405375357602317074083416309405421713544022245631114815863083108613757003524
48152073151078789440153466045882264664583936730271649969710464227989528985665194
74868972229730352332161495600368218408060910751496424595844832261484239032468577
48472019914135126293766176200997960842543239755540319306206601963162230277195306
55748403215032446895762735910763766479259483898059743845299457615625613730588884
95503394455927426026205351159752268783849053571911722555902274572590752990686699
66817734340711026492783442231770998285627657266087643967292336810572157825493305
27315517966273888530317425280236797607540665386788001453675471284281982681951606
41706605825130399848871955620269145134822744327176825457316423800354738215988328
21316433507709516879221736052377129783857634885743151930844613070896281906815849
00685141844093940699630469693300487282093902125856466651488161336103585405895894
55752659472519411645422838848004216173006208175507512801316692507408644636278850
32002486640660894586969773806569879056984102211395704252027161498995932613132844
53147614373463824591678184407334324865948224377047447062760992506355311298314905
18128867929472623540437693480542771978010515704745609849332422540622562449069593
62200738489375247161821015456954485363961679673309151334924093164606836077538065
20304581526281802143406997730547665264735127945025816557967325999777201296377020
74692116731086860950819360623846730630470879053351414209163720803392056453080214
20973069683983431660785600779747463650319605889694841668162127009886491470128778
64880258090993949381250878565738275527442887946647715142543400811503435268995057
94238809728049825251304224397491367204403445310497702328775190280417699732947975
84004735699414018892348758329677424527733528899223620583279249765178620162386193
19029405716175027639836712275875335661811118775243970309181643230987989650231902
76150325211512155444930710807333920133764596251379564386226279435880169403843458
01411389720441618882289485262863988505358595481167953036430052551520938838379812
93883956038703754011416176034356832833349649569891038786240508359487750591643025
92026888563134455208614987414229622103904156104573443103826782102256356587900735
25161069665713838002869533699870770080840017807929911926542218132353060613230911
91555638990956774598620672535670781089221792620608285886373446048722525059589190
78368402598525545350764038316575556025868603314955930210724088235081638878407996
77764898891065940092324188063571723750768246195241238638836027507470295120278071
52765764663287612032922086739207272630999163474235819106777731106500865054691886
94671498037703226263295878028970812358429029335036196141578700715717215126895173
38593101463100000786186381846481065670584901684801975503545503340241040577543244
78392215054937447441157044078258508421491839270693440482794481753704627818360094
58924803008821975659194423413115147496259781835357783112346354561093447856677373
07092501161148921586100761017692039262814816644720258422198853480807287159699882
00907692379399718729086651253186093658905690329979114526908371528269766126405848
86391259393336827661327819585939076086256463331935588074356909953580044515262408
44575431303736105083985893203274233709610156692013694024453760840362221119417065
30195083035309994698240620267827744906725500340181661989693394065399885242415784
93935256855050658914998173800235436618259303746803850710503847247093389477482111
67455299008730534060461280702836449965975110524478774816046461758182451767751170
57292691703941104320167201754211526334965445394396598710397661988128994270503650
28086603190811438054579416539832223511487035866754328800097451896583404131164540
71829451107183591590898475475680716257427152561224425409220132392506575805066589
31449796128236644942437845179617352710346215625498610284462684900615998995223531
41194477678569632933700116988890721488671499795982255450890865101356486475544688
34674592663686497565041327903743132335861027684995945657894025370465518515036251
62559983792668175093319021198995824139984036527024130456005609172474764589425723
07339698710426491468396242646700584914324157002269815056585257029273095604323711
36210511901042225074329705863161288310493628380209407602705361708971032534216398
30802285346616823217362648007084478786557531170856948686219122300977738167446020
75188727882396472069543304521691077622717794263698150885373538920805087234154685
36415643671654521019402174205997221463590973376314049402629621596320328258648560
75553416845989509645524563083327603815079606306750673775655807453274464005835091
36512629723137154867804028322774980416891228380127098441340217534137002182167265
10142410114825098817470916657078652595171784058081774822056545525755718151330331
75690406530288313643324679620708115483602609475978276560588452473730006534474744
09877090982078066646334120067387016842795721787642164884063390460522275118190946
99740921768290254060468813027831905867816018113896303189118622243350869339474758
98984224816785402294199769382647435140593855615990899909673462166688613999060749
16004814548725721773202323264690360594306288315420658579404009625416822769095670
44211909432360774414301817564226662553632687563312527689486415614681236323772263
01669414015052034652822147924335553986333238341496175862527813169309831930479942
22421137151586366299537902205323731311103011166794948370237178746921100847702744
56773854201518174138372779974416951991878683545658741981211539606161070693364484
91505364431966358184194920107236571812425697018369921613097203461255721899382069
46027681271682940375581870127881244161597215851754176573134259199698387437290488
49967468277722666031927621701182177796681220647989551393023544796859328858045781
69000931528878400521250678818521649218470075687692818483633469257387401633937592
19984946556373237938163396579401823221169836771252670784409862245919890582119292
16279308646055279875427134719131084640856372681532524346115617776874694298914496
09386996003206846240196367286909923726826934531721268842225841457624264657377134
55991046911898118526883465266240531310697792147282858552824421847895462970964439
92152675170997654663598437873180416759665823938399045905797485587336910487307051
70382429271198632268387336549870362655202773251072947489090827858061119813554736
83387798566799267360266024984044418262032325853171696842800562311827069698767267
10333762118300778674120716385049287173331163086946037512921193494372092407646866
61784760863843688086165525325714380234770745478848340942517110116162767923217925
04141628995454012905889632302371124747843206960867965508500439891608848554070047
25465280288440954846103367795931320380948824732178940399057926538065437110179317
13627140243272319254738045797267871339697475495486242767744800804096873032640159
75830297865416394778538879588785614105471361635209573483755684594145211598385145
40341035624659642743496739169467862058611877782839023808755041340770298417443522
30032954759297928093873884067428280528374874445772007977341633679012142416567748
59344671409338152395968291354463439403005314901077695273790115801959766243064498
10020177376917034790288692977774437510717914910969033239489381984590965689780768
08468379614775924283697558955135113833593587068869539996610124461814672866461713
73096357756159628621515519734959437638733540432010744326444578481061639633884939
67617632130893528405256582034304410145109902728805811579176199657035466592553107
66585839819132743596727702503035362887408736777848563377060922388485319471656257
23236659481980292482708399463013316617003136018652573353932725673801633173517000
05201213890970507841637466978804126660216024914743166425465764123404303128143057
48870419293875717977041014894979456442206485948957998068332434544854420884355710
90830330982693972423690727768570726630410278177951869797242335103694823697148628
36129276588016786449096729032859616210065050488948492526861383007914031384685384
90422427147375437090014926596415568839442467033710753549461706472628099303696301
22649257473531753655063531060395204649327480935906078698038769466627244132528320
97597845375640516979409526523465114327716339169139901924704319714430754473079824
49136304089286477360025894761502378869259299076821992724044607600412560832301727
80420718451953773572389974067398432109025333465328338342041318022603586892560354
66536822483627099618687539218995555528809614325659356198804842492880736563484315
01937573919168954951125621567140894371723098671750836797167274884042751952325277
07679403949717926327444096277094477128710829495076537042077860976858577497821008
02077810132553709652747185977583975644268253447387814909358240941704510002127075
71683189099053172652401728378059092394725736510793374692373337766333982899443554
95766317791579461110994560472629146500788574278481449440116554091637953534202399
65807323400341613110019852732383398214501615814747064794392593413896201001810982
38729359525919570159352675620601560339396278337762192606591710110231602644070993
90816953470676844778717423209195326243077092372298595248004616922100158953094127
69352460413674461411342969142741571028833237332338808654982461081063267767527983
50724325058656612595492451949697949087925132548521168179420051002159187413219218
14628923657299743551194324332414645919379289137846295596418939531823643797717902
11123011645938990141883234712492328445234359709011947585065504240833701673460916
69765775622682366054051239192182956003747158659202468087911854384496165773402910
33386842576312153597053109580385032101129757668090589915714507756702453527374162
38966697481827130004756050591411583349915873152690878012188688768235023584812502
69483723457668821726922319928203565033340681788705022833611973596618271629265883
18593133211122705653334518433621683076056762471158629904839799409846678112799686
79777880357720964906654178717801151003343635350003647377846804809722691908470249
06465668424852736273808689554512079839943800487058421691476809154558866451306635
21995250448100159259096759656937323586610837124800378818258510869681172949384723
98875694324174642047868522011264949280086547197922460176399419980145706302844896
42741305364397142024283613306384758001515784069476252488417771530067422722197921
09096213639932781151529721356616031865816374268311527030679321286034323953954826
04237922308016890868035097345334030489491417408026407482442925771681348527967925
96087880976147171595490417780336582334123711270190595667935800308449515761117931
56596391989073012365751977376178540992331237670392830241118086721584619333421682
02949615803076680818617515233719576006280092937246025908015694792926822803175997
11767641644680604208969274371216473705962081646058011146429097425902869164501724
13356032928942247136583631666578758774178111456646986666238109293032771707877950
65972718873818159874473790169488635657427731189855667131516396376680075673332191
16292912704294666835977009878313330273123869393819511481364395589711826682922083
34532027654307538725877011050129539114215447416312579949257478730163940398414730
56248971189961159175241623134661601827370903254109975860696097105114053065171111
58210127665722994071570622235987950553184089659279970498214877279927952459260652
98103000557902978928167295538858731525356423240794713684370735126265811693880135
95576286645219981406675626823454579829726791271780590505250435497951171037656728
99099457305525170057474243371093590000987313743546128418324218897090720509563161
65042877091667971339194638112333561540805245306563867535830010009863856569544668
78831972407135118412939252931645046615614344532258769346743754507025705590369556
60688708715313553862653448482529051642398727672422202643915820243145692755679189
03286328564282365270330543567353992709582004347612480912490938709377096265459666
02042769049305749430308821896938244970209040489032620863142767936780797898627152
46057422640210404557193420430989167950653427035752298611901487340708268587307817
10797487836942351530412170347057829555190341291143392647458366541701063933699536
89221917845052108582872264990669957556921355174083326432948262544394530245457946
35036249358110318152781410770525414935624352633257730140885958324298102601745846
02327836467060567597739200479812877369539965793572560107768612154479980592762723
79437558465419064585934735054621239772800672720718103862656547391202340819897123
10745436275402837182304529162367471726263855042974108943933780996687473446567772
65852725239339458869811808591785387499231980347682304433745861232106365031005863
65188554361627520481634674360804996199728814295572586827186519077621530862882892
32364903678196409470682304681574608419219129397899652128621797493245891959009144
18598060755507211713887495374710789952336965216103221260056841089270727950040118
87136952368889473867290310005546423937627044641031328344587293195127487414673294
06486991473901495665601420209599695279853616797347003114073341801605412124485531
86003249480084400479366275242913752353814545410041712027869081549178240276935685
56887364150462897837028791251745785660561071199291804360097511625334800706793099
52808944374218913071894478364826262554082280401210402367828757171803821123591113
84824050708903116633268349390653467877117124303942328121391637570162896356896490
57415025609439064460026342467961257730114748986407091916743035701429127194757231
81138631841550033582706746938269998642985784241257990347625917821030851878338370
31475794608125246442278057662020678668848583407927831361383457440954597635373243
24267868666673775807440715073691048326292684535690852347274895823564352858242858
20581819906551469029252890269890581535698257775853337196591449983876475201891305
35245510882275662406205356422722524939312799490988926929589816748753460826654758
57134962178269943555654488423962357945826886796413933144487185077320667071015002
00010152087946288274567735770553085737602477921233218391428064244467017787121615
73336394486797247573377651962919110298333118413202449097233721331352570881935945
88537421399401196940209997421158461761356193375026090846071472853438084583523060
58508264971519060159986599702414332661107251312520118868824064511875341864998395
29240725408031729219976092654816899419822812140216043309579904514395553012200474
36157856120022574057246548301314727400800133446281684898584613787264417476998662
66799071604256093803502576535307595252300523342344662809391642787616221753169681
07718150909671335502181355017782859480576843627435567200168624760413740061405899
40484144353482248083150738092049803038139464422641718571260421935583923343687331
48124123373074833265412788736956742819563030243377677217671536361099126188548050
50317103442723904475049344263142888126202057577826039695243884901319854923425071
17980429393620479298820436754293021405853143128219701970366477039550621117300224
41756503053615367741671435439353603176283317890647045281797397538797745887263351
02717801186376785822302753209802838129768930329563671059125987530808446405976282
35394087230651613740906591959327174355911458318718768398126920872162997073461465
06923649651045534745821023052832942982648455644782438291932596938286314138334015
27140411035510992227428579525284120350171635267781986397131108525551626013790132
28986348876161878714739584077279527726895150470691648862260514871101100863364858
24472480939376656962804912588771616406428883464956681930623561802703468909697127
57590803629920337584883341148852961367521332541530329306194736932946295873896145
21539570853977365701219888451025117380048182443971634718458759028243816987710997
46123972079484075168058646323312255806476265813976981026551771502664839240535028
80842654399147076724963737727687656808063876080023611741219954100975706690456949
74462846881107121155500869117839050418382871256562174804149432355911947788939766
55764513816648088155792323235458385578442506076280022433583794299567959848944719
77505830346566732878542499270090845215289006325259355566051532137873038414748935
88905143154155253161735303095148729462014300954133449883882221429062115863657019
20165447960492595750109354399621039590104591454497456933892002380455898465521614
78125768330186546045796470355358156051005644917437442803136328693401263459403547
89627256788998379313244521218555442234336228164803201026844350129182979691272656
97707782486843275610593290694153841746332830202280191901106847989796917357895852
32797250369801835958899702759111597684055821896490785153543389111787417839322745
77900261160841084508840948934277484746374651781785152598343028824726435560084661
06797656864033366577688543708034959773678814300172414879888915956649466802400578
57581027549078631704425307955211161166266766563351454638159601753875962804159030
25498380282501127596257307207093165869058928950382843954909964883637334531148408
56434459045410422487274903341026434281136117486312891986888771524543449635181291
93567902765455880628955059522811135080836696188294653084124651860680815278640045
16799861245042548908882431651744957995772142298751099162166850420642273986863375
91639326037625046191884081784196209237682658644719181657513502617540040489892883
91524686866258429771516031984163429726484733914203972920312329626152355554003188
68666243526622782603678119412881247831694343044249395315500760967442309486862106
13431348343019365674754096945369139526984987299552215700717089141565517478744666
65833350842215843399658549607338194981452932620079495243683791997511647425855537
98005122669917941309015510933527475299050697415641764374368484430890586205006381
79749731234131016838694993147296199921923944980679464211191342221046373241573910
29253415265916617769029993783477165451380507138900686768142322529189529354565138
75816646710111507668547082223770163076630529025641915337391238233302800680572309
83941199869101670170735448081809296506778390748483065499416658278516782248888023
83926469309797314058412795921928232274639664049469243549397559469160384294519907
92864766442441449883884153444687976611420074971152146795287791764909422309629720
26949754388669935087310803633604127605146236177402177488546353246783493467467875
63353239770566624396216381273729434980098529843388608624430400321545014519837966
13303184378797442558269864852158850578357981340589169375069220160698486828845859
23796128858571150534472039610954157000187529003074893102212883639595656133095220
17073307542977294306768098255956900320566091279578060420087572956595094426400674
83214750423827215939660372615220594371826553312058047535501057178756220244808296
23991210898730784795901586146989649813933161008457313196685571637479666553543172
53205279002495016787833034105539770229018833988254143124948445196669660703828014
10620641974806558094447537956197196878954366087384857038307711698740055848528866
23729187305567671588485256011388070139579985298476733929895133851499933934001403
87973798926696347363373091279132024125155666960836151417331856252468368572462284
31420651750625663096611973753728169056100459570776850695039442981193235734478591
14224356706103728956208651800232896881991188748127900664573251991311300855944771
06267686951919009577169104043342217256613751791668568689807533498621677933998843
32145585362235960035397852033622635786820564618270503107026339525966652758846492
21006141117648572211942377572383183614423250820720745067071173676289449132799787
95599345724116405137918768669935822148036101027014682516021652390310304613420925
74259745126794307463376883739757972002403710435191575945597074992441356949430447
18048438679091596529858861601553070777861175639496809414248753137632407738247785
77034506301500415102504086736500001465586144595178928179382086974290956711532370
09375315415302504776600537117115152501116100202869483435386419983452761097362637
34562370012682948248976469169659419609723169822427118465899458616138645958530189
97954723648081450835649278180631972893653543717572215985146981851556511506927281
69079965331859822749747604795159714616792707506564260027421758078560887666645775
