59349242103386295374713958062367931979159033467974347602669829253092492008755822
23087274219122337842511166291283763015357729083186238029451299825918644386368610
13810625627905297335543051089867223008000935496796239928452737345349436092871585
16918816080108914244464152099651909913551089480469504139692958667978893270962587
19797190235327352363432661934154947067113457329738493267042498538210874843556087
41517587186492137158220436580102102435928148432818011640971639760873146765817340
71635836482128438568521218697346497291847825623602911999365316479635693893346240
81764933600164657164866675634612431529777396661051349185084718952483116023611518
97161468874042259998541983418946144293704365752963535084340577611825456904352462
01398907947984648657272347947214637104923128625546103600488805532519849509480618
98316622468656888226689630148521632730256846827079137747964018108963519216499627
53479285884186383209532611609375463617689427065034725763722719208689372334536989
31823668874086875434634168999265843479689236742636285437317576179776833117538542
34413022044701430456015458556839522615043781715353603203791512495952740529323855
57532943564552180146144011981200881159570913755256415157026205793994964979621421
94659325193779487079331686092816571441524819472749176196457996152655361887100301
83660810168567084248283153164127256186912352033745875156809912722423676709258598
78940767320596425927760483408861595654127988943408858827438355653983940785958804
59236416640955437948830581977510388320568065802363591706231531528648318347305816
49125719713600177026468513817515999442840568964663822881163767669075101213235704
49252550032458448608513054057336752818107256973240941691063629122280126102664819
04200300824490284509133373186074174725052408835783886234594162472478945260882380
80965770348398719992920575832482220513936657445302469120924191969812354520309637
95284684348290008149470189968155053643779130381399119694837502613346938590475361
10266873304121314948413428390601151528729931691044970305847606399995461558011720
16778099972195842604154987245584522155995170258606393189054803678862857488173653
51167337838266848847653995710035209253936173516082541811699649806383383445712753
80686953484539229165583836977616034267058611479772293595146832799118835715647302
63915629364414465230122610163714130461443537930729828718471612160550924925781266
33754789696497973124213650497858078582042645819353812551828087715898513385959069
95577849790208034675540675736331693480036585315089195264520689450038310461796548
13359121428416511206993616031090834106395809087671349791819057139731806297759026
09083477109034742773139882143504024229842128723345683411241101081432195159029398
48497695829143765811344848933259196312708673904570429423098574508116243187237229
04806573724431216553961934330524838548108454499945710947633364734477169073048623
04578159073282224361522061731249752503004070440149290972395460757367009071701207
99296259702604140124599417218130636202623855532349202674440632559314064932429075
43001019472711843379939598169428646013713785647105554971724901647335171919618756
32462377038968818051410339262408628785404067202108814301452544966208725372404386
56215697044793807652608461726053887806214184932984843022079520118463033670817238
22651031271572578310971325104643857041583116759236274212128540991516919082182599
27216885795185036634447685245422461755892570476282827476573785439865503349640387
86880654737058803785296086562077907127241371985917420596012915165051296377456463
98292343190491029495445037997957821685305192340653415292222627557233820071029762
62421624918444838121389204409601428717067699606394867721427443984531856383128609
75358366785008177197545131802448117894025599615418651617002619500941755645736000
72032607328386683451749149553258790225964602150198969236733114818175067383838415
52541286041561872502100324654230741849992626454846120408839380309473781888910367
67436928643487023608665761999610090169898131051430572097295536612348965528326894
02086885743603043346437299903265625584027050827885262614295929022314349500120543
01224832697349612276163441308402114884803771677447702408947915045883593409702465
19198156904113601107633893680176694818379482634189456909750538748394408722420364
33491669514710230633762834636351573652110908088366583641465488450362255092731639
46128145768960475874077959145184434761089547927172587446166576402898694585812438
36506567771917415111233204681701421204475074023010762869310907869643645133374424
52965450376884798541585593527818721838863232529606350225055204092356500854905141
37857048215092685322843804268070530884794415711682060515144399481486912408861764
85432931577055709564292931048052135568133046841767234907085507306984505513284979
09005001952478947468393584732361157199690754463382136388159799827732443015421074
62654603003134259508760108358968536850180694119924078361687398963470482093050636
12948197342920341886959346928412012798167709360767184950877362958765178262874592
97178081475964573270635938974328485258807910443178956519814588250585673871562204
35805204216445969215404318566067836908885323522436519608831152215220362006892096
04544654520650681657906399803895404697964471264290718861424196267116010476957503
26715559639967456515132092589903257721692144675554539009270885348972202813889826
77380521035736611740333041501624842875740814822535306451747177752743302963363702
70035799365480429222678007777916183017177270717120875558952175953196756934465269
58526621845868678894856896050877074909641883096335815477488906081961672409756715
38484205448450055543397755946715019794718571774831005342582177930227613347548628
37855899584573142638799333662465831931624627382071526328895537863224205782767352
98553536988062591985421643566601722482216123327719726565513662203791427348067946
64283220368244937298901067052519822193075454350723563068536710414145352310881016
46366067191773638748299917723052775031013205210903174610434006945257666559745808
14394455561943783689785876867555819852480378877280454029590406695512620708158519
19340353350491133285901320734971124505943918054895431391856408398327595627203948
08534214105104760618790608151137558077362812883217005456662967981379443501732627
25248642162411182055364609785341440953145530789274804853098068606313118947766907
02327287232976313522153806144972104839397822491987013813115390290535587432423380
62951496302693150889418241376667816792920126901558393195183851334787497797343454
31202193997063168694888954428234124293717231721013437928557352470655472455510565
07754308286375505430698337548308278505895966833299176240282234562755641512842948
95661504974148347803527174699389280929412591447795218744010757977990336291812261
81626601526868177485796415108274784845353370116474124826269669923127081207964708
35810137487399735654553836775365979459259202493311980063314971161499671276154868
53610240737613282283674863430921701844090810393439691742094042690884148168632138
10750066206507177264682016592988292304974004716847031425684391564974384157857090
01832605193051429037283545992379006032870152444200132948634582265087448977663023
16876592662573366041408594833422759705436316498797057038665723605257128783912302
22966011484527767032293101431596879514830399662408963578460052378830777496928414
97942385690633381110048814206793396860594621468309469594113827376085277465434658
32381176827513324656903230370185492750945038953966409630164170764897066269997231
62036548767157504708785688281589846632100626737839437950336694423902008372031453
74229508244950265994014534197220773039332412516880147863127763736318632622330714
72714079440357426173879698857787079551464667263890566254477100565631304992599250
15978669039163969019322417960651392235394587956199038808338183086401554331655987
40658147685243463582884360459586294720137827445530429990603079049381210120596905
88508820003949835437578856661612852982833869028883840081534709493897179464951846
79678070030626195657043935277452091119195384714514450971569908302446487841289280
68613110747288361759994931912975843720523579808448383637757212545501032757304224
16612544023975051105766968574847550373675110702451333859664265411595509121955208
28420600027134764659344341669749560580477760141770574391867999129554556634113864
02319216596064374282041194071183539094788191033363512314634646597201524821302397
22060149301864794613276870968557067740736296664115253894810556772827571484010344
73123528435083840570260616225083581673175273302404570282598248827569789005264323
34219765665232931820135979896536948980924531022735166076613574165574443691974259
41737479583023258123783880023404684019117985838415770210360932405540552207677528
00795084240723180845388573553961834028184111347344841011606835387140504678095575
62037124508861529046820361769030406935504606024436331611670240191582812584068623
73772086113215175728093691989368353940496276292271882528577713553596788996139934
00432872945253736633448337110625163039516062484965297087216489639172615486662748
51014597105609501560103887118080291684592596449049823278897437410808291480064546
91889676727804420859395834980951981384436213139043842882952418242254821873272345
46645789459570040169953044657276824035122563672654136554488974575008192111636865
76277947111897220222507609332914174456497809751152624419433046914116310243516162
27570391004986307124496309103206702344862975855224723093902934931858315883793022
62915611956411417385166459096072227121732967380517458010113967507751539707458005
24478940804086206723497216791011280217256214046719956872134457918332554946552634
17547643190917812572291454320934960619271891755377112116329865130680869486668100
29707160813851372506165993799591522677409489270195589166354493864036898179578465
61305797839576395067605445831487480920392640669349748077056205715897290128127926
35459515374596533297387139453105675361732002359813863357412458926677886407117867
26599099951056801868477085079752637050402202722033300225847709701616293728093751
13768088259919091683744619297993148222557804837963607349441456592935620302556337
66733546613716667221577355790680738165294422953330919763094109247095763343859475
04241718507836275236794888176750509587787707444315391719707863981143048458645785
19242791403100837850289572715517899416925843099510859980849195418269169740228244
29242631672357067999056826520260446384788507091902845642290522622091757407619768
95952646103586386664203592854501623981941771520557374670137676755316612033401655
58970441378931952908718896319786580960163160125257982924304239308102706837759701
47597744902886988398374371961254836863661288770826109804028528387950000847863669
38662868614458887610665755660677887802305096200961107884698047642210791833339477
05855604111146949238408616905908432502499429662496317846319139548730672354637292
75689150180174264892222757562042183726411000862543538233496023416652162844316698
31487466738167415382130492030068039339035851482958109878222249428130410348509973
80500810918292040936531516871446403680259088871386803041334431182878136751964188
08192730327826774300503953223522717471351952646101766488796367352532485315448990
90054532541621785728530787565864621725932649653162081340981466160562037769197264
95180188991402716053724729297714254788018128850305269801848429198118357518580189
60082390044705002207957407942886884814843056748591979421144925347935816068011450
76484897327851429771405244928028333321037651108128478414777327147431492315081108
69149268199366959192170398490333160587912360225342207354498260248416878084581848
69281572295132962669101399690114080497934305195125004359002455952235874436154911
43701303367631638190023691657681597643794227946247632378967125689079219536354834
70064646731255063978681962704405159461552116847030737272357103699757453397349606
35968938245661290000694948174607587469468332315091338964528724915939224620166871
68359868126790753273197918721964660111571873066198568318669760371043634644283771
04628371897419114301318138250462330331755264226756746493557050535645543830532762
16673616927616319824908653849127028312968969762107241063077142234178506824104477
47718772185881462815357940597887933133826992345777919449174623034993405871320374
25788592060609332920246302702428583850878435148050324403551512623447714046939192
72547187868247789145516543242991581854350138943643918800008770582254553464153780
35365852739703157446115693857711645267071152114771640479490310764291741675097915
85308759459592572761477561307902235448319641458838203767450068539991056195066737
95988539185808182517456672600086266399600432654134561897016241925172701009087122
93719209324302999183003599095929338914757118630264195702680839864323616982233129
63200393954878150836798142911054927657661450654681133270679922114769810321444816
71517215838888492195450321504586340197513263650370696389602368425783575934971780
79549159600031763085746697574513101303945765023918325462100112692969847843627194
25115330532975129833560687702189959349906872265089869073202977394857302879506171
77846131882282219223263853711287048824037877286954581367484186013728599859302097
80922798154398907273057163088525838003671587004933719773385132444255581093626195
32418814259213305073643435414548255122865586428008851322073084294059292637261820
47733262746027675616646251645960843669730994150842350011929339747964392268403838
15353573503426940199898056055753067212678232047045715974933766901124685064447693
55233400393473111637900311873203175116336644944263959403533316408319515759982996
71004575866542646429986292138716482924653146039442227836255755621767757575215651
84427929823482656652883186204194778866960178936838655925278977930866987759728864
91672092140476629410140526863004750342499956677966750756367596503411713537195203
10782707434334590050550153272271433613890624844145273329508287368588358507929761
91437866197427918182589225880735255687230048829477858638402955123240247982164706
66129688240627930542281480185565272637856445943719193876375796003251858719186766
44406277390692449462930257474029556042280850613932060404268651847402035156943967
80440167518298306868306779223331591685832677816669350547941679908912263452757626
53228894354970945160630542311273912625225947526592927710176482778031144458071770
50136337049516428167012599296502015035600016624834472335748149191204978950070670
19947941535668048334989340585653714387218888381876751774644935607710445482733643
09184237660851806742784555272402603028559187596801826485117656914589589447742175
15721714449751800385173872169944160375316052813791910018911568281624955187213056
88762619505793078186464928855359825701299361666700964326344547240151910041093962
18651085356372176017785611122144703033440577215673614734387304192523091820706069
02854959685003052938558581671059358314750273695059780708434634096581929393384637
44933993625297721349246456766925251696683912498771820278749623744452915955477869
33834577463244485282564476488957537751686294108835517179258676446706540467754298
30684040501709226140828858755016274532473283720671043016412446501209169572622434
52973929055414272452768586607939822778729072406129106626341536792890178716074145
32071244456592551209768605172995888904384522331220628783354864273860843073758216
15211274934438511251562276775827040722891413950391933788314621427346213387206749
86727176212208563697189335469112082832224690114792157283405618586011479142770040
04020442799475874841249949388976184589936064023750904828819932563915813549749063
52134387948732252035790076006424757782281497628809988511895603845112058495294311
42515793443512492590630998584487326491430329014635180334937236337057337393229558
89282390900958694668594464516734436786718115618862093431397934618838974605388876
41521628412301675243860349941801498265518916610188155524841096664538450382219030
82006777872511833091168105541925118140256050604259365879570543257513736392197955
96706675632710830904131547884672643413509700658151979150837246011645523310863752
02685424287212193348489233020888867785469577273606195875138832863622876507492088
06902632616441833645024491918153474068644009700326595289406306197682537366626149
42181117530828709773153730783207645624977658827501768262129101039925339966062235
50809038705712019698933128102673450140412792640388605955234337489414979893527485
54424935849095193560607637661378172829930545614946045848499094209404196645889637
04055078044048284904896684839438349898526571457452209061925470886916901130110864
54672835094951300795630425393495426885039082421130666474160957036341432151774399
21503383942242564839072901992246738334151872444315263313017048984102104327961200
84404644465033620816227578476890171582520433055071840169467892203501554954909627
63121796863666566955403736242803753730593246374826760320215089474716874525836140
10692069069437930090004191822219450978289451118666363829275557538625983001632846
52705915928812720774795012668882604503816924565234759450963862284454842166108110
93187423916783770239023520409585410609450753289811849372371003903907233789175252
03917810406336402025881466066849748739868163321220234577552988545065884877431939
10888965450557463229503749621387273453315959784559563893126867810519023587351881
95507541566981533465326714084347007341525664489029674240997023192731060589237423
18999204995158086259858641246924443543117498715304267430365849658127722355924035
04682223698747253469873955044420782265741940822585269987969557607731172557304605
27744548050943516671595344476809469707492999528871265873965785223338753856087315
57405029835441944549648130061256632523493229658590061889022797817566953265492005
96309863474662171647631916118380811597459399682936849046733408247082015440290768
82861160661367236378473970553924822389685085373157500223892695256072846279488076
10669557907885329778703696178984593435241349916075986524624758449811571627639575
32531951114147596487147226920674089921948843498301729307366624381723172947783956
84801611090759056983040477891535656634797075871282873272188743780852171170319623
23545275972051852059910797386768347367341459830194513869165935855003701437720765
23970868522742446354158496880146496237744783974942749118936996295403411555475690
58235626569242567989158762387329537519601732130653560655313772949365110177845633
06745791038496767251991289471520244567776079632089156580873706339411665696524385
19107645962936694470691543382385532833903662037143184066782034178248574228480858
84409479876695259613605242419207389829635318623332481760566363527129377619648399
06730948014879304739824654267462670422571979472520296283807079428807791208817477
78570746331536226041938381929358450492450237609881490395985555616960121039909187
50807215823268746683378440525164425199613004803308705310172644777828082708742365
50820058123322072322010491659302400728381602823579180167233163745245416762554033
67086138877078446241769148816150790338589067517648763687907471692057251713766922
35517414973778940360390128580849324327577325977291950791094874693312880052009611
89065358190602799452795040817194517961850136990203887525024985375335765829805545
39044901590926205023101479173869060160050179211548309099078204793857697079606686
78339847512312194205149254753934124417261409337043350317804795699732302569611108
12344590857368306476866100277815271940547008261507359496129942718746506818701095
18108123479406588778296938929975081055948011041432587774904462716218770480483193
61759637553232500972433911679366752356535300116436546080281572434827703638462557
36553366161432949996840732895026820094153419297497780433831632360993152103924768
83128389624883324672010360393321049572603754582702099856994288947934166536040959
83863642631274957119914151095376993180720852028699918446110107357313124356631529
44436980176776680352134457350451279117680406691380583061739568431463345513686814
46078853567262826158845144057271465177210990163037528945962748386976524424967376
21017944233361415439263502882172717751815235484934558890131268799898082855603989
70585933018781932420081201354590784501136887549282915698732944148006039873517190
49216618858028580984951807862002059563645837408054456637791517856536548869724664
13487871522961434212834395718932224004768531512346822605881456723331805351969597
77222496865196126423829998870970001004837533175820976944606562103685473756684863
81000271169989447568875997958731514960660594156168063263377541347062444482373142
88354511205965444923012241858538208810788645506275730879417909036481478309773518
51543281118603995263169509623867255214264392737124199416028255933233582804075203
82092029409700626840020728394217805589167317460377556825540207461327226598479911
98778613850351304020445120592402658616755529210921703819040979897683029639993507
47170004598500037610776867926723512949522486604384283212741396298552667213994424
80855994370349653950100874013063240833659670642893756302128240469163389684046635
24914880539968451554435363304803965857100513178367955199367855127539543297326113
93563056233401072348777373031400557471806490191556635189081467171116499002051397
53578545775222054330679058722503086636960664953865471290963012631756993928501034
49841760619567074428888534598305601992062198316441004654324051976490493764208960
24108842647412815594224015644765209409971712382897198662553750248472306863605939
77430168852676118123864231374601488442419604936895376045834730586985939632920876
16052337424111250687943560030673544233362064859094405722666090209056723001480001
04629883538063950268324294153283634332074673160385288934607474701367564755977665
00738055903887176494562693334890402861947563424907738904571529407023254246303319
73480462893091719319468824928695503171023507861683868639353133271498137570706974
25502018483648327618555348349461213951615157203057102620701456036093638756150418
93247669112720026925740403371022862854628087306513271279282902443401481628226056
56440896384949765048688106832614081254637136992809740318503517964245192032214280
31268638539240335324163222329031595444011651615990846841208861618443316850830500
91702897005430498940467845159013392430770114088908942884335744137627895672905013
44188830206496039165487577739527636811754466661557763443480275678278235138488715
47073420677835249363396857178433304768429513993108213290002211049244078869519129
95122532363454853934487247753293044107992105882977083523538927458894724403004411
98794423480103231273613242186293262572131222743664640731009442538447710826333583
44167409601035327603331182524223978325215410650832975578402858476115138236009188
09219719836005646444806951744664897912699142581166009494224561564691203888550504
80365741445784112678166686638850004763954660199616555396539972190204798526570719
07509250028265769021959364688615343157887963528394582548429746372355392762368586
59422126979988233527455775963084949801869490608230107337983754515621723217895814
45471226122430191437959457543812475297232632259622839497096542222735790837553258
82610799960658821080207634213740961445772629979832149012817551544130929021322202
91970014161822418026231757464765930943182872733978260054775155634414431926983703
62277360057206047018378357472924591288641434152386814326236631803939173661238673
90601453451344726549561592224914603226828643597556554173420515462450323948280622
91437910072888050469549595042063812918764463480080644355106481200298095411614318
48244857385761225041525308487364149570509354116938961660213762301275042622677531
56329169296721585755409079773088618935980956195267005546040296605245572322136421
74416546954702082685418057137330100480242439742101020422641213521054244284484787
56980250172219008010517708637270638062162655976523239703029820066764300519651401
22976888610860278912581648920545514881861756335537397580204892171994311320522654
91073040610006319490761489106352769361317345389435344633865603748326717153789896
98621887333398314659049072537423517658454765520011624026322274415650903120394856
34426287338274355409297883715698538365589152706087602918666432985529160905786332
83062039753861348003767471761011810598179020030811235931896035280989405665035535
90501480793450649628208273408433800532562478503097550211743711025862876965212950
25859536547682818469569811530669831052973192515018083443303822947854501383277224
80709377442563235852949201030778711278023537007576717258840360353377272707476309
02240934280308231046105709673489348274232962928048826971638093906487715496989467
50308152762363073346348938637632780243420003419902413108329734383070979844583418
63090383731181525871524135304413890302162488478716873648030061198969393768286537
18375099662397341850792984277174154968546927708125894111323927861446189032114110
38784295697927014836554042716984311502605632628296399140930637437140639457832487
70092866858818412562440238424328094309826657393964997317174411832839091166370944
44138975898530368403654260296263767380196066085373158883745751633287273044291360
36001407808738912215319225184652704873863934920693478583919797530885449029125493
17379279284853596046957530919809619948407100610055903791110947353728246855542861
20878740979672632990462886685224871229267749650585155086219886562949992725610210
48574541604008880950732810503873567633328622425756382297506183903744719762419309
86762271252219973296916671567830454167633940606226810909413372484832608197621226
59521668121574904355842128917213707607953472808073903915271149431814788220514427
43977905524840257230909934294678419143019054387591417198493371086817734115821852
13679593273351163216315616340816145526068449102351250400256202439010630831921831
40454744532203824987520652112596155616308975409219225655820875558844654649211897
55880664969900040519287660876778042144319975799095843419305891389188074319037686
70261312783417983605554038836668291588223105902681768861105776148746702446028119
24210952935603347047524907675016265567288665257506156261639607974202458287865653
40156678723269879002791288122750463235964837021156009421039878833058633813755219
59983697156186066048921575503183311205420314614200344150766999363717492175204162
62455048051370779861238830596877126626200967862727644013807293632263598008286796
47999810319336937344707673624183243464798000933975835858184447949550908019831710
77874318825495135687607084557633760748354774408476715245049276530504700168915803
43745176219554868104653297095474131305625435503696161038822539042497748311297574
20323122537457598131456599908954977018608033183422169580887973602972054159544947
06113021915045377597741521425960496164401776938740226495652786423194805430264416
11538411687677428234602189805503489627334143381373793614474747584157185242862660
62748809898008363453203332906836792404508530522536636687882765883998005801483088
43266382058122362733341007764530669326274779043428373526545582908711968723908692
29712855827058202633527223623913227818686355364999390033927294944543482526413276
62684143226671561872740816679586557801772384246125214924841225651901556013087664
66346492924323323938358334198737451274076363285460538822642408128351728938529757
51701451373073503539531949426533667585807456919681958802683777630098579459703230
65696313294332803888558454457870202739808747184433203746041980053006156229034349
57725708647484571847708464215146415716824499209742080560624331458123414142404906
43675164506282020077797084796273760238017230058666610583886524913197484435164494
51068691712331254084365317777983087133883504444762045137379659167954049557360731
79444160646087122067403074386536197244882631398008062542233956961297097864783296
64309634265167044269027774804296625897126741946301589875865428050484539940832223
93324139182485622432603113897251996718877999249872533006707996285793854595324382
88135731854250301229671795387219352143300104289356343511366574399438329110730485
96045625198576530660851593259525730993337939990963203006207189004620010712624405
97222496724423231099484665510710047515476301660002252270383795169473953565824001
09337596790785404628311991277904920057107187755678422322135044926642000034570580
92483951807290958580083517364959716556212461506585043720384841217083911940707406
32804664123658901334513224784087664919729166571369562452003441858479190696230745
87418351121007007175026889089552054415128765716582364704554594745954864403653623
77090099740632975060888146492506689870990828866374873155497939972222091997874958
21961778169290449993216652384613190424009203517667657176047238019167520686491268
25583906550283124007608288283975249499214956670494053009431041741238536542833395
96131600359232032144331131872374249196700023273589466340994189125369853511570744
15101729061584583598724169824336636977660817322559365701608082562721351890387232
96060336539703927331147312990565670575889770137553320620702561061044766955306893
07799804637433918367689996075943538823013500662893296460161668462527621525831678
23552671022924516180598787416980326676222754446042811502001619456072600479067499
19390039178099727500766509519153272453122706544285171582412485875085088941060298
58078689168776497917424105523990768048499072171074812289181637656023454342480247
29668556399307251753243039742013761467559047970359832296784588003011028849473489
55808193618721142083718244076449000328244318948290872653885765578964495001367610
63341004653729318840294978110894738646669605307446587262552730430669469471664682
46997615501515458248886672411758591139308026251835691721603956216558552539268615
23051960220685200017141483639341993885710357542761971163554271712384581011959706
96003089366883013643797228126046843968793265069264177575546422344906017856469417
12331128115784537035716161781581710368832783508193163318145374556661513235416222
44544341517059349548131081170130842687090380796329971015624050646257239448593154
50087467186539058201772485016951209434776610085507709794099684090733604986623174
38970050193974421349990889746495179797208615093509857314474295934286330312008750
39326255344453267009586090079533169046133406516585045148547542832664925401545215
84871199340504243113800897741016249212055318935928592094108818264179262923284327
64371004953541701490827763227346829907687227762740334130507923979515161424914266
49649003718952058852092326005815921172983698325950557754683036181518316491767807
94698388723309695848143716969353998271715917483947594734604692902087179799338998
15952776323179560667061571883712640169043072104560378839743505581570815387485125
28925580943246995827928017185819669087200645578429466235552718824688016748285509
87813075877098943362543739034108088487611086058245622901005274548277307803221170
35846868628412255183520307616074800643711365695899665243239883140823831749316531
82431670549826049082120361762468064732978271787703911844430123505065704064306437
02398331854908088190158809491402862209191288975738602570751504708213915992298328
86754742021706592877747164710445945357061085227711643605024308160888755172701240
14468354097214566373737456831508037682545693016217032454622128238515581028562135
95659826850387112610832306973489222192793586756860685870741079500318724942204094
14359747460463039152460338967999887312996808828294900294183793159948016647374207
65111496340704754014124604493839352213091577821968448192534016151010994341433476
81386606453359731508940077972162323383429701018312397653059185290130804103984959
04865536880647523698596278777163526723156233281190854764523450494073123516471651
23993284874780243380253871724766690904067961418880371428712373265665802835207060
37172503348121772654078907923317445849675381570333832811734310888388163100587840
10445555018351350497123862141442498567154566137761738588681567945359511553763433
85314153358836055801551483940502322157381502320654530178668592956444414551935850
79154956827244201989288616998975885192689070581214182357140160761085967110655618
33498363458495664692429698717477029522608702605338077228146416247951602900099407
90338582459677360016571912475354557202667310209711221449985175314016128991803663
77164923054476660331376995627934401242850730892125608634525793790823119038929497
83956909615903613454227542421309823353041655914356283108821983312885237565718991
96935132365666804429192397391071532823504528242784989350025370693424282066129634
51439790527592235117977431317340203587262958047300722452136155465968742402490410
90159270198470867246490242490578077974563336808808858983826726096704890912697007
65168482406166914497855206462878036899755818997809011464283641838568718944319233
84323557025387929257868528036043495880712371504805654215242141893329019619665685
52607493441356904385557326270855273010768112738628271208769974792672061279818021
75290317800688046736931293680515416137563539580047017217224921372650016080727437
48634294380440795222009244661434468913581803913730980179746222390594202703410559
73482303165285825237824970987924136292199958771053567831241305586374412992873390
99489448363943237894178369453229343591792796069516568592436174914396534020793619
09293745943060365073487152222834252256574526076202646081271791224838254480137237
40231115690747877095692228945041092097448488438069372685103798077701843783890884
31449491428729816088946224510114687123994890248039302038096816282805641336768927
46798967240089335043248735845956926011650449308985869370608310862890077631429804
50552151167469978983359082764146822181795094056469754968543072261161732199734786
78102857808218138839685119260461190726947784417342819362843421040352147715745000
38523888209176025952868927351693701487421143471926107415086670836903512062876797
98801822346879978058606037103182495485983634609096301417075711720572849329721387
85806079443677182555288398606269999416248605960355217222109152143907579399808606
16064449070052200112269175494336265468933686998995405482914650174175890239874104
49159696077531128230700526982841355376478332741719322953353926267538207904440732
45156160513913672475797863600406788551358067708795265382635023083755086883831686
02573731444534425644075177821747471209973820210490020381968760638996901197708395
38725356433256517288163871719742629360426442924016717085038317970773459529505274
58836538757034327142516922003284538488652313205482752649630034164011512995254958
57565306420182579774821005599893071270000825509427175235179890023448893576777688
41549064611758366464962929398826783764854998144685872721999306309908777202613792
10929634837080155785354144117580452899808221779505943715534188602120996509564753
79364303802911811059170004075514444579358907349611490035803333024408096765280773
80003514093332036673747723160437989391500258076141178397475858641290524354487918
30178425482101191212159838215478134404841045165888077843508602114853249998177284
16511520669544325625046501666841655168280877992885588637374775628233672559051553
95863731527843547636279050032778165775925575352181785483764098613544760721291905
28795437230651245504870809308698034133987109384823738689711509087246099644163417
41837473442933012975231904397719621564503016922211467606758400051293832468234858
10579345610381717250710981373567297198898774197211802846139586204574420127558761
43576704466542942006079131815290837217281370481686216765474393963934518630464645
42227682332103316970856496579317478655710519959386479910002426340459443717367987
