395088041562027838448813002019533940857024828974674451874079454034553482372640
486012831401670051121794747404264959747628939247527922616903531020350096557779
311282843222056537733575974901938791042239161138774078343784280116326609345077
506281408492551428721750825604202986579494479731468368006351876471793309353040
325924003959240117210578948858748341008678084908333905668735796094426638488466
581601619886843940379894120992777490596296239076675020844670079532683413309731
600711004677281061473775556337514584686623569247988813537392670616617713323758
473177661977081565320778022730398671452554342683724314949986287555302827242862
699441929614820046333778165652326609604242710430176330042405221018157652818469
318695410948387111869466082319385494104040783042449840399479021910959359555642
069176227493728399632548662095902429918629762674319336107692229129576896157134
188302679011078438752199725441273934955054965272447807692960397813207435468858
530427637243592220035700559610117845040803975934284118282803933505523743304306
820981381954693407725533788529533961334805868747390681502317903264122798696463
970691793275930673254659290175676619739798570713889815908638902824259758437560
015988456010492944953342895922267727198227018382249387601615894647082452433961
843292463535508173563372337747696349316351874575080217606403677801584040985060
483701369781985283782128076657612536463078759266386354041400080581028937622831
324049594608605430884428945058831837771154505796024528576760700768574399758818
203143245489638476015493544079192583334164554399034425382097328290379028227552
550223485127875337670245386038079716769644361618246487276992336566555658528134
944754582787891766739078733073900987804468156430346935079295748729042170085935
965504115812181588811991457092381470962308295431387635587857935690177096338982
231026413116498951176128093067405603181542323051080450526131059610819584106644
115684541336877274835324210636993571126492691741315223671019376837794765049032
107182894106033085196557968152740948223859223795137694191131787272053825917038
806198480119792283116711205859896247642141940696887029131926459569893389982836
924316163668720721565371037990608342185127260422826058192058348036926849756055
858187791603361128772668280472082997623433379391609689163030872376575241357178
675595572153591358987613228225708802172092123850928542520685067331116514656376
809499955149808056968509169137295784804970071912952270736967467903324870779828
732452788207500198050936073736117714707053257621158566796054340920663027122487
069496866816435507015751261646153340682434478603054638238566182140863873494206
184991582417127778468341182013988761960883008336708614336292953863738274709273
353083920878623882283275562693477438270957147208064126876298959580997310297270
555181094160797143374779540796046418367134373975013325421365658351010894639071
967544807402234850434011274513144439114816880092178292332514144758505978991584
478508537676455714561793579754553749283676894651753656091044934856249396824791
686213192024550354361434754071761132178948036123673054185716437309543496439629
293373690864621713828916149311558168615519057041524851112110469459739146947731
923344242667709548303348929905256712036316190680249516399127539234896933914776
791407394297632737487001066219822471635730675681038591253230027929282240470261
953127598398386480190710384374016697177951509808907072284729390914913450220031
661039788341267797698119853292389356748262386759596648917747669160981127201649
424210582469491530050907023610151804896979155507620840856238054364173080608253
827084674605391329797113338192044657504557123634370003973409426895664201181039
242379869949742324274709974965521605750815807269879978590470621872000048752318
599327750753222891106383685597965669568532141555719821094104853020819020230881
290056899053345934352195350179408163459694724639991873237709935874142792851275
650960605653986243249196900169345292288535575395259234708048254997947027187285
498264217178514306727559864875189775650567174122427084530999693642044858778389
771388801697713932093174404889625777501125150183730739786655646155709341906294
040733452368608518703902487871033671318256228699334636081547257272551544295317
982450468522629230342763090905605638084096618883288579736658983795472934426476
195828791479647873529089798038386799597971439818433519532077834339506449283859
584563596399292077201565672194020981301938840450880764816839101329795306821782
065745915534971333038382848987676427033857805598925462530695389231775488475868
730351383691482043743059083556542138618897620889341250876852177799985033513826
403188508222539371142751015042223317446212528149941461638779334619666129597808
572723237211216468570305966843790805685818265341539460703182529886791770141220
348089064162926903515059239860851393749533810170058535234284344060836455209707
209345205938461336519694787118883634949645599796145354990831388778102142022743
907663322697107328579801754132191710018229316990617354002083498057737912860416
661214589782911794640231957229619865111332332310280044291374714621591686844089
360293756049868647269622880649003232100504163968210007694865267791258081176818
840610042024451594842124873862451027472702462025462924001370924091268653412519
536673811643636149318733228770727342482574028936662765670502475836978548792770
822046579333883335794933436853373582117597351939219766479378158019433722539854
781545264011887542264393271155023222013284047731721383304377460825394139173183
724073303529063409950217070602111534120501534408889986574372086140379972581751
139600579283162082567724218918518147550497199357325124357612396874552279941003
809153771169624376575833163369338257687579990606950784809531220717553629289652
780212016484555234394870944440585563932170779813685230641502457835001942704947
837265830522506577382221981194470049746539111868492790358715492925529563940338
945985847742271535640476126368631803744803796958932514233571822572613159519713
048136716784124551421008458773269984336260159331223288043022920113305323562223
656844968276282179758930411917983363758530383559315271754165740042117558594246
216736470922792550465279129530637595794776118140827148275490660760307749654875
281109487846314603947012602741086006675878215135537820545474241642080782484526
428219471634033514177169664291278868929882673229431623673127121822471687512135
462311258583408422522379313671523319103401564720737540156621139713379237346707
503319794687133103384725593506499569152945172454488249758886382956026320435420
472952829982137967552871417821710996742183338585328437864346394595056346005513
591006407051829131820136721913684243406892189059594317461189718233347137728281
968549975827928007618856516467699607273365738697138667651152598388210339849232
006719081447018635147369303990952479386473373999492311180975719881887732890371
454413684410835224869981300786192618207850940044094619365651864302971140646113
084490233709522559924617141336672772971061887624482040923803745994280709945912
211270133461146745184036815345491537036140773071606219747449049940843112818515
061523113711164858254781014428263558962528575543716365209652210489727551690159
036221357259913285084444543137701295777648447686008666263253447544059467631649
343323137690987501730840847006669139439133098860973296580740824507791232451823
987342837452706269619597879202881795039531698855695798992181105247105580041414
944524904553235243702329884246242996728690068760160370194723330261461134381535
445838011623373264316242564235810174948521302671318043870795802743941889707906
259448900874553911798468024543054688337455569541978924825694007528524161581647
299343528625274308760370756994543533254507762072347038742078259424560735439335
835353754146534816936850785892734317695470810403277057380596412930163702104511
254146960388367143333748177743953626517691586833607358708329461271394810235016
931529907063697639842178995746961410683371692486695919579971469740881363417869
365840784525505419442545247425733958849374576959552943342051109173998098694015
646804569264087426979292860905974528465590065735231688143117878800786359911861
493588962269922649297582791036686597944240220092720161112082128111341660761297
725230542872660304646708533177249845693832017793936362357937785145485025937427
245403936050180097449333646382557249948411493050499550535152185337395459429589
546227772117638210914419213101585025265224802892353043294463412452795087605525
865641374418293449294265893821108960032664612436701255209235738458758208974536
674403527025902096387791206245131116453993637036607713314948941588351636649416
740532511612176444109762960613497200480677874086440050760667742992585649990455
980635930412582298651415027551518643847294518537806967963412602973577305020721
463752800366317988221549307867548631750357640285511150788879098758714756699876
406946393635905230866547519044182870645236295147328899241210339504455836961328
881238367514576534781870606717342517332370008149326623221619908864510287148891
595306934000969034223807541981354747871107703466595431373376438549138351974614
235968682512462098052518467087346506455513714968568932737986156284848492026667
235564768712553144571040859229721611254861891466678013245481827583329257345727
445393101400038536148015973544832001293376410773589681792129507587189965206687
910253897432442357337807980076524364810790291578811757588319824409207561541797
446267497772540436955790108704603616994554283269993959287680526260844334633993
202067463940455133671768692736727744310574568903702735419270181110253024901938
899271592350010104231046631091716281700436555523466389752850584251843923076323
137612005563564603197907582710876142662370229839918173311687528612610182614105
109410877247353960168979990557658643644839866893201916247329045495872150338383
432889552342104764469827514852946809058896366376297395961400764146281351003521
386691728181180205083110828688612750051940054211231695942911539022106102258969
044555607238066595660308908661122158042492410141798220297650976532703940201624
189020059025643002389292994001158194389123637872884680110959651853119237087594
055416010038038213627557392613671601816631079467703500957800132790590642040154
954862408933865208351611902234539459379213583846266231457312793705721433431915
725908539336358332182600278360140255162465832850401193678985074019380782672561
981698053182455524613748582712799655974120894073039877771747253617876508336542
016600892748973080666931236869751342491951397215909642451062901208352191234631
966666988514270136675712398585933616752107697247785728072628205606150930273283
427355302666313012813652851710775963024192754531186260903429052052148352639969
935256058216548717938362737940410096275933642615750714858563395270441121571560
422014837837434175073012638515266009625322302707956728147512073784983943355491
552674156785740653584590335183181608261454031761109416512035776760714476849711
943803702063329405464558321285788593689304075932487671359674599406266546823070
890085759380526119375753249964938195278031726633955308273812455278159817590600
518795448596955542325467807569558383524334694456667441019182902452304387813894
914466301482313506100003798779105692577665242034754552919065413803021121150331
361378499817852704439850807593070104475153152311061263101453820717393243982334
990925057541085434127834398272238216757850439379738029148590355634558681895772
982072452595142678349731888277540507502429793201102570876708456486552172345926
236990671581511082499697450876192676434795399513013523680025397282196485370263
848717581439315732164026292187978118155105082727871343637744203270941019865154
225193393351740286247028474579050313499658846754971963658686598956453829516746
062245193877999203247007938458062385698072511349924318382728973842535586330479
644391639552981872318448711225531607221320154373819053659470650789506463499797
641725357048992331146730483105715493166120067299920502073071912935960003554433
656614937315269064658614902092566575133043881747936313174084591199013461908829
983713784488240621073671781424204815833056015703110275059193767959816494439356
999207078612187085671002632925106816382615666269079168557671978026351574439537
559032335654911198783612068091806258265531409116738656682459805027077196389749
730401235962177686587813714266145885961651798735705481186913865866062309350272
978101043577067505347119227718468271185533523123817780912833599630245935741860
276512484088852391933374898639451276554184005487272233864480299078666472263377
489682050695630596175886431530242069810117055325591067977781300138571909319295
722223912886347169130907751700032576483526585953618879759724473008976992442581
984574090198127455982264840230402912653245706127219373052006796563212444101629
935857400683294856925689986665083379847122692127710532340431849356039605530028
782414509780471506454847740025606610319584318899065189504889071683653148057575
338547749610100260426472939205937570180781017188105295965109241858080315478675
052074899924158480954816789689612840782587138130948122890137725065453621241119
095457889173053971733901142829848753910731661907949411161785502476657637023591
103174617196284705412100063843774543530858658746660417254835726273105008141465
444718520277390430258564282053892683944357822620506878590049218352230761680282
252588243024549329004249839174075640177957787649627831648204665005238258545072
928359918912419175334475654509781983309795606340526870842138160097334813501911
940560924405733786852709645578111762404545890888875349820884497837031988325588
230021218337764863807839052410448158386656843000046819519931750871192838099551
672095062245885582533604593630805451510539942337808726724017331967327088967640
122725812545953507507217402511890164224035974512186920181996030791225592579698
400273078830998264026273174454806358193542825927268508694714461819904813207363
127085723332316081375080258594799516537549533713864414701266420752933423788243
472571569699859208074790110400472868048635389870813782527870603493461112078307
902874500432550161041964677576740096219480453478012795797252171352240675394436
304863174445694025434662705288325972760880102890941235151240939641289121403944
732444531842870492552248313995970348708429346599279278112663211220442824575617
530778729293740376693961481323304572083846325459716574657389437110096525356259
532385859789488773921044345899289061787465982674746933420514734171154742959560
190411951880661101105452514336486310621207879559121013335277749154310470755609
080469769973916676556907820548465614256183343287233878133154902455036533361451
432262948952872225895983321452189529142505573139099755950995189086364840774949
549942955512865014934923070330272416171462583940253220137108966976157638538650
218893858785566948417573638483398832701556515489944088558794870942941308311395
981730293103596554119435484875101018568879688693073560872604519206940137275948
773533170168375769815706433617964258095504001991238956734360198800166200427075
758028282388522296099077238955998866208223743991787907323676956995193895810950
015684431401692691393055323849748432894604960823966970444150405686982295939190
071036192457624494436017683379007115257265076486359384792610836050830731101073
422693532195959516219642479374085305199177457316053777919804409588213007516576
010309483502343345643841314201917949324890599480249064755947623281232229309046
441967142882958994097509454477643466800392600319345181474241564866643746768961
083731089394277861053100986090111540162436124759186819128972829597550674044935
860407068322987899926600383412615427574011076238050753929514610981250095435499
956353273369217796048417790128140007417476103349138537840376025486734078963401
888894958354199399716367453387886415786525420493167819720873359485181311689203
006537913419648192644743614630761188585291117032968493907048376462498524863475
931281189369487421241470678145890313785625663174154300528472198758169581683530
990332202769699246828191849977488760967678624203031128293536831371503102135148
154699489967818343531725958048911510813427849672975115275941002746840491617433
087472226436904036556109471641958842706709368360602044685523462276391408728693
723135528551894090626295325151223229368501105170655492415418381868932331021793
137231632354075601099127110774159745142553885301991176195681583271537368252345
969170752288812248982176785779235675159340254283796862609033888556741816294092
648318539441949519395225613676305659076065887678931816628014871179547672122207
960104753755026426723861780249238010497164786581400028229333506821894940313330
586593496241900400604659982940557007823433776854765702287836085328947302068815
541005264143872316273161381226395499288175268808568348916456825896079970363540
388171242318644892878559922951867012596370215424945747861381571953003003021836
270039153074380490189625030926285970208531848171411322066490488599927070333439
443196651802523943103050537059887268214397028911403770897231656271448902317719
796927239398642500463792691360270435526166655935958399056449357659412799619629
631552407172152872617446572863935215169369426297852882377318859199528749738415
588658256687160188014016258901880311689221082119681790806904519151949778580878
983812767904504495575959298843083640490452252636724456994147490374542728289280
184497901010037845662604911987654619029136769191231574504606525898161419275285
201794593369285382335243241732994137570017740871623183113015473834812419034941
483020627308915012903095494103517042406574291414092872866166233662483310980352
699019480529023533395297163050768544368383137842055698169740581756941827757205
822252042574855975258594150084259909232358449859729691731088289887097007905267
285334370138333011990014393705080748801078430822846094858500033255264816086841
338045727020201970355608575808604432982160868986183019116717317066763726246227
023743322806473612447342384688825531389799960118403820832203839679381526416972
443895825688661859061129187818700215858168034056530776540854873303621357219132
906337098515373723302698198349575623200929432361491907741295854575196166889739
960406617002873285572493274131976894754130921497587885925781429416992854459279
425572415740694293011390649495683535099586875519142077185649328728320129547558
901461886771915671153597322198217987447932916138039997595573776004597261736534
065504893800255970236699668531045880018644610472244416922847793963901397319870
062410079819275616601509808035622619122233371783095737584436764383435509762021
297090698858575757821271930960370038760556273614693986119094084688966276786552
705883962211179666297758098719037200097595091973745568339990702253275993496268
718244628334914618193538061502481351968193402060898756329447511505830461448628
539524741187889132955404177586964929789643669561823915785481318722556649126966
166952304818951926565652037971532061640185837784655298901383790500215138195819
453453218445542487836842051422339979596837827394281638006488460306883333864107
992060571359777442027362809375775579352181862350931036408320293488962102755169
911314123600931073753521185213709201688311371756650965531608344249319821195166
533440959080247398364807229547172229033342043165792519780794944320431597672324
280548617897774421149328511741077344064883185454833805389016815393297393045947
519670298071643834684463871371950484247664548126429277873540914315596209524395
900862938859406160224297405888090320287228782145088759009085069760684626087783
892466204974414470921856143052580777351486490430495781213373661676620245568798
426590730980676257607191091356203714624708098421648768126143876373507598041611
362565596918148312646359552751536558830768828452039583432906328374186016128934
922273194300997476133027066301449883589969216303297286872281917106552147324996
851178862328701290486410048132574337051431335351942135880193068084134718795974
469146788161340905947803627476283061622606362192256651670518489538436705540368
604553752794449754808148170067761043136825657435954192531949198423127173017591
134506222618912312757600861505161839630256898338154517474201725999819455618513
123858811095915230939822081645163165623917668332530489033398525977834100310449
348496938777974422724449843109764263510331921391885843202076670038366427289063
166542996451233633094489988795715319238165315228647285509589071370505828407119
277772312301438044304311073853600174317789744692167389610884583068504973614475
264578199021344303096218813572894383759765616922674874640078046013395990578063
189860211551006874803944926759572727443933385198764387276274726237302614100329
369114944484570510685951735968942251799957215051144037119732856455880930948331
150748903659510419310293763827233765303431545726464125352126967199720820063081
300689872519218651928963518489500534221862857749626823683923861130403445891616
307472864995526129458709521472969673413477540732440121593851478379418356650149
316664812007277876740673946178812748895740517725418454611324289360257258070216
544820811745319239111518493147211401781699909136452792382232505951923847413449
952304683588444241812366256297536800915328272727083602496844007592675177355208
065183997571837381257612857319315319934970545914744772351726963564005571018371
697226250426135796034021975416964323433024913905475189667680372064961052966826
119528610125799846750417227178668257985019666742610710778941978878129631742637
975303695008605510852405530094128822047935386010795257505072067425913293794234
700510587609480715527826615011477866588817879536207907894559124938608300736579
366656156732904562187473571136950155649528181862861584665214805952500114028193
237594537529801922311929415610238610225221448543642878261822866101922099721948
285471675528091220255426239150563405455747876659565986892868445388625246004451
525174342098881705328795932699278715251151692948673240173387860339421824868804
648477836970144725744656792555119182853338934639348344037043907504937175828340
766908335891108029660755549376531880692686257594562365330624088670540888310389
814075809798210882458119959542082405753579535555748451689523681689299223636055
752189213477439995080037329249521727346502776062337423571005711650041829895453
244851514993899951134494891133082407695155053597307348209586993420476833681942
021384116624350931610988164694056202655979587038218612341020037503816860721951
400902066901672773826721051142681341409087663189698961442669749037391393663044
459324777181718231994055097000336940640595854892680391418398322634076578729442
357854964417948680767269412862659041040935820849743061873813281340015823809871
668348903457124999358513165318350391271891985601172195057180929088290772687672
164837408879513402118828907148970506419611844692672888434596504642132776111614
935858670079451109910367105178549699816545595630815261994522188263826654751466
326495807225900741980363711151515536067055480906811915991445372920991254782466
428441964884915898043986662868412989376407518230495135727038396657967326109857
387075113709543525739282602628914038717313746818470314344661227455459258191179
848795574562562224203638320531110711009601031781171450824013888264415443415857
919837944654438831418162198838701449962048312304360702304648991301904516715400
346201606648365116237731713153852397580463227099456640914486043676379296755371
799399591197414871940838619289276051611267821208190734083425047001970768043924
224891212133399624412453570353866744140230311727860166703414103730650876666878
589139246215052828217716302640770669149714232318487968241479663839382615720806
892510161416372189995141563847664100870035801130456284357147551505936937881601
876397509758426990322773104957455733830505413011392134747383059959437577792732
536129365583533098023558364921735694360711485761633563826942143557122768267804
703258072926623091603828245856797511023763527643352047655477171645026195521971
866811956353562461290632274136737242327221879180757955927542779151915320948033
947484807490552912612397186392692805349490372792319065104850461534625647787797
755029100527350369227427337609463776426213809443142918378165461394301120445378
673151468091242794477700717266739980442654195367645936940161513957526175503837
362051187423048657104532948840277517536260989865786369835869643493322091463496
196149646466457595400711684684630556342880186644211506278385008974293814133027
613457539689866613472829732204532836827331934745526465982504297535575857928725
472369496725245488942375189395101637586328931583400986583905619903525463420337
102791756866784929097935061723786713329997984068344146747044618099604593317568
137005558057242882871974777991794523954522500242218219866727427760555219384885
464564628663095554269357954611286321255943112793431110547808065175112131781730
608794875527856262410329051262217131426763117106520132092004713756291663443371
036275677585837463749147772458645760375314350152335729452777376028934621607642
088277731272480382878673909522372112255296348204883830797247688715526319286286
729371851519546227325812762395379589142902037647075097742535453264822180933065
010286691787918897535081209311410611062439977476001764682743117683035958343156
346822970510218051672789024667272315673821470851699752925657016714523205061138
273059352872770525820519154636300808778388092127302513424145955186608733777823
406349495205963225003690721970477515824686535952634703692945344628491681499533
130214069002207179973000284309655782150716769680865273330507400555118382683356
590749359213210411152670108948173817644242366237571501738672653042847139999020
677451869112972372137871622439247260631116428091290807340756724161408145939440
108332206921569727987430351419046533878169977067200262178137263301399740137857
051828613495604454167304566894720410377269274972304734396012855502666091576327
397119648348292053218702058656461366023982004053384333584907522466541493127322
182301629585102686447733264560844609844293140604784183163876424759676204712237
509097875364911395140062811033621683228156834114653107955866507710803969010792
110680686729133649278353541254795842992094343272271702424182913364979922759356
773293860421335877417473900943692500091604374413069917712355063260099216544099
265497785982717097633221079011135669899331933450986755731346098252382324569290
046297513583409456191543598012840033072045652366831478091792839923052356271382
002752209748957346521139165641321878716111859948132671900330815218695000624807
388114962557879188946232978785775364674297458699502472180779378299373159078102
478304359156595556472690332497107507647528429582419077873556140513221671199299
420427417674012941162426630327421145019443452667290164336608386460679694829016
893309791941999125029856158334328518441939534694714138996269505071682360163442
849436883898959795497189357811104789199049016656206182853879698623147455117478
736726076312948521141571144708673785774213110043515490460649614632147157852099
858715203570627896169468965493544009788132783909197062776095592404373257703893
193333381080925912194209839694490630486231927666200271075374180113358725200746
945823831199551295329761899260363628604555413192598022683321451786571605498708
956879341584118461357280362227073194050999486550120450999960549308957361757321
348268293817579150724718709793141894044206826622470085881953846126801387441761
838239643995959588458345242698234628462094572656904445230213701595603438222893
793964825551207825456712072539943057759605497297046508430279838716117239980484
494020501278137075132199850368212697876576759509559991126093901452073110817732
399794925097471194697653053021814602669947518407769984152380629496115826522409
755436669038293302518165632554188909203986775418943521831331795321426202579564
005634695953839762823170920850297755068239893059622610400539227698577986949045
843456200848830510094511515520196630027624579902167632527199196005238516884162
248751249781599271999884797914328612507383144906464402658140909564124329926125
395223836577259436825817510524585326631397466900828751810101214290910532876334
107383842054462268803629885114344748504603351001707849196448267271112987369814
904941865465549870498266879980810997623625202534812583836825720739193407165121
059437291143473358528093017166493873468827479197792213013382193138590895926936
807087325255089720664291594145816280878571469093903172924927776197096893859519
141513311654372990323907288771581866518604401951823288777797089683125807904167
934179066899158698858525666794724151082653810160205209524411278676620216778510
947385607901830439981157716591146969726616292306776519901464556637982552405912
907614053436998087292303640791718758721404968694916596365075312359513956318938
438969690633444583819457649829294006711446585875905000435027011015210242519495
071797308182173489169823582812127547087736883541802123132006066971738935340720
037108135781017905817615232642432165994811761595978603235732676695158948904500
626897710649134398876656193136554450444431040381046159989435292515238434445910
213130373123866558257078410297097073430245384330426249848188791216492847835623
292436875885987719098503519675000077015979078247225841892250066451413465424685
060902949067097414535627666561333419015103464662629201784610459553056192204443
728165602974688439791996398537162598425199878090027349373801464557609219764773
189606082694607394926353886297115771352914784464375519492046371686393549232502
058872437922703824593044059720806698678420742254708073387454771107072346641853
868289473749476766223746768646711724115649427457752328802786054256571232066386
755615997843082169816316264518342852761147633093209027290205001832035687876493
067491026656519787129859688713625865262088977640263717965745299368622464353496
962781806766921838360453485340076434050297477159446948078953052253332628949654
289071999110597233180389971183852857595931318197808613639256846693032311503320
114927782938105891170042972889148963902763631236571030272749679558873540296894
172698156212332589705889904041104415549457236700072313124638695763647772522439
629017565527397783665453331491532503688770341960196824963918493237061318218875
318810046828041041265172226717158275325509071962698010917800345279992244206313
237542246294846401119409347693198677022723172263864823765220575879672971281067
951304211604427333065795550333243913602534004891309567926698010942729450108373
166681872510455956016165038036143142334689221808880988580980455281006624556619
565133189549777817416444225965144170884791189903477177512428890353438513253565
279021682103510523271654248463168189061744632414686369993854100580555334878342
443901062573835656872034910257129355361665818489919947152325239778888449197765
988141565129416975934700931736008148589392573820021629511674194051322288988025
725287647087873150461311225929990239759737135362482345669393635975219807261411
193803151464169450179610380488804132580791162627906666901693941757244380905113
540712866670480667661827915788784400672328441002564757687614159495000287501814
791636398490872702006152220848098633646523677143669304574671138595522139613701
265707432642581328044932605624072840231761532220200836727434465272702767430226
525247918199543249201172613648625552021647621816023913099802632805340023371124
379593723522325544663852656009975597593107141965268690857278877689065587351197
406499314124233768781417175096184466981558547807354861874511721017496299962954
557719383384002730280914827018848085541055553095665291273861120553574711615328
547668728620272030382561182568433977682434402473494973251868374601286390070338
164433104888433012485392972976494816257286100286357292097220061204900468788395
372694820194442952286056750200636359423471466374310339254899573580958993432356
915146157224463590024046129518048582233944971473182123307883026536393620915647
644762465928850599719663594411666831733803647789435404913100093296363308787627
797549829396327785061554266913897896426528039388923066950239662544489890189275
088016321666586415743819575407320445260538528495287250921686186491584525453101
395752867640793606752224146655550966099006836236567554238027771309709965488432
272745575994152474420143107716644949240311021719127622820006589448782967915412
031190487992909482378703778053761066821960661465782814849390000867261751349752
762442853713208842451301514781361588456700158296410624596223451563284951177696
220784465000931541980019413236076616221432489377538886375254569050719616932220
953720412973018285812299968667639954597417629428673319092681809475779624126735
011123924848379764239481006321153989200745541552912995796800776051334188358743
678279608663111585230872884134592496213682545231542972884263676302322422319124
191222203447851734145288364934187064579763171021479029620333949638262761406135
991734313932988069464758408089026365657984707595350132568754121840782165016337
933001092977098486831645048329093566683668903816155388428810837263656899601201
106037324964291159288685110695539121868305165962651569372934655888506104258656
504757638489645162176551579074720324804088423609098332712557948284322236351602
700516359587172550750645962007753123606640873365359370195581484170534130070161
831767512900215277934248478490698350147256423427380812949927502883842866498277
728345315285930155808255525784435511755452214459115365185809667079341891307905
418927663567013890998065037317688652954399788958150523569206515691209083950258
096312142234392526391660185883888720185205800528295630182511706709436249652048
264856860502239392540854370750429619618464128060578029101018628347493345485449
472217159022725090262904781608451707660414239457927310120852782743284564614017
693518428208882639920218063449048178401635880915022793389959157868089302398679
680140621339039263565319695571579506778290071224463875418576692138164703333104
494948673188627499350637865493807714441823244894315019411850932064833248911826
987218598186571070036778388820066415175867363413542389721750942877854909784799
352674861806524284078797595536484758743874853320155807834343891040485850673436
322811525428066662858543083005071730526671417323067509461177864190157710876189
614462021503148096204895044537938413007664914465138529143598404374399791545076
282567749373283650204838469646892581648503096653955508173723023404751478489403
857898366802818241496896415457212009667863276828228455717718979473628181408899
