4598302411 6813392425 4021024790 8295842719 2272091231
0498777743 6008228204 0479398238 3576317324 4317194831
5697133001 0828525340 1780917584 6522941747 3591973493
7221873348 6503775663 7694545173 4805841274 1929648062
3788474696 0032363296 4560718750 0856199400 6290196361
8143276961 0791010248 4774499481 7747303697 5189922813
5576935750 1446845470 3817964356 0419274820 2966411484
2647553884 6160928431 7366732609 5117141455 1466420877
5937211606 6400571318 7183194037 8249303566 0264211455
5465509638 1561717598 8326306606 3541502910 1213817574
0705460347 5894377765 7343347443 3136145706 9549958552
0681596871 9207955264 6702350322 8932588692 6552115837
4045717679 2697869830 9365844160 5217539839 7969141646
9213052887 1247348215 2684048633 5441603666 7164545205
7287892065 3903968965 7009883303 9278228312 4639883225
9368184889 7300762029 5019139221 7469639190 0812982244



7578103017 8407124137 1181333474 2069153806 3731963420
3722700135 3128231561 2820927307 8733360657 3188224330
3526775361 6851440128 4814216046 9279280062 6149042372
6475295528 9806723868 9801124635 2617089223 6094195142
9831850549 3877642205 5983978423 5496068384 3080444630
9187389828 1103232617 4942490245 9296870542 9095989327
7188672788 1814902205 1859424964 9786437220 1915084587
2524151377 3308659016 3437389903 6909618394 1846604804
7641285774 8573396024 3288848561 5948165391 3099507843
2615276124 2743730419 8132191310 9713823323 5365219625
6565684132 1009977934 6586712530 9809163123 6945456552
4086709902 5795737378 6907357079 5762333041 5204577601
5138834558 4741962374 7926673163 9431708110 4616149280
6358838918 9301292776 5043664289 2222952486 5961964742
5015639365 1304555422 1841369811 5505602264 5692242688
4427092190 8249138797 4604688426 2153522223 2159695297
2046003562 8448018051 4309235146 4906483155 8147073373
9099094033 0635162847 6364524307 0399022890 6910322690
6335776036 4860551940 9027826803 1593780882 6592838678
8589283339 8144312107 4324210574 4407797255 3048758075



4382718089 7381605829 4605104830 2938386321 1204406323
7985310181 2009680047 8401312104 1931723115 8801989412
8999509449 0518235202 8550174784 5472762059 8636970700
9621505367 3678007104 0186618081 4138596278 0769153033
0859735979 2227429779 6806443236 8930843822 2161613445
0290924444 2413428682 0459892391 4410058649 4855598206
0284922716 2477870269 9558974228 1427014367 2583620201
9104692411 1432481136 5678238853 1661678230 5910130295
7723739494 2182206285 3229253296 6281056278 9429374661
5051753207 1023254039 5606954202 4998214315 3977132554
3297586855 2527248013 2525920496 2363918642 8240229505
6529171734 9820738772 7486453474 4992666383 3468080472
8431021137 8092719503 6693983708 8898079287 3532815339
8474260645 0074080844 3294502104 8660235279 2585313312
9653132245 3687733089 5416706614 8363110682 7794190105
2865443855 2547588213 8943087838 7554697438 9267645496
6213807228 8425723934 5052083454 2156644577 3935903272
3197581717 6591609149 9223005364 7772838127 3341666225
3384147224 2629942411 9246224009 7854472979 8291278440
3926399816 9698249831 9988102820 2402018949 6060671263



6566100746 9397089206 4689403357 0492380927 0107051053
5093856117 9427302169 7988253541 6280152727 2038979683
5160423690 2381883598 8721040292 0190710560 8751001679
0371111051 7939171375 4662368383 2541447178 5938653029
7056462626 0948159605 9731112820 7255718281 1133246076
1042177477 5964548391 1179713618 8734748786 8253984586
6897492106 1770350321 7366706570 8216985559 8660531527
2702364292 9621060332 7629512934 9217521429 7488361749
8973053872 9795231771 3765169565 6076009410 2572096526
4136722804 7189019484 5365773052 3247184576 8564345313
3418091260 2575401390 3941163886 1092776307 3561477104
2982037148 5588099882 8077011820 7688604358 1805556974
2895134939 2085027036 0998529136 5667242000 4093406815
6266480004 7750369267 0100671875 6549830267 8403949779
0284984080 4112864904 2737318787 3235749233 5157779266
5464058755 2701973317 4152553436 9343335878 1774394766
7698653410 9034241828 8560046824 4271735589 1956299625
0797908273 7456067765 3849024226 2424341394 4410514766
8328626098 1169869629 9573291894 8031309383 6578772030
5440635688 8087392173 3643168563 0197495882 4077856564



6911005844 8506322174 8560278698 7082544923 4350094624
2878114247 9255709287 5881603713 3370498944 4793554135
7861767774 2593003501 9948788189 3546457069 9898023884
2859434023 5293957359 0363877995 5485801844 4355982316
9084248835 3550065678 4002486228 8539779059 1902101008
3266439140 4237858347 1415392112 5211966441 2719679850
0140377737 8161139546 9455626393 4396372291 6983970344
3161802263 8018535077 2747903835 8387760381 3757838647
0121363152 0655028504 3820926854 7160480494 4672487705
1115295639 9198461966 0704801990 9225438759 1936048994
1776424323 7878245127 5097624575 2855490091 9496634300
5632504215 8247850394 3865657347 0302650698 0027224965
3816227554 1258123830 0224668505 5927019280 9527663208
0553239136 0748859854 9525769899 5079276140 7664345764
6429097181 8152704084 3411686487 5195291524 2506986869
7209121972 7276416639 9894803529 3815572061 0365285429
9804227933 9909846309 2628786791 8884474582 2818384915
4137902575 7617305573 7219098917 3358087060 9521181391
3922837017 3304768818 0850991710 9050444013 0249073627
2237452998 1247942216 5881185896 3808812967 8928602717



3502479061 3642266669 7096556330 6010179050 5226554257
5044259197 9884309629 2810306578 1734716370 5682133316
9546753852 5704127557 0407558625 8683249666 6639996077
1750714245 4243476380 7349935092 5572652501 9287640864
9276184971 7304589762 5148716488 5915989512 5537522822
2955357809 2755157717 7349425449 4064636532 8643887343
3421753070 2797210788 8439357840 8051947775 6982541739
3212928035 2819043283 0422660811 5277615033 7280932222
1614627280 2255172759 4025891404 9567804027 6685368356
0064837512 1195655603 7929089017 4970568828 9249537680
0055117044 5147090402 7647709526 6126178911 6435270849
4766333633 0375047626 6818134938 3168469838 6036717861
8075709038 4099944166 8188850885 7156733750 8594523816
0582885059 4971914115 7735194691 6382663291 0009363196
9376262656 3399714388 5908306240 5002210685 6248393754
5166453897 7952645501 4543848991 7421968312 1931401372
9951184100 9750979419 9237468840 9542501321 2364767075
3289568716 4905935102 8968444317 0331513881 4848447542
9115655149 5493239860 4734701430 9945309592 9657329964
0696179056 5718915571 3959225222 3779966163 3492924092



6900212172 3513543080 9375801321 6123137754 5123487290
3356146091 4816427581 0499520023 6087135985 4964801275
9693337261 1487822048 2714165428 6109728738 5314981069
7327536968 5591326889 3124658863 9737786052 7964731457
7443870375 5129143836 3101480880 1025549750 1850563438
3742326494 2884038079 8143255578 0016392499 2969085284
5898363913 2925179370 6254015022 6681735964 6575985941
6332244151 5757367266 2192304256 9556660186 2213826190
8801925812 0372388154 6007760038 5904490388 6176642120
0157127662 4408763052 9283978600 2937708353 1090043918
6588120008 7431950741 0289980656 5937988870 1230973100
6970179557 9926044738 6963611607 8651598376 4865016794
3285933431 9628128655 5160845291 9059142677 9204939904
1189678877 8786674303 9299757616 7646554681 3424735632
5818313412 2662690037 4833698503 1872001174 6032135725
1155487510 2276922014 3344417041 4759365038 9209545499
7699002142 8049303569 5458920060 0890881228 9808480549
7614642398 1241706535 7454304376 3040631682 4995543589
7677978729 0679404769 4811267909 5135574378 2017524164
6753461329 7580009812 9577909972 7071190393 6380944971



3956296258 7268238358 9471854165 6384732924 2758695098
4276737772 1923321752 7653968660 6177282371 5965708211
3035581036 3815182791 3256944611 9309158813 3531942734
0665428840 7415997081 9492402918 3884976257 4831533937
5254667365 0828439655 4011389663 0167639046 3017835475
3694786523 9365547983 2094346814 7633789840 6578472456
1420759944 9897741287 5174494581 4534657383 7899796025
5958626928 0739502699 2775699077 6084920221 5589743467
3926377917 5303666438 7053071485 2519470220 9570892828
6369504935 8558489320 9095586866 7023345755 4319254514
4251812880 0784991514 1850033013 8018283582 9191679510
1513506325 8915735687 9487674191 8382330615 9137685922
3498332250 8319995527 8486255059 0848674550 4695160242
0521525235 6676382666 4320624401 1346246184 8355382319
1903078979 0489156492 8816756949 5129760602 2618515957
5090914427 7224633135 6835722350 9941125528 0916228242
4069411322 3256899532 0003903020 2196968217 3861309879
6980072131 1638620390 3272971919 9555770591 8946517770
9310867334 3597019086 7546375077 7494181642 1366245871
2283625713 0969042522 1424092741 4444286294 6764111157



3339026068 9928399591 4207344591 8210129878 9382713047
5037383316 6795787273 9006283488 1721234327 9316790078
0179277820 5762794247 4196395117 7750945739 5274438958
6335334736 7966070550 5270121425 4429947908 0491346447
3573810923 6893078603 5662366461 1507441594 1923079912
2635805375 2635962493 5883885499 4535786088 8234906479
0166624557 2094788231 0387009991 7210865162 7001741277
6478931430 6360703172 6839611668 1796735997 4052437218
0120623481 9404677351 5110115013 5753039355 3613503983
8765404636 3031729240 4004439345 4222886650 4375595216
7963855990 4741481073 6635762226 9326643306 4224662251
3619647559 9479394475 1674283039 3884953878 6086663136
5660876086 7401686825 4243859509 3098390095 0824741461
1518279715 1479253878 2363231160 3910159790 8370532676
1335653050 1089255973 6947825669 3522289815 4208014466
2048550197 6532321021 8161662195 3034657184 1288016502
6448317775 3037857572 1075721672 7037351922 2403141487
0533281255 6025237909 6528551710 6044744791 1806731970
7100206860 3349095233 6928994351 7346016999 1071845070
4909528695 7774131794 1205305663 9315825980 8009454159



4568474016 7337619934 4464418595 2484585780 6791846718
2672145793 3027162864 8423325497 0208681474 0691585705
2483014262 5134913013 1793189738 3824525493 1717540343
5106305944 1518585179 9332289184 6398568766 1286780829
8214112906 6850039256 2077476960 0566532434 8516251485
4282704856 1423339710 6339613269 3140524821 1840228020
8764932824 6007079295 1867118770 7464164573 6456342222
6184718124 2843835488 2660565417 5590498795 3693629595
6649725411 8371933569 7984699399 8266970823 2831209910
9341255994 8081987322 0386864574 9761500731 5013080359
4050406734 0560123257 0978746962 9188299464 9670095532
2993288831 6237622770 2344608416 1786295841 8100330595
1772290600 6608958130 3058313139 5588588048 2762259625
1755183942 6498063120 0451271810 0192221949 7057669748
8445965926 9299769162 0797266423 4143396980 9608501454
5299116867 8452787722 5801508574 2859764318 0504071622
5494651215 2689507976 1409835692 4309417467 6545181719
5667472044 4984286032 6968037184 1082593827 3355849743
8685580513 5952284552 8759636138 6027589819 4531001707
6089442733 2474687242 9589116478 2188536209 8458294683



0304075110 0830546676 6121316949 4465638662 3369731490
5363048789 0788328740 4207267338 3396925834 8281353332
4626119663 9727672957 6987444036 5471360016 5916747714
2386181991 6453062722 8981557735 6622922661 0897177977
1500834627 9464409360 5843157320 6378347619 5170000165
8106021009 2878404435 6820652019 4527028568 2643221760
7135816017 5222197346 7223327780 2743989435 9711559780
3812762780 6526046703 8575085560 2556081051 6667781838
2636916211 2027595476 3575092735 6103375651 7976994657
7949596114 4911621311 6791600460 7234256813 4822109174
7041610254 0842483992 4042350962 1969126368 1209164349
0379266934 9222546351 0174034101 5465437528 3162070610
5390821226 6935397141 4467016387 1339195724 5620135139
2040509186 1473232182 9361951891 2364549208 8239049722
4882879142 5729913397 7822247818 6521013391 4143716010
7780810007 1612966209 3680467263 3770301940 5918478585
9655730889 3645078579 3600087862 8686633807 9763689028
0780619857 0100232244 7725140393 3032211957 2056967186
4238802321 8633477611 2599435486 4992447475 1661178360
3166952637 5416043600 6356632387 1059279357 9217568711



9998228111 1089142464 6101546553 5659621270 4209994403
1975873515 3439833319 5609894173 0938654745 4651409993
8939769355 3922458643 0358876231 5761562586 1587462872
8187813371 1235134587 8837855804 2169776439 8525992789
0499624290 6538896215 8212221897 8878116258 3829659073
6324849697 7987612007 1306818833 7251900370 3774034872
2504297349 6099347660 7284864000 1631992960 6695437071
4271183192 1409924423 9469582566 5420541914 5120455361
4236488414 8160260537 7486614986 4110283759 5162909996
2209123298 1921678339 2396425613 9072775365 7077363937
2511982297 3696786924 6891513716 5264869759 6513443576
7122826858 3753144012 6280418404 6228693588 9735824637
3787848447 4816412107 3381675877 5922822307 9154982210
8047959043 4831933876 3433073399 4992519424 3372136321
1915365810 8725527549 3903497011 7953105652 7436888894
4085474666 4727270780 9098080469 9730940520 2816129582
4460656291 6550769680 2356145139 7859995356 1449185685
7949608990 2281540993 1896227352 1074758244 8567245261
9510048267 2561527017 2300934394 3029068805 3019264553
5304297709 9978289188 7127297756 7312250801 2156908989



2104620610 3032654195 3558830843 4633118423 2432667935
0246989405 7473910493 2355738728 6249786807 5144049873
8143435118 3852558258 5965084861 9765348305 1655774653
5484925184 7062358463 6112896123 1063475613 4878291962
0808029021 5418895671 6954705784 1263606512 8050970044
8653394569 2126761074 6489021826 0151360021 7640420759
3430425154 9604712165 6063826907 2668810603 2814204741
2200888667 3494151799 7246444314 8785230281 9566773009
2434525278 0354723713 3249811211 1447527196 0517285263
9093240007 4100850410 1353495340 4377507086 8269290958
9645056777 6975505181 6997654774 2490749871 3768970805
4222310307 3699862144 2134449704 8083338862 9036192462
0994170065 9527552349 9456084088 8352771199 5125641178
8748775542 6906953789 0166583717 0505976068 8177908491
1618570218 7460703920 0411210127 3866342584 5845123645
9384881049 0498891712 4685739269 6221806481 1341034779
9910285334 5043363529 3559946999 1079748386 0730938322
2418565543 6504976494 5838570957 5475892418 1079549377
6431689626 0734364589 1301527446 5652114578 6141557709
9210493343 7132765485 5020781975 7756130190 2631627312



4397224267 4146601694 0435362112 6647620668 9557181471
4997912220 3905936045 3171295309 5554012285 5108112121
0265729697 5654697231 7828275358 9325263383 3111069657
6581556117 3594867954 7594241902 9558201244 5750907537
3370460353 6226154971 0395443112 9334077832 3908570180
9046135796 2884855271 6340269965 0631291909 9426969596
6225589497 9756287212 8775719854 2419673475 3015874634
7073305073 7845796145 3545425206 4423087824 0841408078
4627967368 7388788958 5204470927 9081010712 1198779872
7835924233 9335575561 9371324997 9593876098 4147798982
1381826503 4322401306 3857454488 5493589707 0486251427
8724296521 0065664978 7070156838 8386453995 9036508017
1114364104 2662786967 2414199832 6547334111 2848793309
3439580866 7890754340 7020267937 8477434553 5265665129
2901343372 3462897801 0782011552 2188723937 3120160937
0970406863 2553677092 6191900398 9418841145 9261537011
6668658956 3673150522 1633041077 9848867721 1494160046
6211065860 5248504107 9547948381 4251404996 3682497073
9689414424 6667174873 6746316851 7045635775 4242310515
0580986476 4641739106 2874599047 3792488810 7274308142



6295248909 3198549576 2898324171 9089619983 8410018154
6644378082 3753328402 2544160414 8959931908 7300847247
2855748818 3769758189 5347939088 0198458062 8942112361
1333546325 4004046653 5717316673 2386520784 5030801661
9577080902 7132411891 6546201980 7089554609 1872385437
2611387496 6299766658 2523147148 1880032379 5003806670
1185989421 9599482184 0489226045 8854876888 0233759401
4215791542 9528712356 8227193941 6595000624 3911835934
2678164048 3541623849 6792420808 7709963757 3387339727
1385700510 1721639010 2814006199 6402955555 1092051482
3727888939 5862250635 8200576235 5860460670 0333545148
8830880320 6990796123 1844923797 3339003311 5058829483
8020687671 0240916485 9588883944 3246563446 6757463358
4953224141 6518803282 5488208991 8241029406 8318220651
1712210563 5810950805 2676082430 0375506483 3828150365
8350774394 0163080243 7480979848 2956648727 7021341700
5589113966 2180093523 0435395488 8255902667 0900065711
8853359523 3013070087 6190428286 5576790762 1690733940
8560706158 8936193013 4878025952 4996703159 1436244219
9778519830 0437984441 4548655165 9082820414 1139376731



8104087719 5965789360 8900600929 8571878482 4543162180
2453861168 3785858623 4510782849 1821691458 6433097247
6771131495 9030827346 1852478922 1595763617 6194158034
1303131918 4160775944 1012157439 4177453130 0010795056
4422525109 3067375232 2368854324 2791213530 5575926210
0311221186 2038297502 7538178425 4173117337 5517119681
6524092843 6766301402 8433123610 3292345231 8918370223
0344454974 1418863973 9865083728 6068616943 6251316559
8064294041 5960955828 1527947448 9407960067 0401560663
5423305660 8882241092 4622558187 3588042827 9346966420
6274112459 7521522027 6131826209 6736092737 0341863068
0429620948 0151901121 5646323354 6199496049 7408344435
4531421150 0672682516 6877950667 2541821696 4868333082
3372445854 9241292167 3190981802 2915171702 7639539076
5960845015 9458745976 0737822363 7182049117 2490303721
7284752147 6818938282 8585241866 4014070914 0991778837
1395692161 7076979010 0601923052 6629784219 5100992184
0123220629 1400604821 7819490156 1947902646 6313128750
2908324448 3715546624 8494038615 2485353273 6635483810
2400072695 0375367248 1333156495 8131952983 2958248945



6994701540 9838635883 7510527445 0387542374 1635053454
8439059129 8010160337 0240650914 1965440640 8930992874
5635036122 4915848602 3751328733 7313061777 6438334911
4167974279 5635358264 3265650934 3897438769 7125404890
9954397610 3094470122 3017049596 7791613454 6024092072
1494649710 4487480382 5509647557 9233784085 0157046965
4092609937 5292975065 7563244547 8640178182 0868997603
5501204605 2898752372 2840965641 5401043048 7466276071
9959290035 1813908226 4656278006 9174993818 8975755041
2455262811 8769537357 5052501272 8015922292 7782677371
9461371921 6516400180 7111032606 6546576457 2568399041
1126551032 6989847762 0049452573 2076336611 8794668546
8075655577 8816168336 5059804799 7528938859 3446218272
7482769757 3534811670 3851100088 1206002684 5121931613
4987292279 7354351452 5162066264 4675504351 3009958875
9986591144 3487330276 0578327386 0610819603 2567833536
2521398537 2146327137 1437336685 2594289784 0927984778
7866474664 4957883589 6680820451 4776727190 7031262880
7710771780 8759446592 8794910582 8127513178 4511939021
9204362173 9992710417 4817473553 0055149680 7137461376



6826102458 2297889026 8640706208 7169184080 5906684021
0711797550 7316360971 2321042997 9833192165 9946411876
7390473835 8239727102 0669138686 7582223407 6837140251
2878602433 6013754569 5612101211 1866856952 7576098387
6242013180 6009730015 1094877041 8647501460 3471909560
0164459132 5816011088 7003424095 1086006596 6824661861
3700340454 0305650156 0321089611 1956432794 0113323206
2441296852 7189733900 2930438752 6826413252 3728118187
3418377266 8317079822 3668198492 5517311140 4842922636
0049729836 6464717470 3203589251 1190314552 6378203697
4827376444 7465796347 0343627745 2109556074 9209997068
5966310831 8811970526 7540760841 8520990745 2641268309
0143476734 2985506555 5504958367 1068719038 4924438850
1716241895 9241597064 3895517919 7612480105 1183266210
8395180919 1931686471 5007622854 9154633210 0294923138
4348040570 9777013982 7445193483 9221971306 0823701654
6337256801 3935034810 1212266051 1497687829 4628586232
0643474121 1262663352 7821577473 2452483124 1354286604
4140191905 6371445619 3361673409 9663782714 9600978057
6875416953 4454405994 7939618148 9149477288 3934449386



2378544571 0715026668 2904961403 7984996997 9904177314
5349852052 5154680296 7974626481 9668702286 1642312147
7629241242 9658312763 6615013215 9956875563 0321383495
7850419502 3669392820 4408381491 1150686568 4280960304
4852969738 2538002417 2676987094 5805588238 7667508804
6999123811 3646498178 0323271388 6275399981 4306474612
4047754171 7786963338 6139656178 8596483175 6351902365
3894286098 7981324310 5964107502 0220490603 9359870915
9547794213 8098641791 3250939151 4302291823 5919452911
5029434493 1341236215 1981821583 1203202948 6003940276
6901266322 0706625706 5165460052 7475224010 1992387346
9029975061 1631661928 1850976779 2260931005 1354456493
6116459656 6028491128 4552622478 5726874706 1159462603
2730492603 8731909842 7270223022 7936371756 7119268583
6471857815 1551335203 4020094255 7325702413 5674979298
3260661689 2374772379 0923156448 3699398221 9062239598
3512927748 7404921884 8651486180 0676468364 7476634904
3546852270 4418150329 4734668805 9802599704 5147190867
2697542090 9271463724 7939872429 0800146596 0306126644
1660222860 4050721331 8150829460 9888507098 0566227981



5499892792 4314053239 9034861738 0802149334 1026331550
5110372233 8875148162 0439881629 6144993711 8414730654
3972563580 3732060537 4193767157 2155162520 2628791243
4751769566 2745040518 3387160885 9843704646 7204976925
7186263068 1746111178 9650712733 8941343126 4004219002
2842688463 2219249602 6992853768 0961589319 4890230425
8339012860 8529021358 5525352287 2936927725 7311248398
0587096220 8930684664 6263634164 7431789867 0004740615
6685763785 7107584274 9474296485 7966762548 7697959410
6944926811 6576569257 9106373912 8091743329 3427660082
3474451226 4681724479 1345411283 2897445755 1465078695
6589905282 4665349909 3871511116 9679515364 3282615119
8278986688 9710931016 9591041784 5024882873 5231923844
8624226362 9734975768 4392822631 1202000471 3218720170
1783710975 7566855371 3938247585 3381189805 6805524561
7589253290 1241044606 1386262529 7201449551 8845924861
0761575320 1952379210 6931822465 5177285864 2266047786
9383984421 5191391884 9477120401 2480322261 4617113859
4797565685 9117457472 4441827556 4366755031 8617371053
1284061591 5488212497 1937173021 2674392008 2041117549



8546836398 4135677460 8838167338 6741710047 0330451223
7269963296 7533503556 8374255932 7885052848 4397099534
1517659032 9384028506 9219964260 9108990684 2903712845
2934549490 7934984037 0395015943 6563446313 9951298245
8133353138 9648303954 6853777423 8675823879 9595073127
9166633912 1357622930 0823813749 9508804241 4367706341
1867945790 2022252519 7702359954 4884292304 6328754923
4967220873 0074226185 3262394415 8468650826 1531865605
7785769972 9253351807 4404638289 7304361213 1248741664
9557732058 3031985264 9228400338 2122961982 9400035721
8896092227 6076892173 7321375612 8171401278 9476808601
8461734761 3358304779 9555570110 8465899184 6526471602
9062432682 3097213791 9999502600 2007677928 4281280102
1890465503 6864494068 5163746947 4009796705 2287174665
3346534766 8328529930 5839175291 9256842294 6133303350
2992661474 9035530997 0592944301 7566334383 4322304415
4343703476 4664049273 9502658109 1264882415 1780638495
5847321292 5984863914 3378040535 6376028060 6861278168
8892152483 5645436191 6584590511 2065370194 4847924254
6205587901 5583333543 2558659101 8391532755 6343253047



9137407024 6658885855 1732641557 8510827116 2140919115
0201876161 7581702513 1170079441 4086348631 4831905529
6155411318 6777476030 9553999986 0807938437 4976227303
7037169749 1622920021 8300013533 9181299918 2960402359
2948162240 3757349964 7898156526 2268246922 4661822660
0334656315 5444069190 9194461335 9229476476 1753098401
4456964949 8541787417 2123136077 9557004623 1575740701
6476128273 4096389797 6977401987 6160194157 6015291091
0925312276 1838347867 9518524193 7060797916 5590705751
5180512954 2831018535 9173186365 2920291308 4205780739
2675741156 3134564106 0048148590 6597772775 5892339730
4760176118 6109466683 9383170513 6767659806 0864546532
7538441719 3324821035 0034614387 0064257499 9821742521
8212189204 2469834596 9460171454 1080967173 5478479028
9649005709 3695658507 3602799626 6961684643 1118237198
1949954017 5555079372 4878019693 3765045134 7412370232
7858171705 2728754067 6808677865 7331919180 6541465070
2346930410 7602604380 7649839841 8776243353 8838135818
3139633229 7830451927 3542000124 4347701439 1410202805
8351376152 4868346540 0922414855 5589073720 2921946094



9678309380 4725225427 1539715644 6139320717 5620510574
7947382556 3034044998 4090551893 1225258151 7064469135
9945494107 8976605283 9379950219 1260261204 7720514588
3687727742 0393934927 4661742316 9661272448 8814202863
9142022781 2419353329 7421694509 4679545206 7395697738
2806280091 5341955720 9296208702 1781623595 7315398580
4940599130 9645978436 7461688033 2762471313 3218716363
9467180936 6747344033 5755526219 7725484420 2499963393
1748616681 1685800241 6101935718 1587639139 3715915310
7634250433 8406774911 0062398885 9795461135 5539755839
6530539242 5113385151 9729571507 2567194931 5914454388
6748094127 0092974257 7221170197 6780777554 1153146444
1588881354 6404610034 3675463395 4381365737 9417552022
9837046337 8124045276 3115958787 4291541420 4162066248
9126162385 0077703928 6348472623 3343506441 7462265548
8896432896 0847169212 3310844633 3350533714 7173330331
9017211530 7748181597 5318740320 6520654666 3038340247
2404436419 2958515662 0772019573 1935194885 9162981533
0055105279 9525400109 2334656798 5970645405 1429106571
0504302628 4793759359 3880541200 8468120716 5725958968



2779436299 3111922904 6287498933 8151616124 1807541838
8765972717 0003193889 6653365652 7359657047 2983705556
5100268027 9238516795 0336520665 3091784354 6800532221
1811784568 3243680044 3266590254 6285945991 0385475796
5209123438 9503251059 5830284514 5019453098 9232771984
8928078784 5546749643 6275646169 6626183648 6662036715
5784981383 9868252876 1956385736 0852041933 2025764108
6585308207 8346093735 4267441745 8791798165 0977606748
0342358794 3788166111 9989595666 7944648382 1547715844
5223575130 9630861325 9832304456 6468192097 2502934490
3578658988 8840520552 8878640659 3898270941 0986621527
3716175244 9269126472 2285626744 3179067066 0513250331
4572067834 4046379514 2601733349 5920626461 8127328737
7940013015 3571573662 3761268528 3211039112 0166194811
5587795504 0394086512 2360419497 5793571897 9740811556
3734672074 2742415773 7740444109 1238485558 4519673648
3504888683 0993138982 3442124854 9562023391 9819006035
4898518044 0671358033 1408724132 6581558085 6335529235
6505562434 0622173863 5871005910 9166690201 1060085192
1062061521 7298898708 3613379458 8258419892 9728135937



8463864081 4620973215 7488764585 4545290564 8569347625
4092899106 6919225602 4642545291 0014982009 4514753886
9058507821 5749901642 3832582661 2333030842 3601713313
3019740264 3659281051 6974600611 2974134995 4361141507
7890155231 6163627582 1160734521 9385511127 2300896003
3993710873 6340084744 5858281169 2917284014 7159292712
7197382253 5539639876 4592473836 9326112803 7429940138
7580817617 5069360473 8088259160 7654996602 8549415839
7942913044 1789374134 9812851299 4331756758 2440767341
7695102424 4331173208 0541981225 0315547648 2578701650
8657667023 0978527121 3432609608 2828084722 2735516127
9802179432 4863898906 0292519154 4808852944 9249132385
7532148964 1284456505 8336515343 9839435370 6322369086
8184748916 3408293026 8567197857 9660416012 1522883409
8644950300 6136379847 5278879019 5341774348 4446727480
0436348276 1808233991 6100874051 1223516596 7744517830
8192167027 5125143549 4699668726 6873708278 4919199168
2025903711 4776598260 6846429716 8288715196 4827056579
3794566304 8499534258 2827100202 8745751425 3134878869
8880801239 1825275474 8629359202 5797500281 8219751009



9462917837 8511034667 1609157650 7689424057 6434882324
5410625517 1455768523 5574081545 5232660177 6743209479
0156452054 6687532565 1052514797 6320111226 6026752483
3213955089 9312683263 4930136851 9242840309 4260238790
5323204787 6793848815 7817991207 5883998951 1824201625
4924399375 2925029268 3380891296 5124723281 4990269823
0237888614 4353189879 9215072001 7872694765 9321610518
5240507686 3648912351 7516719370 7377421624 3588562940
6235947704 3120052660 6256976250 9684217812 1148882988
0026616044 0592223293 3162417612 2908743379 0222878045
6170135772 3750619521 6034268628 0629053786 4968871393
3857125624 1696407932 4475831369 8859182729 9927578294
9295751304 8250436660 2853237140 2054964473 3807382457
7555825709 2700759153 5821362248 7873951980 6447536509
2283387321 9737894509 8948812224 3166650106 9873961667
2989920964 4205968175 6961923183 9866191793 4084742578
6815461594 1458938640 6022961329 5003812003 8389767450
2086338557 8266798810 6569036999 0815678277 8516378293
4599361943 3669806529 7922152215 3666288839 9402680386
2183878413 8954997920 0722893711 6950775706 1724002344



8728986838 0888946932 5821863378 2343569120 7402895687
1885668709 6061273862 1934987326 3224096065 9606991760
2005453603 8165896602 1438717712 8755309837 0990207133
0847123039 1797557448 3810050683 2809511893 2927219123
1654940906 6402145683 5987446321 6265575739 7928373087
0286061293 9772368385 8149199392 5841574254 9146335154
8204141285 0525611641 4384738621 5794850259 0959169401
6701922227 1520515924 4638478673 6844034101 9760225485
0585962037 4520210340 1958672160 8171270192 6460704607
9599287131 2107480351 1882506823 3530449698 1265520956
7080884541 9410225351 9913136835 2911597222 8197796519
1751091412 5749066752 7198799284 3990372741 0645886716
9811835091 0120568349 8176773100 9548469910 0664217037
5101296402 7952668079 2620134649 0826570837 3127308877
0349853816 8830180415 9107350878 0278978144 4525165407
7081274884 7379655033 1829893602 6105151709 0092011022
2071001669 4799486064 9884160992 5577821033 2925422202
3824316169 3794552445 0771166127 8195720289 9490592371
7876307137 9162077328 0519004359 5063027837 2052428607
1686319756 8319944953 5965461758 2379331954 9221835571



4063821726 2170118990 6243630164 6834987994 3067324897
4840299006 2675636866 3934498668 7029574632 9559276358
2274173904 7673664683 2709872540 0825658274 0793730134
2125015787 2246935933 6023202788 0213344754 7116925472
4427882347 8857202047 8481096682 4957325946 5069381839
3289944085 6293295484 5234695473 2470720957 6815500031
3628681830 5873597665 5244562923 3370980039 2024465397
0819808809 7516775900 0829452339 3382538737 9751663668
4848199061 9171892305 3029327528 2052288738 9977798577
5746443306 6738428466 8342381977 7822394151 5224363898
7424951701 0656678530 2676664370 8546240614 5075109823
8265082329 2192311694 6593605521 6243701274 3002394924
6000846441 9137134537 3908817105 4329719962 5921785958
3689002275 3546934419 9270563544 9944646484 6356921147
3954542342 0930350956 1912596294 2760332314 0283815641
9581239921 6843570592 6115521864 3672939081 1404988429
9540135030 4582616685 6151191924 7042480677 7874883871
3189871896 7382619247 3974908922 1696564899 8157671704
2890174496 6620596800 8681990919 5664839871 2799600060
6600983366 5085013172 6705066780 7381053625 3324043615



6109801108 4767554948 7749423658 5163719465 2793284979
9057701845 1049091701 5335686136 3244389487 9659034367
5903495600 2166426558 1524443928 2787227173 5945948307
8938720248 4734203222 9005213360 6846053129 2940974975
9889320134 9050155466 3997880699 9170087371 5889175956
7768947270 6181150301 9647289132 5767848161 9091938845
9773052888 1739137963 4191013912 2828818689 5766691581
7506640190 6642575911 8576388754 8293436299 2117191271
0549773853 7301557783 8101884441 8606578305 9241045272
4319669227 6439468819 0230293660 3689392914 3527900678
3454920522 8896117886 0518754083 1049180891 7759260962
5711828832 7086436346 7278181627 4725571485 0253575093
5601944533 7057042972 7931651832 4369707363 8748560927
2821695707 5593521798 2829317630 4039885438 9505725017
9465534119 6643840611 8328171225 8058093138 6536690163
2341550423 5539488039 7710071250 7041056787 7416202585
9908400717 6820989414 4867462299 2276289202 5508580816
2173150838 9755388405 3494279190 5673448766 0483097079
1086659225 2931017597 4785382557 1471946452 9629087845
1956517409 5947894396 3376856887 8413363340 7353907274



3766372205 2802244591 6053457375 4066183716 9580524217
1800321860 2285837532 2597888350 1880423178 8756894023
1975197437 4446133525 9745789740 0554662442 4324975934
4049537626 8236401505 7347269539 8011010025 6582513119
5753891584 9382125129 6799677253 6212764607 6391067226
9184411105 9166671823 1748120661 9477228053 5025793861
8987107329 3114319621 9558359007 5732545492 6544053448
5876237997 0486963982 1290623046 5260237154 5697463982
1850402406 1606472122 4738628536 9145422758 2815893032
5786719200 3815231307 0301231450 0162038355 8559708463
6288728568 6618295880 3815141259 7924271222 8006580721
7537599560 9753028168 1324319088 2675811213 9786458977
9915670771 2334130061 4050720737 8747754227 1334777231
8791387780 6041160283 3892807322 9462986109 4389948042
6877630904 1382820082 4932764378 4456946668 5596913509
7280929656 0296837842 4831906376 6489758940 2297476523
3737070759 0295732296 7641074447 7902854220 5710833186
4160628348 3284039376 7133814809 4153081003 8363462098
6740923141 6257725926 0164241310 7683838536 0967743938
9645388121 9871847087 8357602846 5758500662 6430131835



6377598343 9423256319 5673889217 8647425115 3914648306
1056176185 2266148498 6211735299 3003941962 6797835115
4324719792 1009990235 9950101850 4522633621 3662954175
8790411552 9116300595 0929887093 7205111995 3209519197
6119111178 5656856314 5823742527 3363487442 6217894373
4255594438 8272109955 2583440480 7815336301 2318172504
7611209858 6213911950 3812768576 8422270602 2880857922
8022789927 0135450268 9828981286 7084694808 5869077368
7310488241 3520925337 7992815178 2807224730 4329560570
6622345618 9965692940 7990430103 1800558838 5154956003
7101536288 3393296308 3886118375 7251344292 9623743625
6902862399 0818089667 4784072154 1648215364 6698525111
8356093769 5388382477 9268205403 5562293103 3982346172
1774992876 1143107112 6186981767 1651010213 2817484322
6860492899 9621374426 4891787470 8005217789 9145979368
3257690825 4470499557 3654607383 3295445503 7605455616
9384629935 2695559825 4814369522 7451351596 3501284438
1657623878 2190283447 7841943484 9167543322 0898865725
1072163801 2574559205 0062613832 3533310017 4635632696
7882997952 2312213359 2295598777 1478425621 5281966009



5824803979 6074188068 6481462221 8467350238 4649962094
8290023721 6747151301 7616183486 6485690095 8044527129
2413610774 4855016454 0165882100 9469531851 6709496532
0283685563 4394275525 8676230939 9026264688 0252100234
8398810810 3139591567 2216752103 6403116827 6980204470
8468275102 1600765291 2859618123 2892391998 9837615465
4015288476 4023895640 0800911170 7771686632 5847151888
6521341810 0963097892 4681427776 7444249098 4819462072
0991186061 7837882725 6060277489 2025077565 4960922415
3721848981 9139994930 4356168693 6215964291 7710952569
5097069900 6323100610 8564855544 8231768169 4918920335
3825938397 9779552017 8060026150 4538466022 3480584280
6680800540 9727242488 7098899181 4030172108 3740851971
6844655506 8686682595 7621317618 5347414437 7640981168
9746202037 1211318615 0318053481 6370992805 1005793939
5818396053 8157279905 3173564620 4725646756 4657337523
2496044286 6627542283 3411947710 1158614822 5132905747
2336964545 9350778630 2813970350 2693355867 2025420653
2019113645 6842785222 7113049930 8474015508 3205534502
2071115182 9250378245 8415159542 3857290920 5590931555



2709371573 0436507139 1970662707 2083660506 5359257807
5387996624 2782962602 7190863678 5842034261 7942729278
3872074227 0392586478 9969888520 1728543732 9638914179
8564954987 1231317421 0781117458 4783471481 0113022006
6918811713 9063322377 4639144278 7135013391 0136146547
5823547313 2163877978 5942292590 9287326603 9806170514
5105189352 6138463564 9007582348 6329152025 8655103110
3413814049 1015735161 7886075764 3964618834 1017565444
1487477439 6958712593 1820683929 2181168088 3559712722
6537119526 7463913547 2889090102 5277774299 0668168005
3198706232 4755696316 4794199431 8772899895 8907371744
7913822106 9168303144 3021088327 1873693722 3637159824
8511277737 6585439522 0664987630 2769812346 1345369762
1047397548 4439806649 6855150018 2428724139 6293002078
4239040770 1717530874 0062110388 6981275161 3311076710
4226560953 4206562796 4803091959 1712222568 6050866069
7491958719 5285117201 8630145722 3111255958 0580300595
9045178016 2091560033 9271581356 1939615245 0582940942
3830675223 1048760275 6833193139 5370615940 5690082546
7163407688 5187380620 2839376494 1416952247 8976448274



1592439389 0738587033 6831106474 8295916563 6319407597
8797738936 8568253656 5679811940 5558294689 0756209748
6397051586 2806160495 5380199298 7901072698 8526406869
4896100332 3272842034 0618845421 2897943218 8689707273
8273627785 0137270114 9638708846 6407860794 2655552555
4856648253 6726238855 3019570089 9094418141 1968192782
2521474367 3023757726 4790630213 6270092943 5193537520
2448246504 4502817747 3530313055 8784042890 5295653616
6955757460 3044684002 0130258347 2857878603 4796429662
2856338390 9385040595 9963382052 0131345977 5949549591
5282491367 5826557737 0863098534 3103165699 1864774935
2355876985 6167640256 9436794965 0826595164 9361856390
6776134086 3449496109 2308528159 5759473244 6929978437
8750695779 6523406627 0348934399 2200393314 2022159640
4753079877 2485471928 9903190331 1360675387 4099262658
7614582952 4546296274 4782530607 1370861009 3256561091
0629015937 0323457846 5109425415 6584863367 5971714103
6824690682 1364595022 5938235868 9803420521 4584241562
1097712594 1988605174 1846098105 2180233091 3491593055
3236402118 0135399382 7390760960 1881270857 0022161499



4202352285 3011978515 1482540926 6951856567 6534104044
4548548817 7660629153 3342393558 8304097708 0382629431
8944385077 0239040847 5017104093 2368683097 9044978493
2389215598 5002143587 0077134287 1584700693 0247167663
1228530283 9112029615 8483322876 2187312702 5440275098
8697775241 8671972580 3984567834 5286723372 6268194259
1376892237 3279869636 9957194750 8280574929 9080160929
6385648875 7743668130 5993300301 0651656716 8643311600
3817843318 0947698249 2426608263 9256472210 8563028212
2858435912 9114203603 2720601825 2323794629 3109254102
5124541700 5166491749 6978501765 8680012863 2544573787
2529326712 7745162433 4360127340 3978593022 2159961775
1736148666 7939676563 3221951493 4298376790 3749308251
7016185284 9338344242 5041832303 0264100557 8188318544
2893640874 0320396600 8892343871 0023409268 5238849673
2284456687 3657042343 1566989381 1311708549 8055633424
1109039029 4020698788 3668650096 4163691705 2815658583
5647747550 4883191164 8430645989 9663270339 8001097062
7143154871 7437048112 1700620918 6084162459 6321962758
1891687594 7150823636 8927617174 8516314584 5180705435



6379707232 7895745053 8758447100 7564558747 3724567162
6075875582 6316241638 3017589481 2372734658 3284264334
9842119906 7903327699 5061878866 7306344903 2827837648
5909168680 6539844039 3171382569 6659592365 7348223568
7609504600 2069573673 6953943537 3448928789 4541429944
9242296541 9920687071 7179908202 7511232288 3020637409
3324308284 0768023659 9622307450 7239548291 3251001462
3152283856 6996364648 1619930610 8035011934 0985512877
3081595450 1549790983 2610070008 4351632209 1409713166
8390509307 7706782579 3848915921 3209928659 8075166477
6274042102 2870695803 1691019769 0665849294 1163014490
4175524152 8407985584 1920459422 2472240857 9545248996
6149963129 5674599317 8744978341 3501974760 0248558309
3556978815 3697313632 1445251140 8292841812 8045024919
9295984561 7297886498 3652967173 7406535027 5757846534
1870784213 0980573575 8509870892 3218338602 7668096878
6744587673 9370425061 0529455934 4800003379 4844118691
0343848981 9927217800 4569840882 5618002774 0246971556
9634535370 5817713249 6654317079 5487952577 6642112068
5694340740 7369416521 1045301707 7751449502 9664201508



5673418561 3308793690 7990859888 8195417742 6188031441
4174869352 9301286286 8769796349 7164412421 7738001969
0974862799 6089460936 4253067910 4174593571 2831904029
8311315505 9303861120 6192754003 4742996012 9769845672
8568007574 7868256852 6558880550 4465028247 2340621226
7230987650 9524679555 1167576075 5189736710 8186648733
9135554730 3871771482 5992498209 0655636246 3688874428
1635475973 8020092703 3727972357 5620585201 9488731175
7364152085 6887998396 2553950672 0457656370 8667868496
1673992899 0516639547 3480646884 1632161269 6232140430
0430349787 9376589552 5591261273 3494431374 9318755851
5220350488 7715420612 8323215542 5010369584 2011777060
5811310857 4067217688 4473924121 5189067429 7679952843
4604620851 0422989295 5901538861 7177785962 5965902453
7479964480 5737542590 3395571736 9017939751 6001998758
3699094035 3460200600 6114570812 9727286492 4415558859
7502427490 1019975278 5695834533 4494325002 5780204344
4408682890 7507743961 7367055383 7615787863 8538700095
3573335902 5946681197 5123738983 8726653687 9554300184
1504480720 5276494457 0257994686 8034994929 4168674710



4745236313 6504711526 9827810552 0599626500 2245440734
2871399194 9802538333 8505885393 6499417336 3696431899
8036953211 4631746171 7020388070 8663490647 8634042245
8469135590 4242451402 8142597209 4336803940 4264695762
2035197605 2537466919 6864684057 4852273222 1411263468
2007326809 9128359680 4337124898 6512484713 3386599958
1557036241 2843119237 1380520698 5546305223 9628600169
3260924761 8752321257 0099594164 5450175979 1304831585
2269009244 0553118658 1531978459 3140513549 6797501971
5913056364 0796787427 4388697431 8121596332 0242453695
0908108540 1074867453 2233669488 7417447584 5601897763
9584490217 4934597104 7703154197 9472175590 3104895515
0713033750 9226428947 4366150114 6171128540 4898362878
2321775540 3355815130 8900860023 1119089283 1719794615
2733963981 4755795610 4816547218 2282092824 1262244086
6173161182 9531462701 1962136619 9594108793 5835643209
3296418935 6289507521 8341609495 6286605476 0820233943
9036938294 4107069073 7842159371 1008435508 0993495125
8480556142 6027948881 1735778231 4109215630 9775563343
5689280906 2401470430 4068096745 4142850010 5312911014



4071931810 6005561952 9375994409 8161264543 7443677397
8928455823 6168065730 5686818893 2905552483 7773886978
8338482126 9003385525 5772963294 8503625724 1617945606
8806250567 4398343584 0688586527 9847132056 8203326801
5840118612 2537107299 4592972198 3140398249 5464301364
1412093794 4647846329 6730804124 0315791671 4681071721
5465797595 0843790654 6392689441 6436702026 7173333214
2868727930 0067525680 8959472460 5400773921 4366237747
0366937064 7989280683 4363066623 5735491883 6306740896
9053454196 2549218595 9482963529 9144250681 2421957849
3976249362 6997668432 0117178309 4789764534 2821592110
5441925395 6738906802 5874295234 7024625362 7205862445
2991614257 8749920154 7834925160 4342385349 2438434103
0380727377 0776570147 4373435807 9845112149 8902138772
6113074931 2518484971 2899174590 9500393219 0625680772
3932545455 4691767350 0211427825 1591537139 2247521510
2619575181 2555899192 2377560556 2518625777 8715204024
2356430080 1544064737 8686471774 5485337568 5133039577
3050554298 4102745208 4882456380 1811743244 1150886669
4172029225 1387140525 9332921890 3930234849 5217837323



5334465326 2693777473 2504109205 5082762701 3601076268
8057349283 4106150143 2117912584 1093281226 7491152949
6919441405 7983354038 2007949205 2726207312 3858332785
8875647790 5672110416 5441661470 7612883610 0062438413
0531050140 0810107987 5557731522 5042463587 2420813465
1707819681 3266473052 6526687009 7539010235 4840054319
1030305850 5073284856 6621892307 3610160979 8730109604
5787862725 9697182149 7774593191 2172420855 2038322309
7743733627 2600910791 7085415906 5400695404 7576946452
6935273895 8908946566 0935532169 4271294261 1401893368
1755821233 6609288093 6868361084 1295931368 9766825463
4161807973 3799311434 9199450619 7674140383 6739591043
3250837896 0976546321 6344296844 7504718087 7538796601
1594691058 4698569346 3154671519 6731054018 9434725327
3510123305 5566492446 2530897985 5259889634 4445382941
4488382570 9671236053 3891982931 3649034991 3321228421
9660873657 5713694328 6363383874 9656941544 7710706138
0343673939 5432994554 8894604432 8621170422 8102975764
9010846130 3625809885 2044456528 8925386561 8355437466
9050757948 2110698111 6094362272 7817194688 4422390136



4355582252 2433014093 7115484011 3662138841 0824798090
0542972492 8690877078 6394338356 9758089134 4855483753
7677719658 9593658751 5432750294 9340116362 8628419330
6048171093 9239987919 0088420348 7294343721 4946123970
1703430337 0791698316 2457660506 1362459054 9183588052
4520307312 9842425880 1870960784 9181635833 7632141776
5526484660 8626744947 7751311633 7460985326 1567716821
6013147819 0445605770 8920308018 5215408812 6888224610
8542068433 3127975848 0921954444 3889667113 1444617893
1474129366 5128198790 2593291945 6527368734 4836398893
3899843612 1168068986 5797567488 5165488863 3769003537
5291987757 6930810573 5517395144 3795272703 8004470490
0728573092 5262631673 0990740006 8490459975 8787132093
5334814799 8072978030 6859252749 2154032508 0620629679
3680290963 6571196554 5474983265 7557609467 2472292408
9206137105 6217009793 3992793206 6567094589 2120839049
8460475864 8011445523 2781360281 4534457954 3873365991
8540295506 0100187896 2582320644 6714509639 8089199675
6614659823 7014128736 6468803859 4032665222 4087508860
5288410671 9799914085 4487007293 0220172202 6030478638



0710886172 6314153139 2374899477 8191781040 7754525553
6936054590 3637816192 8639420022 6696480397 5868226345
3758128535 5079620606 4636202276 3410015625 3911994632
5786788360 8702524372 5262830330 1021044894 3262262753
2207366765 2910916281 9988871916 1678669769 8617210689
5009023640 5929175721 8594584763 0689212470 4365027536
3283506500 4334618318 9703050828 3915358506 0525172234
4229331896 2943725776 1631522268 7395005813 5915637995
0090704572 0072609689 8837387536 9824262186 3149512139
8835716735 6388063005 6290325475 1451996618 1726778207
8962727991 6563774802 9910225094 7244094198 0146869018
8625285100 4233665906 6430765016 7100236787 3518980417
5086476038 0556088271 1984788639 1169660571 2575811161
4332203162 3986195399 6081064489 1151299038 3218924496
7115181985 7985027704 4697851841 6280732953 1875221707
3754278078 3674506060 8436887769 3049830230 4143646891
3983700826 9396406069 4562881641 6952916654 4373908475
7281969614 6411957158 0663688131 2484878296 0051923653
8166969144 1316437821 2808037745 8223191425 0665372731
8660158555 7631000545 8819146086 3415120134 0660568618



3053991092 8422209722 2772766642 0070998758 2315907629
4391295156 3496720838 0989724723 0420387327 8350860147
4116048285 2042007439 5960779396 7665745457 4157343814
3762929561 0953115848 2092000199 6834922274 6222332034
9229787977 2093259373 4589318530 3632200218 5233292266
0432632777 3869929525 4400374606 5480447629 4982724042
2914656005 2904598661 4905305330 3411842327 7471347528
7632417746 8600510351 9680259504 8933541617 7387650238
9319108406 6521380466 7466529643 5771960522 8927287905
8233362671 7180104787 0741509786 5327441555 2281550979
0153143256 9914109132 9952502769 9164121847 9890353417
3418028880 7859437047 4700374687 1669807291 3698781051
9134823174 3199718175 6973247169 3411240421 9323832375
8158340750 5032512102 4232721599 9762255953 6081716396
