88780252776293997557562100692557816863574852266842217698248697084653170975519868
99048027664700627857844421110802876650084872762453317380687613598647175142240756
37477938949968112107606583748314151573369322156160796154741668900573903962422004
04807281910894433392821152687055540204675476399958884684238947084462143222864492
84462272316613301398650994691699180267860469800498186373040896503322389121117501
47724418631259957420662123998577661482900173467521290007812431447216980149315570
50068862086576598016600292096955247663186792805604037279718078064157755542263355
50765097684467861625411870598202954324931205714160345448610067880393098548216956
93173171911671860260559083344010081497176058298190825751387872269114890019830463
02943090972757005650125816393531763516352399348657461860300156984534877935941234
88463261706344320310259682929404808358583011306695057562374210543120332885620065
28485763264393727370866331671737310226475584083633101364526692664884123534172861
56669191290337031960038409141980181038942181720449237687755393556148211923007347
95044995132429577923882786619798784023484188861127835620369032291898577177478933
51715482853453444906292911472842467863521376031580071061169663512346951944094203
17436981565956779304564569206863940092387083094355007582499535601459309717188704
48938766780816669751756798668660180763609736051767312252122612676778069822911988
43786756893788178037347032914219157426377315977983643218951647363649233397554653
76103257657434024734369449321929579749307674170716870415394135913028486044759371
30022729773272497243200118053047730527327105451939884947410292913438561501664114
35045964004993670262415240027288584493657613522411790119965539231881072719177318
76893161787993147128147103679344051396370563035588854540582356746374174817504177
18063211525035228911613120952579250721782948656035838907711065869668867886073322
02739128483104537892680317169484816241946079538076798416496391035769200489083960
52161564004838593919281928750929258055498258757866256794069039449389790965910450
09721306885071008022075735193054197227034636087950973333520000976727468204762046
29623937043099055056282934706297405531700067485971352102904951780131647593457468
18044686405079513422796823214885501903705675058262025412047726417167609079059956
95127021520791790708934098046151230301677334920019873996158112017930835564557213
84004258995919767277339809538659097799209631582988318476017042242507741133147406
36938602606907142047644501923317773656416131277105491803708678491885213724586944
81923885511762029827315971157958778485411511460867618694358638074264148598238224
52506067646457079646732594262407390766781968182070753345122696073572235359830732
73906531506506664962604858810470014674165727289808151996124794415444357422764091
06475815845362689572460262604822918006133845358013852582019979586405510818309131
92757583587351082951061199599098973752289903000290974466830390516708468515637561
41300733371366125869249054634301099194710182317334374380605309467671372278725079
93533328156156836866768986051723515396004384591914589496592217848423614473740705
37716840448834239004217016055971751747330119415971822872041641299244051114817099
69133343609485874362351281232928397542329733520082295762380427115350819663579411
74834084464907858608172837915766491652982995272370998538649519446958623025966434
18947434285407669567391049761656965612627555535460212099525573919071466642594400
41807289611110391525337381837947039628572182110848255229196141119725971396790409
13359665560960890052840599641717795706617202618666953117692810095813070381050125
00090154452427904572233005133883638641619912865844731445247998702155568210688110
13670777674079093853844388484675272027536444063132931279990108775709037368222605
81179933888054004748496988076528833395580939092819765974351822030921286165605423
87448256900320345259209748938573999454810241074556707000116595968206428545642888
17288184044824028377118208257240384624144638230846183354092359967808007689471583
25756872867774997736591678083750894579983349276050355483174334419949797226058721
38027288930456606134799498118350644420871442355546708037427504036322876928056274
35055074171027028317538967571580403575710906460017638851806391533752729447321120
51728461945326186286215683706485613486107188267273987084518367443672233689860573
21025426991761959400661482507454323795950991063760014712993997423034414031757111
22594328368437561389211694855207811591427458721311067826927496825511861184809853
96951249248158591919258351642112151682703740430237704158277539229520546726502639
98362475502377429468320764197467357405703534237654086039264046598342151042824911
51207502261453654842778077630351049071471712859449437023643186349928666751959282
00631149500605357148396830997290229969040907667407029594477669516344291064913075
41441773100350389267415389300030185432071744529676011657042389388980833001189655
76262830153822581185975617024335230546604720892888467602665592623842162052953183
15381144450938981165369279789248612780065397073749022101338190246041289418835120
20385401297855598711881115562224860915240550057690951415020790666575744923837847
21617709574388202892718501009995232494135431375965672900742891973753369613427251
89694348778068276052917300589857933943700723996053096141308809037370279837396124
99239689457895604248992927109330514012490324366933867096493926807324605386495242
22246550673334043430101438142642812074687769785209679185096698121882654605131924
37682097930619794305612978021906917570180256724455669227495124907321983500425215
39386328105260936773372440952316278972486355189058378413401869241985079733223400
36932725743901082398175737421100294745964138510467512250763669307551451316664043
02413441058122288563011211315218638435048899956736796805608161400785554717423950
15398151013117967353167070240877814767532532620550615999489379436872957077525044
54794860548388625200456455285027349448746937680913738063131901485901898815072150
35152773775839396039920174736301868813920251249046397102726640586152920977539298
80067095141692142052029503947355012288478104209280415742140882688438108554456693
96883935444469572866423773193590602375936210083162738960581194903733050267539320
65739915278590917805874764517662801393313859608709256369459743630718723851494332
31711396929693795424081080907847128322036436993579989934669278640859238760482997
97526411507148575027522456045112051058684753046771233841544389879545278393807932
41398241347499812863322034599203303954210055607419051182788462937679988794987287
60173755357257844383905444581174037187022899218681071410399985017534405479778949
79599448744250501888213228801747293004094304865245371218190625517624308088156389
49666439783417818310531423230864971067190932879068430182176454654999159036649880
07048245578362022235727747441551895619272176215959509418271068559783063995317128
52948204434288361851973170502785271484308543207711136194155692369846723139652001
73684331629284504506518728371369581317802464763448300142861462166415387895124628
46640637320926840745317918765019960806327277092728161427930141514746743144803868
56223498429100656327067344794746115038406665256211592081055297109140125563768301
13501277121340242339707553291238618681112304336532189347818901697321285533725530
99211403598869627196839750568369694042091033403651646446243127533310880057863598
85010830199353465716907963136221127236410108518490404179319192122949824701190170
48313892145309740484992126474793186104546411656550693488079813832325449815385519
76537364609102511216156212248339011936767447992793013462193556318636187099338056
69855623219289147492049050076654094706341271268328743301684829489217862721103800
06155826849012225444970014463611037927537419821550884216704004212345620722997534
27814956675834062401972957325382468464943127742243083927701839307841548426715878
46370599353707117431407912445847638792888550034467096753893916161359257287702187
15440668430565774649194349963209103920356334324115324360144463478511281528964868
31426926551422949730912871196380926657840962200935857396582543946619624230095172
94899529315655900614748259117727257773529658880531623334200478352134158098366020
07520230099579710742889020948266076380215121001998617388394458120851103941047608
27439438535247535907541053817983607067147140233730744988486064178316001709857788
59339083253468840118367263155025935000542031098564788144919595235258896208128104
55317649247399459763618913492920035038945960216353447263164272940595920866948564
29906204371413228338568071095716402559202658275266102263059956788142149978904080
71555293341756181285086045204790921859362262717622929080382511752792785935446269
20078959487989907641171835584958397680624755538118482236156482222213615248286987
04447616739132712532097119558191655514820827561293016567165949718520681649799437
65782482756032048301473709576878986051346288193003924829236149705564841316053412
20276357304448317364177829274985111356781766080726434433738198914983957707488056
21164999712823721637155594485009111312842812016596850477783462443537227478774763
67012060788905451756062664600211874602249348257380689522855855783632050425911496
67713861299510357102440613851101342993895095310732949055740177955998099439337872
63362774058624473397088560377605145570462710118655653078590118724407332817193549
89760040532415182139019422980338997749886110557964060042887186271490163509425322
04103585130853136543095774238697460715845225505171879126347896822667093064766617
74491798864224664686997225074334224352710896403022145935932784246751743888619775
03402245084429688560655759509543294292729713657810880360964382101544757316463170
27562819344904553919001921495094928851337542767836871416711360712034107911964994
14356137904873631790538026567336752888031608962081098050880316538400523486084658
05713037670976124986644163924843288791190625852491498196138686928702944726570044
21909007920034801388265451377509277787960171394371405309721930135273633245765947
74441954796902999073717272282505093997131743472092223172765887093657790009128959
92166580537493853688550366246003849969116780447083387720570424844241158965489932
52603371877303334504952098968741581797305706347427923132580901608739650794491585
90331974666100909494145874692944810590984532870708678630180013289005171031289159
13911319842188030132625550121110433568628324791656411070363045923723805830287602
27094279377243021054321056493700610706048592786084676721621535892514098215143921
02640175616336717085386614931437013972973039695562631233295789156526056499484652
77145903384844980326289165538339173145494561859896864010679981994851793973975618
81454444662029846081207074710216144857269638539416380725276826421190663540597294
72859337309368095196812747333098121117679886048539363272047514278683390832685055
10907666516731023388128017515157601600360456576472692353353175111034559538788857
42942199446932965776042913328103826072003648218297930832544824104297519759657374
51502508944780093859742409536667266616057787895522837273057307293222149660048961
12273805750256135688488943298815548438835569457725148534240340796253106729020768
11901382909263938186391234533331176498694298769759876498137453249243110766492450
65604452085487674390950049287943918058818570660948940415939220693131706632089558
99051531333201449644155347827651304869295828566277905770533792252892876559510648
63987447981604266268069331609369181584973373025637374910231731246405483804898389
47926717673438286900279902526497108953919059550346389444601326582547480010591192
44225755956592942028871196437692753115539944499525822102726536182196012114403283
63301332333330073750028564296593433460806974080558699469229587125100563686406787
22969830491333074347869724304201939398371362010159785569409050752362090815695012
62043710482949086655881516842200104352160864219849537799079271378143843646329059
61807717206698744897330416063462270513936546074429496716118727038881173944732197
26292195203886765182640059412608626032614683427265639264592802165905460903700131
63555242944716301393765738467302217766096431910585347493134736922494605449447265
33573296086470790659010859254423099867817193190605181286788718416636602860141521
16480432370883755259233518270127482744348373967964755045081159693358462822927765
31261329958672682082112277562461423255069194303952066453452875348204506401853842
52309559663486057079504184542000454438217985309630863394464146106667343800480752
54460276931874992797868551795748987901770930476143496297358493262318765522728838
85998113314494253103171669138390608781093610391276571251676622363497368694133155
37267279242317349067480460911390530914030149186451364187199678897759676964614243
43045689567665908851243470167251843818039143026748135622568607809701146765023235
40593145884241173725062053831367234559643981169465322898019964291937454801338025
21308805366678239474363991725053857019398831944590994357114732121301919418129651
25595270859471198131693298270976045919073759332180288797015484626353807968508147
97001094085204564934435065111525140910270120943337755515467215366786416287033095
86100053237182231075460591059527034361821367535980540772187930774492252162555445
27832075421075680774546191488994213839896441388310344659950280645423439007606370
81342830550933025830897583859292437178580230025725151929745150668632470618553885
45439256681517421421417723149553236271202117931523002165399559385410773541352410
28615025326535851921181584109138820608588766735741936836176006616739271847333148
86047176451523590705808944886666877487329891643486708054523494187820054702504784
23953282216953151662152611163917554626571612490058177177657978734239626462410301
79370961738428752629554512793147184148191914228755157841263302613660819979867381
86398341381024521852807453448539175348924610001670466346132184081657185609201141
06946047190482716547429555989793896976016043830430700890568448301055376079127217
36264126724998965746243604081704311912969825061648692369773906831317639481813600
28789707491816736947264021053463714005406693795810620472783387326465065317042830
51478658293701238062179394338466057412852593762205125892917540104088139761208139
61119936618877329895789297009374718395781193171286686361135949141491338293476778
29280420344206307529109012585436741416640629657518546881658005273992587917642429
18656368922452830817039733949134468935802670689806924380444282765602121160015741
27790790234980301049556782909097065405811796993174211528676637771295601910689429
70110543116911607708753830045065950343044020655626207495165608851161729381733518
82235013490776337508149403407924816269280927128692354128587821338909991237650601
76267563778281308561188056880910275066032634285699449122326070082688611877151633
01906508303791204418135454017622837544197046302460547020056853033905139797122883
85646970972968597664896393257291654281469133980041075760881102334264220314068018
93576505171417972571034952493330993333501837512607351186052776728799547063335866
81416939942755831590887537839666288738478156805106990777707572979160517286135365
39497421582312412185845666159975902799925793557202505635562267735228470815802151
99291241492314065844384865241885364232418248038481293517928232518953526256082128
47821952182377140854824095201540940706589277562480988484722171897509343220332352
92942574096883814801106414020255645039336576161422408778024430253351423334316317
14676974072632721988187097212624576313040921451158128929595902879561432714768582
10334721331242659720520509927789278338963956138252085608591292587831598188296183
18249071005509018658871641962592257830688409045033269531492843910744415236476765
42343192861382326036536720382725129621069694430613600405144826378275559440633491
66614082971122666474003678215326804305551247728806870573482474908144855464359391
12624093494849892220779508137903370033168642988027571865459738645646842799882649
58036322699142387528375274582606197778495891247507865796307037376374671176300114
71674569362636072524292468691340320741724748738293743261418313332009278754689377
42019305609528851413019303446311704976550015587819891838086086867279384056074369
20122275213736982993494817534751105748876786837059581761568392818269376912740183
91852365428914010328713192236463408256383123966257029430630283522604906008570099
29462774735302560830644334582994993951842878374265967419256354095877814784949611
81217736418771390767055631269685192582605737590167687799331413740498332555733519
65277957193064173876798431392413227333035165065487407161293964646009645311506461
63296281940424462786645905827287912140131042921097112426041658964258157300087926
38167510390333828668233936605603430878237724535530348370879674947417543176341774
17300630050461987616580165222351932061493315567969249201710437022714199693431140
95740074482727134138065337152371494126855702733886349947834042339162455050929771
37077186903283053625459486756996938999892502754019330980514084131756710319398602
24089110833969583420691638975208134711270670951402471180421611171544707932080082
63552515685827673031520092907780165340250929036778234776977902668218567994240346
71821741372778742377585546725298998419858406746153312577921286308892112679124710
08213977081263571575813483037679251848344520986167598008262722689993689632867517
72050022258464701631002050575392131285854369129200963245548038395103075030746990
00639678224693009222757854296747709191048132427266423090060122135596615145103684
72981878843820037898182592997540429270644997679496044218076789903224558490190561
76333959353506774467734722370949845418406816060212008402336350146121644543306183
26429844647512010254081610837910501336677596787728380802786613681065007746481281
60087675558810569996268207930755516996359553181605920782696273579964759775717177
01949047843477921916526470984876799391192108743010463057605736523535475009567375
12099811030245736675999824851011079984017903200282363185852207917501843746623681
75017182724321658784972150122296745641378583961234773333777932239354525984443309
53087067304721085073736021174923055947446887810360725066845403945722200063342861
55389002972007284205524351016632049996731259982982633305205334819774135863047499
07070847899245470515252672771699653022107798032927915120646840702148143834960099
90184828670957633048528223183152074906571955105208533148031943338622387167501439
61660980439343414748654646301669167794086113644395302424165028447309284259156911
73193356395287648482565299113045281540523346599337297414407452022805461257784587
31031791041332694964852273170809844064259169240308182240645594794483801354825616
37932246838731517182260966127293916383334025351487840787692170031280448852867689
86161649867586414842692777058318592344120402995076412627529856955367988727127920
18241747245799341432721642233983845353139747382388116646514100455235835354815048
53940223950577540101360111200770611034588135859494538838801079603937592888897460
32004197886433593139999433938181879356458825328122212011332340371708555215866333
84872292538279805238299781391916230091295861569146566930484810616343438795401982
09135122016715398633757317910887638560652956296654663552885848922426973635782270
73170621165641160905862773623642461016984588996001984111173705668830642230186274
80660657081048963390384482130731263886531282288140524429219196650492957625255998
12721414317330874932377923381231515982317327754605987760985034237402399336815062
15864475846919598102964866352396808243210878416959862341107049569925083400049501
86523101997076094643326294915222444575859325547577787456342424425741622729195251
25580324602898895250739494244912951606707731105856112828122646443582969549739034
88818359609229062044798151330192270236621563832765454439538019441110128324377122
39830868077419007015346336724167919005911411587045796732360529091530025346564954
84495520556925706589052503551335031859265955207031706153269253072669079189774864
59697566836513180190164964368444002126472423302590709083577059909730043138262550
56515251879923208441291479756357613292101372617496401830679862642283863486775984
25529906830702933324878687514975824873909671892514046322924493455810484445498547
62550803882272468417794798688559745456138260428764283872671725475790775991658934
69766282755848065562849828870285771091348348882391106977850031675622276897307295
47208687244934102716665425004383132579591827585653689636934375199208049953126973
36581116387548341484207336100777755565285705738997695326200333256485305033658015
30239077133124595424404309005901368273433328112827841662904076196807779697751644
38930238383516535879304847623742645495820377783462427765454051015642817800080246
93364655624815992022440540173818561899068711012249385520689131110118234824314310
99598860943730817499198368691766520833982086055169988149836607213889360660640959
74893506701994801259389957622129079572181448233339799482875247377612874126568368
85260038762343160705728201033858061767468732331448757014179283402270835626414525
21579344790253651786695847800794406826309762259346353120077627436884213087469381
71377598820256087407466496110714725448910210784991363445373718438164397435169222
40202255994801363825690092153950004944458664198987564781922780836615649826240330
36886445512587560369230561994758825749587063207242532347587253948347420666512750
10794360665516859110115782380953928549842477348486685060969238742587956721628214
64771818746093937792083923414095779285181988779694442817747973692534471335870368
27190225986598253540791834232231286238374371425016547722536665535427968211679472
91695874901712132584625194774694843188629057345866576331315023329097781615348953
24011542092447153836141459536926685135378617798820093052850380159075046339750675
98860204872871061573024638116307465440753692923452242285932085990621454095502303
74540572228253395802776779224226532615752404620406265166313630242284199012295746
66750197735599695327944004516148128573307536649223163413159868494561778405911512
78433659353929247012710892730474956849928380064729887949398752622692902836526658
20616783319437475638138802092795823157844802745479909486619708506970443780587281
39411505844899225748743808387532868971315797116688846509940723792472747389824558
34657763810971999127399916598648548860400035760828032206069375717270661277540619
12490250107635426918336377216170945712133647532939914783140558277110798025001422
30676113315609154488450878546192944063587961373453159214557725248451537488994538
63429722553652354389064907700930232215289014508698609285683817286846083424611018
44628097649306540818083828045476459128799763293054409649012962071780565566702575
77619864309238359387421377964772411267098201256812802290663852047916830268771712
99131402492428147412670364956572690932739022885926448125081357688792485174210304
04011792611337346168250804244782804580911179236409641784017423674673925826073959
30891534120460027364503987122265789174216345727350245867959672857636948964588203
70198287859608480610692689028978789550095802516136285518172405821874764424940167
39582466236536789750297717542937668175740028326332267159698876911237693768741856
95015673197214114280466847550376969364838202580424685633447803974004395223981632
15937629047359931992777280506293275467293528084421880025360024780527366716751152
75087384156440264002238898889750715290767849769133422969869309646946984322361224
42252378810826055831191579593082538813454982081107953343172596108227727100990654
77723029383149337282346233886684669893106105301243807708646184347861402026759119
96501514456984057338438337770047143636920892102979357387237403267141442930774671
14441237830970025156258737050561987954984783943168940269734713288286589563888398
29310795007185001007055866736366594920767080729969525791372064510988377383673585
36651956778481771518036246725596211405572896365518639568287629034949153951624860
04678224747773157836804200103744531866034904591105014148232222015728146370533623
28722198000752407728640257987690892315463425333975495723930638415828221863320041
96341023250792722188560470659092459413166075437670242228984115599179190699058949
29036643355384769284687056493234438377107663386625428504671637837308852388006889
93012340246677970323158093954899861758848204588405934289795093337388937111563403
31656410967014544669515950002251979420291299597490188529418333394713945266378940
91489584727044507174084657403954782134773120665124269044866130229327834923089944
40220709879584539105262114458725726439519821479965737773835729524149364759987127
13475078513660363777242048881649311714631051597290591675945144459737271828004385
65687466793928405560697168264464598643366543187530835928539063845666625904937491
22130370624288413450143997433123397033400498879824079401409537005994840526830639
90750345816332501437838107701121702955518508020753623190695984802055657902040835
24131070883730913136220714979171891423044930746080994159951536251369953435110524
93210812118238658992240300941916606779533112444674221633331342150803960336023181
66467976912531416719526943842760314090238571365947395058953554703313433761956812
02888163002795903635071509475939570322928256013481217820419538378088687960284858
17782238949894045161299071037058092124398224952759115163173946975754609911574319
30158038333048787475659809529164820799538280671964666440088017358729706560119191
79946184240341866681025003839793258796873398074669573545306068538710307650891169
46896631873409832672168939728860727298339763265182602502905858510210395840267245
55480578659121667002504524319205073702600232198172234280748365939328919868171286
19896316206965431328875448220302590514986313777552636849990100921380537741996846
17097019431864901299453155885581457664754738061868507016264346898330778660065289
26404567813708158728329689665017633649545144759307362788271182702532960305688877
39271936162860498049240260482663722286313381312473832407765890648205889156363673
07113016162053025228573430640368822965645457457784760338573956665969382408394378
67253330933524983424132080212678640624245757331007871409970528633120669574264421
41768659674086782436855315892784580491173654109443457886702732812388171240244295
59629695795125997421932110521197793490832114855794360486258246886116974837761550
82769802593126467857232007643049529365000526816942499078918096233519713467404645
46152340329838000018287659599119287633414946494117805710774070496137554811094316
66577910465159802051615983928453508332469077289016724099108295242846433072420320
68424698477802009707310437883418000538951400675793610448799507967316589454490984
31415771382853272872837570661724564020196281859082215698334812494577451385554092
25815500272522439395509475139204117287423072371313935261607223073503704179042767
41594448146639130629298152944125601035471829785059872650083159758709904429581131
05845787235633083488628356408092196043840555353549987819251671386855483923695362
42437400012739141250502128174520314769671811914247291643686205318111952012902286
74817560257667169815140909418048786763222423109456912626300147578692074546197110
19941209507966582364731863941461316212466777496314457581161367883473433777247668
99997809017876927153092590166370364866842340644067564729996615940221504783706363
80848398432651942196560001377871855007841956041960823886181211467382243431749305
32093550262195840107690656062873365020776124372729103451298029163337729037291168
63455023815547034291644148419564852862680538315194716437002042704915228171072417
23297872009800213843160344511469682708609873039677654211073854969782951333454190
27091103352026619200768714214687895073178595918021766843381607162831460102260936
14848919334418777126586305805306585776278763641354957508459524779605279265003694
78309763498715578364348540191957451944947863376193431208579032268998442153816467
29932119087665064938479825515869367607048182097462285443254904613208062750862963
19487779585643151974098170420449417629737725335891024511579914921352231431234586
04619800098697148686221151720488009073707459244729690705176976577526034349432115
77586108942008490294886294068352170613180603084805104114993325612599379060823353
98986650621192790878405063737247490397216520060113482466515079733383130489725914
84010398082814455615935348872910579646768262882690515999557659413265590675427786
96124649137177374825697155159606587721675296320012029172284072234615988116431824
20429568437476903905468138023403186951462712427253114188690065069603916601963942
92016784195172409442595797571628364036345430478237254361674778874718344944405548
70466855871181978551005003734230671212259981260866824036443178602705357338429863
98116354505091551674592747303008241937540679890128499364627814025130386414677823
82425918616317729235962698342848907173308562994281068410180740402914240771774917
16016702144456789537310836132791056776983687988961265912627581679513949547672908
17137763014512886314344512676622561394123380405451491950847677564504700856125337
05800553691811534830247654322090129776413967433314182727710472708092554896772587
99123151062174539674382290858568548000914373741218049816623449515486379387029309
65393242899179452659025035165377764273374122855613816289204311461485812097249452
61581185657526854877739649625300367995708434288644671129668237748840013838046898
31738669084241688048691565580641113382766739199838854815862379409765698655969431
62072984086133885083025118595617356234540709258726219797120655806402951400766965
49022173926540633731977299391666413395612885330290489388182935832715066655537250
80053648222239813434758402913166037180921152556133992910148298750626616312310122
12507908255308923837010182590314768260274263961567598363216764476204872868738907
53015198870809885660977203201554612707579211596892418840819415718752706325633486
52009095013087840714906226537906650568177522156850860568224398660090748409007109
22463585200036431677849424162108208347757966956428629098993239405707098302842928
54133666733466367888216028784200564303589422739184840179448566249742294475148659
54888717604833568124972206219411342521389614382374973635571165660966899996298879
07085986694189857964922077216878583867495288071593793636981000678039270663812566
50195674990506789677243332580508260207200766434034665238916315513009234880527241
36890005163593370072159840328077984144621801971560145510174384667352683238108023
93793126088380405216231105907828670153239014099671398316387025305098902739075644
01091717713402150221942170104216941945859193515044789475025485067395166503690291
06081901184079067213009124146161676076185382941280623332825899329780436782292647
56569560690657771360950052963479079241973522283328254205850869286908070438038481
11585238254715777382748348730809616400791813923319429303417251077642903358551320
44858487278408061304419984579039159520091177029290126712036072482059540971278947
59982808278548923060462472072566760057229289825583778104692947016563803179782147
28083137622967272781372980959709101988907676198078635451593060621787391307101135
01815902417461915555563474574816658333596486685256258530732205490366238124257006
43707398841761047563123458767769530031522277732923202114753344983273815539091562
14476594511867788682521645056024246549945928624995753904346175933320243127965984
12135006402690726769425234092055714780046322287083118114360035417676568642973611
54030596649121982461387179517368463991930576111334650635357415315428566485850638
73972066556174810048061572785680192138802074909932607828074133403745476692854317
18159245119409001911520561863895910765409414143547820898165731393976019013921381
07372184762722889011013645377377928149288897363738144462825209262723609022269093
22475274855974617428186914961929320179261969473986255762323027383708662857550972
53868155438913591406622395443488029024094293785331235866261682009733400704564766
99729193016107067221024217550342492029638089517976969629050056089607265137794916
91658503618322287723794375612221052975728751538664016525864221062731982401539232
10803636383436529440679372684728140946511203209493549757404548331871469228481266
76778390711681834158450636588148325334200921582447662263964770479686366386649953
51554817942730685159616233096777463715496267998071028700547669217707304278957967
71720528376132821502983541879397824102284210107412698590223116807447126839032775
90740638308313092021230928506652178375829463034132714060014307129939433624161202
53446048637624860547749414507566592238990591193366321926511798208744339371635428
10985652040470120462749199008437917541723548283256145177588316518181307215273368
58994375159687900963614772011756985150571199557989075608473630243508792918021072
76523791824776673108570103041420246113141561915575191052785449995970296747800888
71150699424782319497209326033878146152175122622535466579438027782909429645028819
69961421374009640191748854984262619724984937238820867041406207752583156111981375
56595305437179711545781497825753098996662416224439199832863135282918480561352323
40391918560614021219150687051994104448299686780182220840892364596423713587118376
37126335915554396012867190098318368735813375693196835837813693463457381903667007
29377581093214473307401711560095271459152430025411600052760953235476279123314819
70891296393419893551093933719477638868853296974897023112624399142305974887432012
69648661906584542050460599472340065734191666750413850787496838024516228411937713
37354854067065750948259279800332571690678786543317559821814770326189943347526191
68727923652103250847995353432573653062204013285146671333759958025668486317649109
37919174459211793750782419885658377122170170555670894409488613274825414198793129
99686201721814445527392148831394920074880851329005024985923186122065925014233493
28028539988329714358459868535125376703643334964819698194838918828603746364711553
25462444221249065976502272068927907077101649064837876387463146732485849386670585
18328106551345181170272985836552175488741520380159155739641937237373786456431107
71899660889657110396756831712514680120018331261927648163511898850036429587984226
09841376358795312632515364347306742054343290959418977694616255106632650024665896
28834261037370914586176540442817421902337210345760973977821489427989988592990102
97848118013970831480482875695364460249853467755663298718494974591287487855791743
23851181387775919538803038213905619032494202502245528275259956624525543742120865
18227407090079679193730677905435833236258469591489372274048241421293742796838536
57880135498957204433756045122883106260399140630507233556429980167386406500141860
98310052332059708844857399912004334639043651842060277256511422106436696649888432
19534445007629055424318580651486046825950113400275061143841979253573789105454565
20154678648431411290926996249627888051516487289751843919907031168412048590587492
49639033098254476735974076104805612723010350178795029122634761196225714219231222
00398489351862939469357858515612335059003698270776412507822719371516778595664319
89998841595880783851713909449338279936669942651998510705450985468883928163660583
54297181806689577039494090444480030170411872348864853980773713008151990578930452
86702297143903603089119253277590680129156399846179735319005468186010619666783796
01856409341569343405696679410300853310192468249997765655044843564909116876267599
