46359248610862969308095759321558163699821826235937373805692893322716543274668101
11159684756123757085194118116739236057951239664975612422562313240402784156223723
65366249292621026245735658331460005102735626547619054622760268935642610788956837
93063201935280125822535535846835825203006318333161810939220686415450704404683842
10680441707274342426722434314673266668546279420392939668203561122756904005803516
16396980978095817093257876226278126588461028280789738347727237920817035408083722
37097725564421639879383916722750362160235993863772713080101599848803182809876948
86512343860191985636849230428101072460480271948367140649642457065371245709177081
99793022771540243922812814218067960121308052001578164731558101721468687298740016
68088101852714693985479441097288922068963955263417926638077953135680628945020511
07372650916260843874576252544784971163985250946101861259207435618947385188525376
18628510325166822044087532075629223754781949026659198359881398838693356354672954
97875865421889177105107605339930419951297850745891817800731767606554658897141406
22857535109507835913042152926766387380313447235022838848321269257524888429258050
09041076809176634118109870106246355516337175299813027551892429429802647605394386
96376470710002033183639244871283588894902334992413426931696846917335897426825055
16647546270211290656422666271913111282436641449717809123227236141277015154029249
55533739907220061536439415596462876346753002049304782833886002111487373020893711
69923965820158927103933512274766352398931978696705909529293269292214020801637914
39496560809865025467293140901944074103213780872613812214797779993891213746961803
38522364192626180727856127349144022796555202998454116888482508135780556026962175
98424646919001107182174750995977129845168097506220480036079805816257114010188561
49234356985698769109239437270642270014250073180535159469326080099489448562226773
24433609374029133791466068435946098978345838001220497840925039210664867072333966
42424358393745616015725099242196566229644889648519217189524074533423277232826792
77516022972321075816507170910785900517815405033842785927981256717312555810497742
62427701782029522138634683055721906642166042388133194562952930552461234710371020
63629539448165793305352473576017582719883419589677000618412116771180627282272561
49936678475612331780684224380492456484128129922354814784685338431022145128823189
28928822518322830614162680143874700179411233965161464190635158098621131159480401
45772388187685999708610764529626996992047591471108888487457540940201724126006991
58806053536537306307284645763538936325587346768589888742552877193359410391333983
68396017311163535051661888809305492501585479186422877786469280485610283054539049
16553671484916543353988335821501991280128346243479796298887937671718152634469254
96402215742919945518340132977966168559842164714478520892693407739765024322135925
80784321613817941302997090177082413461540714540874784178644586936707343621934752
60412575916149955831301242463010585156935503982851805618065535395495546253951733
28279315692747553695535397025919777699420685811735526445150496420735040086451682
21094291341848514526858527757152061617085528691300279357576831319571287767874782
61309469426315139739294254463157297106681361862438223666084803329663520119444770
35055725818494466178145681311002713908200820534517560255515623488385993776497528
90087787896293951664154334923357465904573741365342814329298993066406777599181864
98251028467969987331732169309214654167129553973593554533958221437648621486280180
51142308325868050975103276686551354599003131169764810788835866059968395611338851
22411947113657694513717322259312367746374543213907763884602459367323483907723598
88049182381076306501817009229772678986035329812119278211191210845002498375586572
18688540313833061396597086169697354571945157900952004784132039037371024140745303
76653205366539848236030912324057470182664683996807674878998278846558428246316807
71910050891193848024981761915695779206349589244738886727098861366280343561192698
19064025051196181668939821905410039468642454374966965966512299388696215418630112
69079267040007531324746065390801860216170860479870201253450352694747488009921072
99889900122566243075010039022275163758790929636769323654011340847278757414241765
01858964721108808107959941682897052431933228784698089963244755009862378121581804
76837368819697417890643168279072496528275043242967255039992320281828805099696469
68849045607279960331561762380834383135916179842141327410740292786799651612396238
75777392823153092471345834424490518282095851257258906168852162714938167631792903
53201570822202396184889862515132024254170645534024133509988590515301168660665127
09821278544685379862997892696870226277091031745032800933617272370289372941032468
01158627716294686817875079506312409435384612867151592564979096397598838142073866
53867528712559121719204901337294403377356233522486136307452372978562698517142606
49862743062986400891722762288398312400261461508089044785069982387024835548390258
66184463489514933584173938300383754021236741267610779826052534641534726979688452
38903481126455235353096601294659672675414370949403222531659748480746942192059900
36130070490882384108127509246867323122591340354932698522857600037517241784206488
96489064151813815789723799575721259582218800068496680431719726170052637066841011
33124486726332966450656451146459616646709228979158839289968345548639657251569587
52679958224213751513240878368184469128572658344750375147529367983889685408194576
32654675550990730524474749028600361987912521307052658882236018068472581671634611
85415432680065757464292493153844920103062282360967303322763956350258520600638605
70228425443750049729691541492545419007382779656147592293087457289498042743307234
11422799016511390229744554555879865563819695137831575988740766441856560346354516
05672576703993263090837817827609009229244943351188513868065827490639197242089551
97014956109377450149117369972796818954934464218038683286016918385277889731206584
49038693166680495030182684753496833557095453574247301319571547115822657135859667
43502616569310586213309082160977406074856305525539155260878329374838237925048575
47008552356316629418525135440141241852193178529778330061771716673450289312922468
90756042826958062250630649874314783125685871953323900660550815489561616726994394
57363629544413265110011011049941367126050986085245535591142679016883296869956616
08271764999662524967834867242147317585547511838122955402113244696990076481197976
05021401551102554970966409849779522135009311934648699134634979877355792361017990
91461802957912862557627211038670774633304929409203856801431730484417291299866204
49476568453303199084208218681443761274115808101827159096103494422536199200372247
59048582489407053758435940119808727484006910580574046390121317860140702285773395
96767040409940748003557710775395948175321755977239605428584276882374415533594711
26527275518909633116610477545250259635424155629108876375086960815695638610900760
88562989346855089937320206890873046677621704025608832207306146797560226111741148
42974611167820776323500045630891454382225437137964053378338812912583640718173555
27154759790747554481410073834853287675246156084858455133497591263716005072386175
14434564685368169777107927738307358341116171079069109674848962766527771676862615
62501066114212571717978348663299865698880568568820373633155129185063199404201241
42089524057912078090224264376842549242535917601960376915345690158005758944993189
07483117609704579279963245267315116427175537671454011397056450225655590295003940
14028948297335898495603969812861958400012202602855214705336398812908359221023777
85134074881051580241058725020685735513909160298420631107406629911135181772265576
76076505207240951608858338868438278091154715153084571790793022923158726490539627
70158655178240753600016431522875090659084687886250513814036248937041711011003206
13247344851715761031511208430646381676917469339571486270684150685148725793544865
12988399381056797535597305068417284683721877499794220087481780211033474743764869
23571495251172178093873474560817801769714764621301033156008369662782948326869946
93714657059300003226538480153211861411339602101415358918017377902140200845964096
10336540556057944491388083084218702871499867972698244175689544405485634159943915
34113589291268397338384961090580558736698179180956990786138984826333763100754055
41414973614133500457924538072290224926637531856687818385065849429832589626812749
05360645124856732516591399106486972639749001382929430844452415156674104670784082
14781800086901928621210164670362267768497558133048907477810175014153481211438685
41622751715989271240637346374197953204773646511881092982358190052839945562654846
60045942030607247590519875631408880002654469132629853319552007811767515058596093
12916255612109168806578475579235152442863038124592424039826554161189778834172048
90082024038894488753253933773756800982435336242570439081962789866066894034955288
35730500913967927694354008441976657886256745323656044959285131764083280882437269
04141866503130522017582290846406757068334573002613280450679921031564900679828495
39005356091716059699210259017433532311651286325924142923693343178889035247802638
66407507746537361347889868986351101381084900360110671929326926934024393107379828
50638147370997956278675309937018613327545884733999677025684032608599947331190357
14978934575122233282826066610030226614334080973266741662411161358651178077050779
47667241264088976113730334445311946037800505482793770152410767151422384366258041
99791563342208321111670997225785309719274068842141422291891215144358454509525354
45001280897001914515911971175981194862288732562553938017297077614601420529990828
64418335566265415933414188828249211313505913436801149705769629126422350966195032
34432847803910172185055501028740777206883225097467172439025081465694662820714371
92440702141644379299885645504008215797098864546900952275276191826727491553522105
94625219918393709427829413302751011643071651525558547714013169988161157229184245
86976881657053588012469387869525227266019681967028790382612064418123982758828139
93952834756186133942260384143119004947809063971010436151693098066304609192634781
39088741053701063401591549556492216175688331345674338486590495968409828510170113
88641983749668155651342012271471395732507158142662709398388870930543757374806018
99816996856925955332321805643061035190657884315114301295816151598772952101223500
59878036306464312466073376129024705329539740693396193751630880453549175726187756
35810254792339754141824582942263825701081930139936747077302130247373478313276787
42065876889083544649907368373522130126085373382076325327924475753311059978222266
53723175231704283117216933337198019638919817938762786740826705965086179152705581
42674580660942334521724566454282105705590607511208849044020942627793099977036417
35978934699272005373667760051876433807787518320567451130212978914813351090422462
56432920484888467862565516135306581155418395334017574343697728566101517107070545
11828377699674328594765536744003932135507246114678288840869897937723526760459707
62304620931436532162617068190112945011319034644658996077252939761835136314473399
36132581429919274231284044977497427438747886654163954844856259197507178539427768
73666786799022224384166799605575037038360709598455683166906599215490291822805469
44367870939307243239662295732605357209907109105140973255361689620553459995958873
86528650451063610852316453353567882833872054884092773725840065627798557712928303
59205284607928777184110257163573581060320665166785986107548389994240474373837705
66240351121121167268492841959627205733889658082802621253686894838793754411759289
23951909966630465806018421478429723918423108873403241883458191709169023552691319
98430476518249995879997718182369836865764205806799464910985821279899913224426299
38782963422082806986764831180262942954064152755057254769092976881853673775634914
87670192710603686700971293793120124171820824219603796226408909612662793011943807
47628529542600616436949566210224982846374668742004055312609227407368463816658708
19703342047576166866573797788164354551891376466235862272443197014290714411464170
03727354493862969476412006522432078163588370464125820700410603145326482344223966
55465461638924758131615506014511700620834841151183432312339940242452070698312852
30745799474653477818670953526912858815150963386017875407783450905444020613208718
17403342099187422631790086567347996689345531646596935689201794880391134683715321
94893105733166627975690871849157336587099576631019983536425099176436163190730621
07647582461692343609138619037571283157666394125693441443988078485078326220566640
11204811520082209845080620986598410042664112782985313309081427716189967522751055
94450451622758341121778154133517072765730998407695741082362607912130797930593419
65817275508588832918509230630393565306529881407354738829012833358602091246066564
29215782917629141919869077839700541008626604781808282518145841377326137520909308
31579330975035933645608987903003687329863790863731288689204815575552234536455346
62829645050689333743464786500168693512135733648367622155495992857633145134184260
56126288823878361465805203089393049643497217585346233501684122078914901271498550
30153190250363981989268244525587805563834049885654194052990617021316481047529148
24959364344312220526490550524686633159469706763814504816876623665499190835205810
54473528313738800854406773636123592113997473129516082476443262961962968993519472
04372089883640999724054874740318459422461988348119867884374755614628824911771063
44247995550461168873973141266394143570986899614574473793588066298200909356311773
80895798177841384249470284737459594677358849657050830026286462104930201193013775
33113365380579642954596429186937813110668737017487938780242167691576945904596730
87364291184446235643359618641309041603321438476051218250067093050761964821340717
01392712747932394465933046213223159210895135705935492230903582081392432587556544
69570586869606740359795480661503316042886752062916083905527690773715130817345973
23018858877185442972402644041801083759640170077768407863583155547930665995091426
76749484030852201791512253021514656932528495534696779034224095082676904833737128
73856217718508779621863170270657177142058455872373302207147090048229454860927402
10260948036010775625027089666649488409110927005410982240935853133950303725158190
97919234064607798047819836659290796714160533212789463603503635434629906292895400
68297632810299834602909231168584735268370374542641826276426109875468806695696114
94261794504810536815813253822653131798236382984817749001778087355658627018711709
13848193901550481978339274021251270674624856311666047183994142195921466896046792
21323856117804950549399375342860306261475969227295785293312573376277056869809740
58669585136444411465268986855870056637523337226360904686698838568362349586469452
85687736827714087959809260624581373613139956340592252080446341346155642200810903
91509108911876013575677380115100713100843894868182609669978007481973610916544033
43984627083734563197070420296234780090517796693815591720929906796682182601730315
98148494579847776246167128113222763641710921740421660877068584798117431643563508
16893790576092195872583340835680231573943240496870605980625279931306820261096404
17420935794284046197787733206393066761227701881084083928786537293855403363216280
29717428642921571608566160177617278623021657678077032766031290322435652952099708
69913029297856319631567745414725748262127752764975514709751677097301036024360216
27301060621860529991755447175323570908814555115964926956942085920008538434046444
03168861562542596818437351317699038069437698498628954687619221698266263929145954
92077828146659296892417540026993264526908616480272637307831989822784135731238882
47457710830190452587451107649848903824698327094022408247125560865795322406025136
31506219275746315705518829449083363837960093359531492607425272952979922923376258
34239126801479372493582104342425861920321746821607549956803425420460192831847101
67806405213257987730640622200081054585956065851030355230046353698099618383206710
68602079456139837105525293615744766022938646223340750307692428673831323246789547
72805630112860747992333826386628717471919214122704414859343520360864850692658396
80136401341459677977949790267878711511680301905598697040535690800183193324546846
78290782841813557083490412308557458457896481606705645604768392491745134574264874
32792975478884252731392672825393876944410159735113249066021271578029095880761975
02404925199438325870666595339291342733902098336311328518750302000450847652929486
27886937380899535910723913253432918391864527918150117886603965844163729515010279
18631171617973574874025752588183765392538893647158980610079686196867294209264643
64325886158134857492898575311312779228451881438188064875804710042419284589639497
01304814536299321056332088481786116009352113014073393639740538489717742781627208
42129851582852568954930019217878431043704657952637826516589073048366446932650943
68313285109695968331724162848699276323614135827674241165313699943514201226394878
70334057654313642681797688370074727242858652860196396090700369865606874720488455
76312344170494069780483874514244345307859893626761874420356596498412768529806089
03129510815435937938679628499475683493784566103864697080177168018764433187498102
72126070317577416582059142749262404590079564978675125721361026164877842788049277
97483964932217942646991884285407388141409909532628938988159695526996539811557744
96820508098749524507268492581309675723159417514073361760424608216767733294115042
42602064195329154976038215135964951534845521373206858529607247370127624956981973
20967050554486791120803561296742761433324331389386676865169709274835606384922860
99292601293172371770829830552241106852666547965239201843246160703073331529296463
77852774291586106689468219556657497841487940744608827619623378164131076978913289
29493299041272364712970643173487715150213607270393710705408542329890065852836981
08144190995741182910531896813613612256116748393995757582093909868226611025323745
88561471313906539343490497587252721558091226203552603099394542996385994365483729
80670750673642452282301328661827534724162862910828709775528196843346527649458065
18600771015490808741714460094490609070373502869743096286175655715201695994615922
15501457850998845987826907227713519835339155794126868570445133688557634912235259
77391124432668436578055918690420274057752443687176291145301687813033872587417641
47623130371255154347649084917706931178602565075687379469086047490596903280760168
33981358965388734227641206351473358107190870757736550118541187310963347298461826
35647107290800387013454921882185406271464521167560270057358884450583130627851356
34274223517881003514453926895298590025572635035642387011464416095324462392048789
62239142413216694990490312190672590704367876087039607844776848994328684745036029
48330080011727003362143560202846807608155743605653173917847759419772990298862368
62815644097225722158047377732393927476035467832693253801779372259660395997010366
53209976319317175770767176114118750646693177621377109277250452122562666989532057
98873392964049457484281244499930751721684667358045233330029044625633032481615077
45299886428557559879061666158054678018247408250020468516864774907498214055482800
59147790194830242789340215020338646316777272517128672094106653698585360201415365
23681276388903653551960344479050005847181414625492981766713049617284827499710956
20239319464715691352596033554545161732260488386755569895452353485999579661803007
17616079498897893682771598029792319488250058208010096908340313121313755286239223
27764106058679230411574863399172333961952639016142356636674322890383176715564166
26877198125636149586022961480833295391848336255089638705536172133848112714296243
50195755322980416578394785763838860846968299506384270533348089538587303381847230
60277821275829399810713979505456564173577169149440665491693213129210805676852445
44739216643641128361762550159174724725088979727324932207967814762921685554499006
41719312147189413383379590171905893071413414294608468039748122216259237431377991
54667256576704420889011045344215530242629464527511628830061321011503181508020134
50208507415151347681367558487698735135494119863921042060931716194251353371794279
41008778661682929191321125705044907771834567830408234783673455048294422106620857
99761466553922603259378199130309983398755272365246309320284252202721858952786948
59824617353890316025420187203260244998079155129762839597996443610293278849194272
22931443190744400028920130877139644091140803237561160527221492600925295127898546
29772669376041119791074905220034435434475460661216608422268266511948384726391185
90800077752054709650948052733614993754319375256777915128926876259691603366706033
77071774818286932032616926424898263715151522068903458915770065575704809149966471
61660529018186552573014053741534210086880987446626869798877797518819597601481361
05370146708354944450428085208971171649946680940626173318841444854831131106095077
42828380947166800158080509297316245475392246161193942560174625246890327989390591
19866670765088323309305773253002533810681025027722033362884360200545309860144066
31457603510006991412596940733846618948758132914344713440661360671518890046858446
84874078251654898794438796106498084124728510055344235600053089459821122887726548
39286110690472866710070289820047455369383556187323580619479434086288166368341230
67819933040047739306520234242732103452050375279400169076347220088175834883431701
22589957658331010521790894479888091049796903007620192637318093559043902417416883
18308231861712582376259422701441462493809869851600145864272492432790571839216537
34951491228351784890463608291228083078276733464881299477926498140270834268423828
42751945196960942523208754399121486869371739802400580826011195488308637386694200
87401323989975022965314485443430181501186069140316836076177147864085345464240452
98474002957555390959427500220103266949044985668668337283916824633291526302313639
69545327933900222226974008721877845564803818836773394193774217651648992117896068
11065486534801628634425157474643502116415798575709862966012181431042318735402590
61028780834005799699875033897508214533511023718759677273555760040907271180618415
11293296777109632102184297551547947239479954388775364604997500620592029389246745
78616808598652443623189650543375330013091892868682499102467017595876453433612517
03094586627169997665627364748573087875232354037916497334689274563503934118865689
92333900296209384508782150534798683901500122007824610320657055680615906919731701
00054460064449761209098081360031530620750195180409988594388024955462654603817241
25092468311064117732268132432258581731482064642470591797863381681794828932757439
02790741327243411498262612266676959340150298414467810667061263890575286988599514
97861509384293023579044490664108444269617473006985997602926705481108730089586525
92539820315882325408660765959288182408345173642422329982721539913285305173872838
87185140796811043886654017042855701629191757287011992020673926812444201791267431
92344566340626021759613866159256633989184915185112950531557750945900272060859309
22770926982626802272575945050749057027375363464775585905949764182914958196250848
09090989676640102685651041354119254692814806919024238038324447298835234024967624
45414211663880460955632547638213188675737285525103455940266611589060852092238285
13703183009011131407483299046095473093568320611663718611585907471727024555098528
83172982608417603025829270642899168668954363666802153998882786181183402550763088
17527351368018576870308889112061547919578546897693347280194329220806564919198354
23995059794065138094004273481352431068004148774951888188123210761397116470554367
75940342460490834076266051890227206920918546718074606875333710648143395346962025
60628095702389251131688657002235599181981476026205176892990628973651271036541728
84546244006623498229462335358944720051232044301858197524808518038228355599325637
27999335766072755973664436893393564459684080691504580905245888982609887090277862
62408516792572705504374124757679617232358018530903619052502672453858976437358830
81972465226335898814800164331448954793256963703008780599575781501697095681962682
21591861489622053228122906978420427857498327525193488100842339090431642140360910
78444709964115019677681837129264577917908044198257056567340937623478192258815540
21064482656418074609382971469558099170639934124250648609668995321770963806965327
34578723343158367932149916285818754108566634934319774668222181213980186672069001
26417308469607598693451038705905000837941873448974254678653631585356529994871206
60372427222921809118910710930053881288696436626999160307460889727369189987500093
75383184497355121602645563261930918404858081719111222073045202467913193187887632
74122003745704284097102198802618474290709016758089084821573241677085777748311193
21591591640082954067244625052334824169131260971945718954904582569832715542703291
26983211599245731212463519578317685213792423972841062150541666039382929664015896
45372911322845178655786970712248055053846191767222783672652223627617955783709024
96162946677996326571633223232857740925892890165813371754596195382098309789207676
33344028705846558990471833430056797913805632710135141428105640516724962042657262
51657944085734574660946683804201214363805984358492031366534235478643499165852842
87135581080541531844330862059694558216227725522858607360403862810592310342207885
17124502908492628440795069832881554841141200430685674105370017517601723993099256
19159187073216589236840320950142613467985192591023627337449355948663218822318244
20994321970412713932014349435277849229104488885798278750542845112291009054088485
85718075014218679396546667020216275947448786675582627838905757843066435477720248
91297047711319994885224454551092680355892557865376555696772994549782962765807044
43448140710406147072786209202422608880804818524903389483194918853873047143526422
65085972229376884931882931718048710621177772438870600206309631379474430162026443
47633308810083081147311125484534088252248236589147651979699208759065375219244610
08588601368178899513214138731586295614070653611205672296409879795097568834809744
95227466655339032022029966720861439137808918630199275483548626772526151311785260
93110358327059453761854389713068160758974244580860515328033879481020503691091710
03237919773915486874890967422701906640912075825907115822947082165839532426344391
98923247752376904231055636934278104032568415956378165669535993372911181167905458
00640900306909546807331421345704121505932790466814942695014459112728508631400717
69428449536127043042427004029729892585356784879552158639616405032136669431600372
63557797718097657944816399788272996643868480361638832754671449087800694257434182
98102396140484155836798041735271109157265476400749774677877537696388825636978686
28042435155655712116476365773368390663431173639313621209449170059041118789265626
21965374309773824524360917416369766835439420938605105353054549257719160011111949
87470499673772276787742684206261290206327065900109499506704536283985346194343216
56722240433829559587565212615757969602967039125949385721858698361065942849585411
71363935093992425270684928381368082490722759742038975613484585499159373143903072
21767271622181710312458458552217336358752179663684948297679796933436027442794062
53404548891601771536199561430881173469021466723038525150393626282756162459555007
21337649042771037683352945740476818103769791829947583967984281339942066013182550
25023278704122589235188877461178144310895885732924059267662116083465516102728216
36472487961703090324118925099008211707691617247242583679799030813663795503907500
80702365027013576049358630979577003446768748474620807253287635840379666595508078
57874696822203930126590923358612661846895723918102572798177793595828310093900036
83448572111860800211622644217890738165720785158045518250951529261102692709246448
84151254329196121157799793171469089581272617434837014915556363244038174972420229
27729727692638471653897823728443361627363994527946667199763105934700568970725829
10441077083754378572099935733540097442506805733342141022093445718023393183445256
31670705798813345585968031255605917423813918454489144249652740800524139398196385
46895403372119172546587768548405997756583763880836630904221693004524850717607255
94118775151567588661450429397506803927047777723804083628421136465015362070423163
85862065425625345425492886386069536237761758687212288538165196331173912329279704
59459694125864712342413780345367638426107021373020826467626545164187445290214516
32087037094636198797055027821951624064679737983511585725548898202499706106234342
49192541235738805319475567276312666641725494192043794301977908260940112417641579
79207835961332400456847468824406329647052904720320765178005484199751609795864496
98834590060965835847870379505023393739669003219968043165251017683373181276905971
24234997109705423238343634654156037079063100224420398016951300848138457579410209
21259456929551173913335446023194912374128583562735296635533929767974728368389206
39745802603366144509156805111920657538932573815285742825090676831664005996870296
50813302020596410516824513937028554710383241775638718609426446224181466524163137
43653627691453474067082605875052691608956977592431166750427315207720584410324783
38992321396452220105749574798446803146263243424804974515714949555875023801765825
00178656917829592907371390525276856392291525758364689021378881611425137087699216
54643010844241246985505958658645780874824105619295343732425744753132060839843195
11415439884757525922322223331650436260274091622475086708581860220449403510532164
61612503256676684788834093386489152612899049042336051227630718571152686975889491
09588052537859520220376155036334013175501163762036364767493445388005136891914139
45866004995091502007800622402374078653223692847870629766480840512477569768405667
23421713556196587211733402096839958456013965976580124599473924315526093050787567
57373699478625686509292412184353932768143156824779612799020417231932602946285498
03181967770300780079412205274782646916734758380792201846391911747881501800049205
39875379984417009189770822389008465332886188971840596343798917557245681350423436
89778577848095718846876275480260733271834829876564469492606934789403154465835484
26687245698139920190022813081160020721929386120049875890523249269790349654867853
21912864326977160454065857261302982665351425675028597334610664795398077337895208
47775747914123997545621125958636324950520408396840819047648175879466288374041492
97627120670612605578657119039492974970581311278991332555888670762849676941393285
21225418588036179939648857777421661047445548155901738982723970284270668319681006
45421471859521306021228147007928785886371585008629256401993579220890435176418158
49425881658873251497481743233025739414226614119167916463620172685338992631199625
79149738092576094849862177343405857973220217750102121445491856653135051856902749
47630167592873489467979222231733745790575251685718135569901097679300818159806318
64486729354260232889169185909623711464757691024721025861600689951339610793500539
20799661021297313971889300516964449617153100200560334011704541452669536455921895
57525074495928971905442128166527731888201336861250725186841014685242557267951027
02678586855727211850917180969701110723254127773676006214365386417886919722403451
43358899492050016679879094956827254434794232059400812926044977305026054098052441
63960867986302855235864655907546595841161504636732406380725368911462713440171367
05356773502753177971960352915921955114447386601898745975793901915664538976115910
97825881918362836314004620581882366003546160758115339938649956051081871784170673
07518359061209789912010081850488130089300620919148954422706481165198451321399053
87724443382329235551209315813139409482422037302469384298138762415155612501530765
08190635116979386420597438001493253000927429449641936240322034833264420346706093
52297027583691494818499898171609489882490600957625620125269451301325019482433746
46464488781679971625418685123703464998533051448407003356821534599031666698317687
69800130569092261849829051831573483687138822047160121424139214380202033948843963
33717549604284005406616435636826750839279525624897477900901265986674997952803160
08602758355104935941893790375621332267676634144208075791494466098989668366986060
77599139270079168356249632637807002052528320828189142342390569483559102244782717
78328014663182197520847575630671721646406792596353295985765028448127445016766362
60271511984244627548214198206273152444341758341851365821330004119177936493937114
06762962970022007478098821605015934309001112208311883368352680323118107852612958
83053448597218284148906319975724443513079136447633825665526489154540353504321754
60847307498185126646128806267631828844944379797550990637302369872273960805514339
40661416661699829272935081081941887747580829828090628406294758820006748238246001
54463135468082533877753396593342977685958645982281180128806564108343266616412053
20765088485498492055583538340076852600263593371768621424043049969503363706717812
01614026270730124139604363773638732406642242726604387979549784875502860125700428
50465958617067579276520687413598272860148536198411408785635718644366908196057785
16555553726583652669135635727407791167943499314004099811116504645303705120257121
50209670198019109731425725981497236118328084122587070262991001200368159910054965
61217852765411989181191599574091872576020899416937843268726027854655695421586394
27830582371983644989784903656429984396849322670959028755029055595266694686196494
17406780435987505788384036085667909684474410464988596106201234002628506202079903
91848591180855011604064347002791323466543293902193216851063618245296061061057701
61487341155581446729817894159642763481392961291165114740071321224408146614963805
11701404856119423889514038015297758001614158034283268522543643104949110572645559
40813646818344314567500791565495510973661883738639240300543399365863350011836736
92574836555057416598160263753899111910009943180095347331993682622046849059845586
09354118044955238457395181517824289300314748054527958104987241967279128004480913
57130168873383742028172052624857888110501691023714229062139092646924692777582776
57793992329663553851747171346606643270706587055471173689666496045766106310259692
96446011410728980246325449619940490930314304112024730357968882512834925370634745
61943565989640471042274079355337049183383055284702197323348737972750320091586545
72750200687799909802953703517588808530590548802097628969004843654359303021276908
89017187540486137050249759990405190585533004666018131431202152774452559760669653
56537281994739137767391014056336540820302043702600092601553667717042829062038240
89405900092934858952134473312731906219875149177167278890558293972468185945368820
47879743719998337424968593765211104500610082834808106642305066779335903652367097
85838799524248014586846360070424052343844182584148477830070949122262318241316433
36372705923104409129016201554558721192043335829442941349473935436155166016813542
45328157064369041994869129199960741473012255655079061168570284124474972824038670
38117405371614236683486919793444544913728525171028659104456577973924602966552728
07982519369280261572702584735744655633134836988848863308053542246314161276030579
