633709248682229957679033163340415797123623790434749772261356361935173905798160
789691023148425444883219300665322311213172472068972393937333790353290877473989
044363750785211181836311586832118858843348490200362179486167090415858633257405
306888775142173836138656210003908497496492099297808614088653667784152674678132
078054911360321123518544797972134483505430027827643237558282475983968334708107
147681225225945029768891771883427860787864176363129339499309067093292554636110
615397263697616745470582436840630864149946969605432985879797238505880606267918
052157436316676989626865094156872387003966881310878819919831189909167223901709
598679239237511671108934101405058655676591342529765696232804226798788840903971
822072518651651512630293864619729572861244160560726053903885452953671893549981
632768502512338815397721980299941814752145292181369873374861724703715813010125
949326684400754775544680141913175208502448432920410950170291062315408093417788
801984807232118757460651079089406649515206076106489293234527037086872007194694
141301095704787661746113732458791133223001855226280347752478847338175971383579
923804223056394139110198250785503207268200128159125150619161292031502349835318
884109396963271329178679368600071953507240087936701092408297748898233007945697
965505154146251972829609215119279569472128888208206571327021251995535759034666
524555244583975838664981880457168918685791796126488091588646505118812419297693
823581788739164825432803992106717211677060476462400019815736083337099157184128
985478559051589439606911524804831251521613945080034352635899091853610200227301
420581638812820612522164032499380347133238343737932292694833611462314813468531
112134556380608153597746447903577491754179309626450081768232139569191415200015
525931507089946151395657992427551873192710569360277442701322319321155901428131
463343894760889893618209412209100887336199970606672153351703892881612047413251
443431253319604921634656441415492273070218942192979094474104273316929947890617
944964077377500672618967581717908148955157452661446514008258781409611272298594
028252853252355658621488424549161389762722418313386345180421961097893509916655
625439191677553485175601404763588385763514915369746685805948267485157305567349
536240927744303136773173299763148369359601273300308411365063139487154790117500
569530116386165580688307689455987705329702907067699974455026001489909511275627
121473410769611583347990471810749024932114460060687100548854872999971980393390
538546098361681298422742118537562597822748967554804719971036222088384740509711
593068830610452311705332504503141782886656865709520796780701201868937820622600
306883824221375291395674567504957033798201099040266597896090133689855017572837
343946750430938976871230005321053100133414245076462309315753036468811789134277
034557766243439814727551247866228287151021472626092866689545127649277743390853
712195668994185125787917350716820008054979602100873783447478326817471637057608
200849052992199456395497739166177897562902653883652239067297574207152894902296
616355937118817327842785845829019485144644830856231990702924504842347375215163
346835977257243984956736981070664092087928588470606144099898656362980741002030
193723725610112744220933885483528296870742687719644326331145990090969684591368
734656289309643038070622599342534755359370170556907643893219998210848205462792
592699234591246408530630275869895643957614441954003765512807086628767546595912
828832138321953964563936011217250966718573549527801826710613000197904192630094
768555238648407926907816430005699656482838112263527735975502404840888951289794
777247543186052029699451505085497291634084411951237471710779655192857779186181
127772952528185029103135362682217918035221134625131781841550693019075222993615
076017400452917498371242030013393358436425563468716615270331217192273356284001
876472724475703915129752470789519407560956597449221386562220998690483988941378
808383031373297698045696609400573897098596692889685320366756501883915448435348
515192718170607897045045097658936676785225143994273835679968043046129079646222
660180069521566104941991765190006983256904677972469385393670251008909860194839
312450023418745337152661558825934036374533903688594057459084559965169481967891
296964688329777845309247770747114998714514021087647971842243405531976707048792
922348831378295223315247884432129908214122695769360080140115407798094144557308
125559068172612384573791443812495734331178682348693386235510600234368743592717
909001628308800652653463401133003226334088599784253199198358923750111667848345
407720445721723986621611332714353697628645892540747557882008820744769569467768
896024993868889479423647804826195165886292336911844929485451316635940470969723
001383840350207382522091588943456454502548464440668659535176223301037365763417
875561118227732482837083128770306526913192248225320502171771194097960298070501
506235646312646940321064789753532188506096348639328344287546944159367998876251
370505108808456809551189876317320662109379380304034350403065707754959434739390
748323866207285365812670947469644552583602590456861682307148246903688869536469
242540145629451126937876004540636647275272899890000094698161409807165866665211
472026100819078644703565710235776755124264352427839321754762494321209805627504
882844027475721313472069868585151320474092491900196039848995884680118734847086
404402195896208760143036123227976673688672662987505802837296219810854526996740
319972025411044874309432552100391797424898279819887413247759003148043055627341
651471148215245305803241697858560543697621821388514024793172875330130859355898
456905430525934990057664558681606837955970990810369541393187665540019617048918
966894030323712882815797603118844088940632630155209855816507009857913515695027
300023407513390777166458174197830612425984620282826777424531692264228588629234
333599188008644877990700758023148034946315177615056538764801354763714285635723
703748697698981869265934547465807477704567063727454855532041511404729129178666
852278574839557276881518220918049863229874450996288303043883767145921062032518
563924550924982244015240369529795374038784305929425994821045213359342414557579
668382942795083052057490496206552315236802929180024023842700077130734824962582
917274987746222357472655630612331001598174832843984670546125572793944407063474
591763226116573246713809821901082643789539146240723471824605990095752291034094
273572890303224259228092633092449390626980214732461537145389831879060422842965
706990756495791007597163530235480854953759537845777591103716271878133657509323
389835488278679754622458435815390408866576428995924635946192461918664043412262
924896244246413780444220012026706743485765657634969096537861694033069626961736
085745309731679470307145283302568801199672454377003511277609814132533862942766
035986692297108723852869672507859363491272532978389957070713523616226226198983
862004332357368974151925543727481683159530182843450885044354736252903327171282
224506230207234694982248527256465362054530229733859198881728074465058623979659
198626882228353661176971636699810959905034374615821268177017827558559895831770
404827550999748746024443688042718980687505691208680126090267040540373400403337
351801540078027326812423964936611026182197821871130499075017998807256283149565
043944016033736330559200272688106355911901501430330261430303766661668994702634
453914086222402109234096646720086987535926932934405740423892275982009358202487
568717733752506177158931942170579863746766696189875380619397695246277458426492
487098307958931059348343003171567166819025557095056932177218000643002538296044
892293148894763697208790420508033505199313958797307827185333056163084174294060
241554078948940954778432655473317967126287980928671878959622752001286813817726
103041199311005997854197846999975171254776082282453982502935639497711729227117
627056282387667128772634711944847462315358472654095772356932835941206862228016
821969034538254542259074429129986388290995551300341753453800130021670868394662
472546832669040859309880114231569809822773371623354439341325097787711422808756
016081360450144375870437839969647808444068340130084257983824287790650789809607
759654551541665550873592870718742410050162295538324613290086557239465754921331
379979339331478584115553305265598679974768692555558202329284507590287678175228
661813367155937845214569023929360788729116358972609765260032022005978257432977
958484925620510860674473642148729691780852956226062305340361927496342832633217
209932008246459004645045444321780807450274071639898555007824993736876945879361
532010122297621833857397096050488391310967958565607874577921394510852643967914
675561836096117299815199836648410988994558899481237372347416840059159494796949
519746615298885998525113806522450735741258967074329213523816304631706493060112
641078772504048721097351178930654982416652081939823440891381701150681010542993
744740675160917209578591319451834500629477967110591630815428429524074920878142
101667612134674549466983617808973610718015495517362986035522603074308116584999
802365165685702053185701521414576088782985629181959395733330528360454818551937
699474302081592000045928844200400899657922180764185048041652459313421006869557
165864858875127952433699620241352131334667986398465307371726697392460999806008
921957230976950670212440674409905464091106726052030279821507160262138051362230
857429451288897941678941102584532450459094508583167643234423582452064806757332
015341260535853106027706712730291545140133555268517481295916880607615387583137
244897943729587883837534934859786433328363248904886218779454285033226456586764
881677591588644925032155776158495738862889794452130276987295370615913006636383
335401082391269328824478561278939570755843642560527129745684782640930197002453
212803680857161297042712809269429731774720603690360940599314984136746819016854
481606864824843241351667434520833637979708882752129684317548466732424213646535
517397001406898406519234152913936055548953258423987257259400877733400235633125
273508896286422148069732417761647538988172756925579152049732056827788962416216
380152196263542181254782388051571616073894036305140067159966767341308302537221
417729172792805574552407450102668880855705441767544658849146920124053530426244
980170050465997598744497592793454387133177163860292146756139204604165910609112
490878126695425824736945514078297024281903617859836501826820250162820871045504
388470248369283393446841755710921886580723196130986385651553506340883246074889
817402532236556673373753471128516208568826958338401230184619333816198300394828
463087131187313704338148026951502683907098394056106297348010298282474829732503
513173787418507988759967441400035612696052865600799091599019106346306619636867
179645851733616125870194383629036079100859814644749953195343862664249532882191
975170038619371358973014340960176651178379725202484778234424968572902393529366
093455779011699410483794943019892247621095573594850150390257483907141192546703
917394829714347526771808423027991152208896436441107504167748555693158149304919
036691170545774247366397093057646786232948200783291494056679429702984633087263
398287477589081657422470127158392309939123656965744266106261761293213199891972
294512479130886982502063801093726914451185890043660835288594886288686804330631
389056852717347623988348819382033456254875972628900261685552316384344145926179
113693532981672439386031177842806203972035146126774565401283198491694218400979
916326513137935877934081312582675398180611234720863999084838500111681690636502
654774460641586826911759005536248859055212755946993675180881128699618715623532
892361702019395644015847347989782586227463195024935620230172692632462511079535
193824422158591381520390265634745319599567332993860470314222041903745177698880
344534859508168686953024863169804022957992304352028967569629868342921750595961
487565139729632186615750760629977278764354845454239148154188296177105881269653
863724434986826725312545536596001742905943300261762204574995838238349819111208
021667571314814733474801853790729963493708873236744813617447167767308147124319
234814562776140508548745298488254474814329094972490159086876825895614082175214
386218741659388553417890516765935988497956898271813889978189483069349021620434
140398233159075023918815100974929214780085374929815984952587000142677357160374
923362800461037228498343449501594608732766610396522887918415587560841779186401
147175856566703788600973030476016717429486218441292023996614175669802369544286
749424101879083604874350819594778341243433602899876925622630176767582439127551
670181112035820207839850123095602023013949747246868084692246439746369266627735
309120419355901145099098804116147252539396791775060958347167317590376124730281
191410426846597456989032022574069219125217089843733967228384108447187106619136
215306771686065709388497968307188716587647078000390985831259362414878548322328
475241527188661589935944967104057975227420861632975885751050926375000108278289
492186618091321898850220124383486200743915068579369826305075438791275719115569
147548220154090463452742669996070044626857702671165193013321780137787333315891
772915919870464029724059004992601652767204660774509026816328742260858922943668
731779659291706313446319650942651568184650441926825869449634682994439337457797
138797547313033932601542931563394013178247011640516018157867526476528363777055
216888442636251521904613822945271600879738575896338976984772724994064141492023
366694229237177803760853344522159927339138445624732869124270925672217488624487
344051097404539350923739452011503560404214606182435629872068169711829086649928
121581486920467420275306864620094745882981151775627586645951433563740812336010
318990822597527700297726781506176347884711871631737457606645012473859314261806
822572556634600218073629774799957500023384254117891265574634343961243889774654
402653203304963879487530937933379616644708259141291108615497065651278655598276
326995683557315282617048093943755767863992821382071024663984078571173587791404
268238732288366092467239478302923225500585514390201895441249334677393145985770
549589988046977451317570102479587541547629501861455099300728616502004042683346
455198645109079712636465019287680179461107847083551325005024223352228428215971
730517228628074220975379968206168750290892008332968513874817016094430513911473
393767603836195146678702194620953584478106843180640099303289353775745522621094
654151256260297848734791053942554131463458436675611102790573805032794226428427
350597451616497333769726933729668513563948290237903349392551105101706488978036
599957928167196983150078901748717792608925102846357653120183444621442773325650
700394591562534683824886164937948679680445396015207747765187947063035648553408
042014396753669547822297965591543370860609297378785352074597275870910375957421
650224787042093306269936088383443515297831813111149378110554393318965576823663
274571696955455123830035940271234750442410202196580492390108539728118072505289
181947640625449705710964559949517924234084259775667618000215718146635071170377
097361331248849199082301629225553521308557013589855977230171525806568608203255
227403611495799342117136066580318998478494640691876374519203345353867679471389
211681619676185539822906044183769261264789161993995435433222829905324400561804
721759967196493506155761016054454340000682143027527986976803060528588261378055
799031230531328354825396926271451880171341837241107701625431293866708291391943
631024937326513436472572764014204936673012292607633647250540927343100191991870
620791759124361148342904232940681146962014222100821172006899680300031086354207
475993112468435570845998484585028922400545977739131978460469312066546992043177
065769652758774457817849604597589462509382315517727438791826363450170574929460
344686038272574466056418469594549685806403826102436193644858132087396390188400
757112256589124278528126069283143123186057196840826985733830567570287425649543
485638362199340351488851656474143108920344592499859515781072615252550478558652
580316570193336887934703403941737800229739767101479783104097834296242182868449
023766901249149827882400619709127981041970325271607760940323229300715272696482
847082961201420246958182204987538586625757524021476593281002351314000630200363
749152617630938042648813364914809528678002029111142473445442346238754826633599
865914404133552966293329867692213165274594787990638489083282472644597170140543
561054675856949751474955343205990617037919156560825102693197150999446185377721
301515850529518694722167908266826943029098424457870235541366224897953798595896
107778977925277587529338109307596066041139980304516660042003151698731894874462
880286117483876369944625749990178226757587694481006993356948865574214616391959
475852012209989389604101639017803138129576121077540871875667527439326442659245
818957110540897574417624116822154578769871972697783084488845917591066388621681
464645895045403564639389886985071504089216653008478923605002628508806647092947
701250593005449993623970187116349145539087721285533502796714238409708004287873
838633161136568568425916158995944076490058958006383341119793315277966399646153
057212566564375998051157712676448502538665280316195634561053323250912373475278
204727081178164143943895959146468094930380457722737866440573642627646534539702
427711937717002672830846386644705420195315664058968384902729291908766146635940
440351836903551596989115489520146192204347409427485299794624642426059485435381
749870848715687680962738342511041257012796888340257822690928455924281664195628
609152339360304307419764531868734621315204163732731284478506583831923279513861
823146942358831461751653683194405971760272879447130573181326733755043436380738
931764670722231205590729606752782812247837940039102921765439708076731568712964
991998531100748852745559104836653410028096433225570844310142529686206164332736
123777410508883857332516766876430155112068231381068237673828690471355512705982
352056493840264906248538621614695041282068942524336119189315015193160419072760
313178321175268585386611218848133882372168565407872641994898604618970700613623
169385210221475297805923795861333865763917509965806457218117614559472526158045
786682364722333575812391669168945872205037606954595649949168317056901366679815
408252012285583212938337738826411690458504407512387607820698675044639285214801
703065632266010275742646772451948271683663145749445649178158602362354225325752
717284765723562146974111436629539383502003834838845693267338881018974518757703
450049201456364677755158133216545774989155736772736567865026467832701577163081
119814433389334326162470744606113314935244195959447589408219311299781589866875
979789721523306079216084025750966663411356965130042638190787166926500900605823
718048547749566972043028621185540223218017541803884034214987085640331997706738
837701060464598613970035880652052607336017765145290610807289192866512266275719
316668100999213061713397337112033549366212290775394812126461111270264844972565
583561062995003139384305480549648146344742059043778678313887783268243425658534
937080905208477875428493019366352716302184726859160799232657630958169991822436
899951559051069886267891037595524786684683375105806261392667828191212422874403
327518767718110111673804705513860332024800865776554729506183329557613968374250
850154107450812909772746848113688780399817471829404018609988064712981180772654
412951983625380835299910411938445065616232284694631502220596985576034941040104
463867787528487526863404479017879812967152490759776432639216854260152832278394
186820975369400019357032541421963623528999078825548131177834490781997238912968
388774993852426110312532375273288410314820199744164978559652626719411940572558
524940763735481513349984090734059403044000795278611519318582542935513860519286
561377796812886624387363609547387135327968123309955227495694798112101031050281
345803220127140644238127579984116481908659956059725834646179768670174211622032
149057008950108517463562413474503446680152243818954182905730535693764932902824
559621635455752119828479917851750499839504732006857581389262404370978812656501
550407412140066592831207883178886016294209155622889769200874917681669287268545
407706299780213803439408763341581644934218105734822637519398461814345152166834
900268596542716348873987666618562919466521806033205123046169519895500870741601
233836314817061552004403648625436571096800775580760697632247971735782910272046
255671804160942798854390780200893882235121034352855244832068277067243748633055
969137920981320480437189879289643490446350109839587806920743631244953600440487
693857288293669588008853293436046781337688563906062754397186962515674295527632
030965117102741855401514629430494200727030606968151256374107651443820543492234
688506158650933428073693896293797963094041859648921317165775764590422838162729
214094139971729310532182321819445222462392654698106841630583356850766661246535
323388960684016687757602065739748229514296735582770899416512738526818640146626
475073667077040690913326625876281054476061801979464230179445192629977653828355
243264172805230893147118348424697401099917821217617787368059598003292351276644
279583584743797266955074031797763789908252814672959311798496439371622134965024
132467772585822666850552526555527261546092340368564165002785340057471574191459
427332891998210381707488428863063521924684790144644824731740357052863164110953
057374747007063123018191758218100321431768394437710203279793306613193094365052
556724635434819513328597502892241461667394092835890782073232677679756355635855
435677321758791267206160372734829897427334117089363314463877215723028805952694
477024154816804782360802477030027137469310750237677660326780611157717019148428
883950701373710882186736226989448666626061931638537587285812978245698191684279
228709572410479474898844040236728606406789410394347383692880989996292741144575
393179903442982971881878383826696628270618357368473153902142274403754832016308
153765491671734841228522504881190752160070037425970607568296870181888305567836
283329658136138702745084806451037377537875659833952917019741945690335558002431
103775383045782646549653636515515916041899400225671790927075695296846496610879
988370938232762422800636801006254224325920400131762714283251689460369565018908
945976781045499951306949187698152601742268803115263161272591771057604154781399
583931484121160388417836620092281496496887842380406141118473237239815823978767
386132775978664621171206499135143009928531158804809012628306380452479148432257
712145528995662453981520821983330287861744904616331727755077653334494860949133
671757303847718446957489700248665923904186925613708746922456365420082485283811
915364416337603180654216332404606820149094204704147004725349981547862208313162
485826789563702904095070202061862441224496493373099156572641210623409246959062
778503008158681556559307039214404557139397582213518743859347530779250417083261
577607902755129672469970640902046375552355091918442554906413088167282025531992
658316651453064099279225844802176043920977691544368198044848824728761236001742
326015793587613375134092865698551569812216610874913522831340608085544206781953
729107245660974034119510660571834390711418961845506956631018762899792817911229
328793984841292113307176207952310676938603211295791530568837319073371488714851
141700595735977260288883515017277560751264129236095841918429711146573912669761
793262952312572332400376013399584698214215148657361696301888722121570531032975
850790362028872447486294185314672352647455360398799349687755862355884080883688
001999389530764560385169394925986245196027164460728474124760243533933959784885
184377866479840897630651968056571812577814489858947197936821109261755102309775
901298356953103972388032469584407423245497565874558963252564026212071702996456
904195596253785986527197852580721179722506676532390259977331307853387555165793
905724000172991583288466996639093453089343131706161137064611037429373865992192
250140059866570784289745815265737214815998520223054743476130980093277602659962
580446497967133674590201939225807766598445719635253539019312257169459987162263
987507102553176951593464414373781008818309170010137065019968674009737157317382
165306487135631711069234044337220183353839023576938229822561362262339122015421
131983198489826681039802343823157097958576650525891838948189917909692385135342
422860163887058234939449509714335176631675592984629267700275105409349600153579
294858081570518594009834894625242833099350289792049587275082031000903655551497
193891476745892854095544955118356561506829267808434372637806901728843048034848
549518380081305771411444168775542258069455593119547675859246051820398511386829
456627637314290209224665323947599950553152510897349619050798126920744284741651
050661964936544479657368812419246856003826454737373399974687398976767359447618
581922969077140759953191036770376975464181414531392355744262645154760158445035
630005364639066862328563770634123976030309033263980640808027416929101278054894
892950428096306374314843891575745945358461988234997006339910949848537130026881
457303059385069871558316333894146987270808464190888198666695153245956988377431
395409141196684090122959964191960589307391680631970985488942683079987402539551
640374299561532216711052430085176965919128204588405482631995049258188499545750
161101087063252194203027687102731680345579185133766033909566125439695526239670
854968258665592779711713286028729416509165170617220503973493314123898286377839
897409914893470062680450618746429319524606229866603785233387395962520028950134
609095147269553617970604894442971233496824843624935766851001589303918932852700
770120632330139123360833134829076464551027270437673527818086319211860943650350
212921954328287478692161535288683470480367878145190629727545235461556443666779
225902441362019576170843481552587328219585676717550528582872478046208375365754
247993147036794080970009801112193872231833399530637037088485135425049021900863
813454272574861118107922985672760037356830166520397215335796167874380025841803
297394308614853172817935936666970149796904148812092747683518342838224525089283
065679373174678345423402041254109136341822246450902878529573532867002131367887
566643034801217411912973521023010739315557126095069646713143925113562381341905
735656702232961280577894411806769087427009181585256767644810407853106218272328
035858769864697008932194580224338121696770625231668785420485364423232874084503
597659678764694673735338667436403321097414596233523418959515786280560636893948
791517165327802524346591291526062508645366964082963220487757643504936606505638
614863753797433505492803448452533342494593276969384481460217633956361971978452
204400401194059714316863630588085417503892937719752598507334628032855364982108
004852998567606193242334369425106974785449393171611634801687145482621877408480
107438181413194404253408287563576927918401691221927556602073508867197055106588
566668520595046819284990007009622886443456121752104622141839640209638617652684
515182053875485893138029683599368194093738089097670080251821680182329930977452
051295508389765548629062007016920856008602268008916945058102811871298060032293
725453025000598974579657158196202985386197809307526944228576063752537909428517
135902990603385667702120993274476755176648872803957784326160245572785036854155
424503343335075201820536850832088467764111937863646287427447711414815616888397
402474632351208040586478547268813163808103147915899958867727011147608910722407
764288152120311757118812808473705957793641677168142314013625642166342728229475
118184622073175040052531418305209281992562135829610031843464760923754151130031
551765786689780136585131843291757727970123495242682039053923723367675237687365
431550084266641979258025427986662656541715143603603522942600598819715910030176
003107265870737850340060076133571276365590397598103231642985611818890915336362
425318439396576655003406206174830381526894621571782293857277726813164055241256
659212344516318936709562468597274928420086419912243441732365118181373618128375
525968699970552123785007892749844541411733972432384088674054531148675743967387
148197106866909449632795136987102527075967027644728015342848339693517885001775
232609217495906063081189557848164304125822960080964627968256374900948820006832
353005316334132717424542919037783999006312757971032060006144974153888821479336
209274138722637449175151706335209203957385245269105880620468977573096270460776
299883526847263221433923809114755810716301274269607216514626756338389091287705
923253793590780856986518938033951511542189915649549512264468311686531570074013
580040367878961621241963886892908556121327620164651582047555776348674895453712
345684313950947822554208931820938686162732943228081529148103387693907418418015
752107782547193815087378106061211206161256883112544183673433159030870268946072
549763788629432155299792913540694378670498381274447511439075954468256403265990
516952681828343629464174410411487513023575456475789089735180233878307066215043
273161872594996336100392807508449697560511869772941293494445647686526376012127
158780974119361057067335812083051597637481532776535659529673574980395028418622
074614527982311338830714864748843744036683869614629837184741144509972542309973
752804379830482534546029176037855714198353096847809097606494483349451534858532
970709918414418026260567711033312421170961841798091841946551506829921957167826
126483351371603635796378497436569696960786216436620245604765256371237334166425
070426611144913126409380644650718629692943500377960961067633217380144425995070
198927500685076894550712532198084896343926000416683292791651410254732579414552
828231302018848618364011803336410039198357157643855716359577941210193578569258
343835870110949757144071998811742256656323677974733974809845164664934274263746
416003042017779872467625210795041468042766906710876308423132686384936515765458
516626386625206861506893469166087034372285525494397101622205336817253766446852
342907676671980664298217126179730287587494405261505640260966854815915738883471
547201266797912046895012872112828089460432013439697125671959930307674255003903
392421317630960094717562729793225763653418204181311756986741284821340529828498
398174230843352807586814958808054953409607231278820972499029153651885505987186
816931174478198238933890083701633661124394163237262593635815616705876990227268
109014716615372896349113511600683626265987789027130030581000393802880410612330
423076022967069440488339050946793150742256528981507350049439942685462588587761
616681823005537621681666725426899364887331908354513886312367167387730599620787
261614140887522947396529202817970021720054649754014332108174659127688595462230
151419026384289629434497501349110391802713190843229415002169768132310078121991
907459010230476685541277096923944778501260544514695014952985323611334886707626
802592092064236373837891875151664023363149250539020389733755974333487806413365
453165263118494329197554720534941409355713781589146541735263006499884598996344
061638228994382513351588234724765942516225796085068231638269393402851667368287
491345779053093364179564300034547259959204523704862487953949646409038628352079
019942854782598811909787743887072318804380126071562460563984978439924656984939
862596343894810885000290032481176437647911104835412204766964385258388505675258
836285483904904474973524452210816287113792897131705668806284725596672053311627
188328371097775193085513008277662967511967021215649440697716983646520970477496
951390031368669072133097263847763633413219588531738593291034070142085815571512
073892921199148473114155050120574920360630901855780307186073764686945650041872
057923761045210185901578410868770354299032099436703158311029738808298418603621
759726111398506413576144683069412803194811097243256403707842068590581631024294
373429021049886241419354460563476453616076200879010833662142574556147517866922
347927119512439987166209441246999447622924402026072499015668353471001906306897
826174479383208938685278128875518326305184574109088364784851312203786479919986
017008382763231551872385117118719248301951918292544285939938690481872504781040
118237127656545342362700100840290837800252005471310581604446638962775086036703
731021251205496229396813782199573430491817979827553336186732224150023325437395
452272305328552858503026120736758913711103903996131014861662473902722791133726
540923621475917368531996580593956353865914306413778100481281801816672703565304
036408215716893901902596555081423197841409810181337484021904381918921755999298
613935737819494550592847768668867655563916712126218446155423015807593452437067
136613429716289808315424543985608819840623959822343584903453840803295379609935
287264415260329913135671918545283094979687293519304414083945295133962323856178
096120578896691244826117378519099465668303413676683441136062796004658021692875
906005130894420733679421299326947489777741992357629090975041630257820823704125
839421508274668513285982099417278484707169637598705232627677619508710213287167
784645764595716118834285701548982528900058017484514560394658159106635774766011
048323588154395433275352495156088787860276895605352417048349574846311250435653
487225226979828859247726671641927858152498206602656431510658574956258552791799
406472896183422195748939988591796484511136867794817077306420375630322376334933
627922935727360171967311121979264285437915357629246782235032377235080844070446
891522594554894125595563067148374699386490151445946819866868238956670271488726
421619673200411346408709262410869562854905885494418499202647721258923030921539
694589165473233000889893032171927495626719155589923265916045564403828888933580
560264791285879871283833271687275713605934539359456451380644293570701994883016
380411919143931310929407883197113951207896763677096783268122309647207061870013
655317994132752379687640687590348653893019927438597013190496397040705030721084
868918903078996000327862474282183302613098607383001074639225789114440673769757
248598231913730564927976517082009408062458812632448877572200283016770633162577
164504803192720914021615235642378822891998342102017292720162724687961403588976
649282873289362419765761413538214799055533176561058142015696317041320996805504
489921393882521405776700854978418597995463885098450445441774124029360437935301
036342837934933774661670484012509973967144633944004945026720845974116154688444
065937247935033721988538963789304840051642115866066910596140814850021219260721
