29089719655278245770283085321733741593938595853203645590564229716679900322284081
25956903288692829126013926758785828476559907582801661112006314541131514410887576
70818548942877376189915376645051642799854510774007719463980462650777766140535248
31090497899859510873112620613018757108643735744708366215377470972660188656210681
51632800090808619855430359794847986978946643402702929089914343222392033348710826
19686989346111771605619106812260158744108330930703775068769774858403241324746437
63087889666151972556180371472590029550718424245405129246729039791532535999005557
33460011169355702022572244277295026384053830943399938338801883955382154037144739
44651525123546035267423822541483282489901340230545508113902367680386497238999242
57800315803725555410178461863478690646045865826036072306952576113184134225274786
46485236332475910267056246635080255305814220155228205098919781842042502825952188
00988462318285124483930594551620054559077761219812979540401506539853415790536291
01777939776957892084510979265382905626736402636703151957650493344879513766262192
23718564299915082889808090418918101545081314503438573403257954970781938528569992
62388352215208144789406268899360852398275371744909037699041455552602491901263414
31327373827075950390882531223536876389814182564965563294518709637484074360669912
55002608042416056253359185623095537656686612402787588310102149528460080480502804
52540636912850105999124212705081331949759171467622673050442250759152902517427746
36494555052325186322411388406191257012917881384181566918237215400893603475101448
55425469893783423960646081366682975001937911506170945268098478515286212317137789
74174920875410645569595089679697949806797709616830579416743105192544863273588851
18436597143583348756027405400165571178309126113117314169066606067613797690123141
09967201312373032970767898874009931730968738012674053892361223037077972702519134
08503901017399248773524088810408077499244126353464131818587924807605532681228815
84307471326768283097203149049868884456187976015468233715478415429742230166504759
39331213225651018917536856633813973683633612601090841959021558211181667741384396
92058705150742548527448101545410793595135966536300491887695236775791473191842258
06802539818418929888943038224766186405856591859943091324575886587044653095332668
53226132120982583918053836081414479132031969927603719476019128667430861521724304
98528063801298342553794862878247588508206093892146686937298811915601156337012486
75404205911464930888219050248857645752083363921499441937170268576222251074166230
90166586706771456886279334315351350568821616511280731852933312407091234383250230
23411695017455023605054758240931756577016048845770177621831846155679784275410884
99501610912720817913532406784267161792013428902861583277304794830971705537485109
38041809149175024543343221744592413303792838169433097501291854459692338873328861
61442381001127558286232596285726481215383489006985115034853695444615421612832417
00533583180520082915722904696365553178152398468725451306350506984981006205514844
02076953932415509676268088760357246391395527822224643912259265192128844696110746
35861482528200173489575339542550194754426431489032333739267634091155271897684298
87783617346613535388507656327107814312435018965109238453660236940276060642119384
22766575521066367187960321752718440465156042728986956020699701290636784716165479
30688683058465080828866141119791388228981124982614345594089618135092268576114746
09406147937240008842153535862052780125014270055274468359151840373309373580494342
48394046750570834792794833813327623793784462920932399941759337491789978648495814
88188651491693024515128355798181123449008271686445483065466339752560796159358308
21400021951611342337058359111545217293721664061708131602078213341260356852013161
34513687160098037871255676614392314645808565208403974421735274481374121527747520
22592445615203656082688901939139579918441099715883127800208982759358981064821179
36157951837937026741451400902833064466209280549839169261068975151083963132117128
51325743496451068147969478261970148320439220614010952345320926931176229813942204
43081173173943388679657391357643776428193536214678374361361615911679265787001377
48127848510041447845416464568496606699139509524527949914769441031612575776863713
63464447700678713106683241787155628177912233907784127518419316118815588722967674
96057520531925948476793974864141288794756471330495435550447902771286900956433579
13405127375570391806822344718167939329121448449553897728696601037841520390662890
78121824014129936859046514651920919860534778857684269653845944570016975842253124
12680314184562687225811320400564334135243021027392137884152504757045338780024673
78571470021087314693254557923134757243640544448132093266582986850659125571745568
32883144032279804927410440392176143840575075028860842353696671519166851042800174
89717748112167841608544544001904492422943336663383476844380726243073190193635710
67447363413698467328522605570126450123348367412135721830146848071241856625742852
20890910458372738622730078156666891425073345637325956725335431617158653333984332
17236881260038090205857199308555731005087715337374464652118744817488687106523111
98691114058503492239156755462142467550498676710264926176510110766876596258810039
16394839781198661558519621648769593639890450038325804105442059548285995523906575
81080179368070808305189964685408364127529051828137448787696395483063850897561464
21874889271294890398025623046812175145502330254086076115859321603465240763923593
69994918047078049676448688998090212373578045704038082077035738758852597604243460
88510751993344701127417878788456746566404719016196335467707140905908269542251964
09446319547658653032104723804625249971910690110456227579220926904132753699634145
76879524224456397301831129145115132275784132037622586245822478469666978594791498
16105226287869441363736831251083106828987661237826975063430472632784537190244479
70975017396831214493357290791648779915089163278018852504558488782722376705263811
80379247783554001811745295774733971401235201145990198475335843486129709292852942
41398655075225078089193521041739634934286048713423704295727578625493659178054016
52536330410692033704691093097588782938291296447890613200063096560747882082122140
97847230168060083581233695705145465018129269436457835781560850330339246603955379
76308361372894986788428511398536155933527821037407330768184330408936244605767060
96188294529171362940967592507631348636606011346115980434147450705511490716640635
68873902069027945343823693053113344090138139284916350748444907682838668747666361
93034123762483801758404678512106982906051961123571888111507236073031585066225745
66366740720668999061320627793994112805759798332878792144188725498543014546662945
07967070768813502223058056222594298309688773285678897149462388827218464761815304
58443909672482323482595879636989084566647957542001959919192407076158230023289774
39748112690476546256873684352229063217889227643289360535947903046811114130586348
24456648915921138225886788097256435164640436432841607624776611434988031979223053
78896711480589680615942791896474019549894662329621625672647390158186929567656014
44248501821713300527995551312539849919933907083138030214072556753022600033565715
93428318265090897935086969895054263584304676514566899762798960629592511976367290
77625678627694699472806060942903149174935905115232356987153971278667180775786719
10380368991445381484562682604003456798248689847811138328054940490519768008320299
63175704301148508738404859185015726439218741459246461740473527525050678399227312
16001171603386047107100152356311597347111531981987106161098503757589655767289040
60387168114313084172893710817412764581206119054145955378853200366615264923610030
15704462723177778864980670072359888952874748137219017507470000557110817893035489
50179245520673290038188140686862479592722055916279022926005921077105104481033928
78991286820705448979977319695574374529708195463942431669050083984398993036790655
54159609932486782247542436175894437179140378716816618909390024386203861000136219
36672808724142911080802918960931275262026678819020855957081118538361661288487295
27875143202956393295910508349687029060692838441522579419764824996318479414814660
89828172569048418432606194625427669368895354073236342830218969494776612607834632
84903151280615010095391645306145542349233938062140077792563376193730520256993190
99789404390847443596972052065999017828537676265683558625452697455260991024576619
61403753785959450636322709512248924193181372814166842701309605073457865904790424
38520865081544913501364916986390481256666108437022947302667214991648496107468032
61583352580352858275799038584091667618877199539888680431991650866887781701439663
17681559226201699139661315373802129416000690694753343167780263220722626588184275
72160554614396773362584629973850773077514738333151014683952964113973296724579335
40390136107395245686243008096720460995545708974893048753897955544443791303790422
34603776872923600138656959395230076809137776884778974629969948994901614186613155
22008566736957708227203389366595906663505943300403637625911891956915616261227047
88696510356062748423100605472091437069471661080277379848576543481249822444235828
32981354364512409222089664398720199794561903039732725461782313636337592762265630
15658135455783197304193392690082829527182521388551265830376304774906259955149259
43105307478901043009876580816508144862607975129633326675259272351611791836777128
93105314447166883518292051434360929249319118024936605179148533042104389977301926
76860853477681495022992809380658400073117678954912860981123113070025356003478986
00653805084532572431553654422067661352337408211307834360326940015926958459588297
84564946227130085559429334452072700771820639888740474218669770934964775817368358
01931683221113655473922881842713738436905266386076624512842993684350826128813673
58536293873792369928837047900484722240370919885912556341130849457067599032002751
63251392669424948569232090459689777567676268422476812003327957705939461318525235
64562918059052959747912661628823814298246226541410672464872161743513173976971222
28010100668178786776119825961537643641828573481088089988571570279722274734750248
43902260788044807572480770162106467016696510020265437126004664193554616583894595
01435021608901857035581736618234374916226690773118001211882997373198910060609668
41193266075165452741829459541189277264192546108246351931647783837078295218389645
37623630485804277441790716914635654620121512541866488539616154205515237500042679
42534177645908215136752584797744651147504384605963258204688096677957090446458846
73847481638045635188183210386594798204376334738389017759714236223057776395541011
29452348809834147664555934220940205973345233795630944144669822245702636711949328
66539894913442255177464027325967229935813331108317118072340443268137372312096690
52411856734897392234152750707954137453460386506786693396236535556479102508529284
29422771059305666062515229092414805708097115978345835117316820412964596707063330
35692718214962922720732501269552161726498218957909088650853824908489044217555309
46832055636316431893917626269931034289485184392539670922412565933079102365485294
16213220025119379527248034013313524701418219561841905576103019019952164745973440
12116012392356793078231907702884158146056472914817451053880601097875059255371523
56112290181284710137917215124667428500061818271276125025241876177485994084521492
72790256700592585443102770463691109880055431245722968383698047086404170601096696
22318770653952757838744542291299666230164080547697058214171286363296501304165012
78156397799631957412627634011130135082721772287129164002237230234809031485343677
01654495938075063428529305313112796594526665196042635040645486254338377220942848
25435368231861829827131824898844982602857056906990457909981446491936545632594965
70044689011049923939218088155626191834404362264965506449848521612498442375928443
64261200425662860215780114046787966233922819080457762410907648708740615707048665
83981448458558032779973279291431957891103735300198731104868956562819173620367030
39179710646309906285483702836118486672219457621775034511770110458001291255925462
68053742772737886372678301656835109233228064990845917962030569156680618082658692
39205618954216319860047939611339532263959997495267988010745764665383774004374636
95133685671362553184054638475191646737948743270916620098057717103475575333102702
70631739561244841374578273437633010185343849745023626573319174244656778749966500
09387064418867334910998779260053408624428334504869073382793484253056987374694973
33364267191968992849534561045719338665222471536681145666596959735075972188416698
76732164933189896718297865797461221657392240485690022532416036780532999092543896
01699016641890388435483756480560126288304094213213002061645408219861380994627212
14327234457806819925823202851398237118926541234460723597174777907172041523181575
19479352745644298463088884638538106862171527453161230316570584897431620983140132
63066998966328885326821452040831107380320527846692799840031378789965256351268853
68435559620598057278951754498694219326972133205286374577983487319388899574634252
04821333755258457105661958693203156329945150251919455969123143757999113830165611
71855088166587567511843381457610603651428584278721902325981078345939707382251471
11878311540875777560020664124562293239116606733386480367086953749244898068000217
66667482742692596868643373191654871775010634360830737628161398410739241003719675
48338380543698803109839221402605142975912211591485059387706790687013510298622075
02287721123345624421024715163941251258954337788492834236361124473822814504596821
45225355003596832533748918627867835944397904159804399212488984866079504501170116
90925193831556094417053979006002913150242538482827828262233041513709295021921965
08374714697845805550615914539506437316401173317807741497557116733034632008408954
06654169466574673578548313377013362894890439767002586300254063526400660163171288
39203055763589894924128270224893738489067643853399318786080192231083288474598164
17701264089078551777830131616162049792779670521847212730327970738223860581986744
66861099438304996043740732319578447325485741623973885201620238478425616351259716
17831068501562991355598747588481510148154909373809333940744557008420901559038534
44962128368313687375166780513082594599771257467939781491953642874321122421579851
58449166936255156937091685525264472078652797146647676032847133298550194568977275
89834505860043168226586311766062372017210079222164101882993308084093840142137596
97185976897042759041500946595252763487628135867117352364964121058854934496645898
65182654563438285115913763156951989523026288179495997154522125066746117439488443
33126594322867109652811095016930283514965240828501201908310786780670618511457409
70787563117610746428835593915985421673115153096948758378955979586132649569817205
28429103817272121313868156552442810987116886274396802188558151536753121837411997
29194713254651991441885006720364819759441679508874879344167595983619600109948387
44709079104099785974656112459851972157558134628546189728615020774374529539536929
65544901295309728896376771335384242971539417954717909558012013421017515093149166
46990523663502330240872186547276296390657233414550059039138902536993171559171798
23065162679744711857951506573868504088229934804445549850597823297898617029498418
37625525875745530311299191434110941308823811444306884306265530560165880140856102
33242103002184605885869544185029774630858584961300372381903251622255707299757107
27306066072916922978033647048840958711228045188511908718588299514331534128549297
17384976852313627607686849478036494829990447571577114108095805814120895605947166
86262900361456026253348632849868160394633724366671129644602929157461811177891696
95839947080954788863503281129626899231110099889317815313946681882028368363373822
28141497400691794219288881713911628391029568491823335893081336013148874836646422
43817760810077391833937493469336447481505649336493231572353061093857968399021533
81449126925350768211098738352197507736653475499431740580563099143218212547336281
35948831768148919430653042602977388549297457056944878307794587886506297089549984
37601816940310569095871413868048463598536840341059483417884389631799564688157919
37174656705047441528027712541569401365862097760735632832966564135817028088013546
32610489276873182991795037994444632815859518138014471681728499679306181417713191
20992362829226125432360712262703245726379468635333917587374465520060088199752940
17572421299723542069630427857950608911113416534893431149175314953530067419744979
01723518167156875416348494949128900173937745143192838243118326326507953037117780
61858511535088099982004827618083072096496364769430661725491861437009713875679402
18696710148540307471561091358933165600167252126542502898612259306484105898847129
64923094121514456394788999932714587596955573709085515064800232147644303723246614
71115525785830710249368988145625687868347455188933851817916675790542104210363493
16257870476543126790661216644142285017446278477132740595579600648343288827864837
04345606696645689974691037398771289159331327126624750558225863492842771835583164
15936677122185376423762221047793389563787229025095430141822571803313001481133777
36941508488867501893156994849838936052666818012783912005801431596441910546663236
81014820779935652305649042071136419220017718910793524323432276178771256825112648
13329743549265686827487159866549430416484682205939216733594850578496228079324226
49812705271398407720995707236227009245067665680069149966555737866411877079767754
86702878643181794152179617831065503028715727228225081201706071338033964184121125
38562489201300107824621651369895110646111335624438381853662735637834369212793547
09230119655914915800561707258518503167289370411936374780625824298250726464801821
52343026808148697816482434935345685584369637838415383805118440604369687166641651
40361297299929126308428121491524698774293323052149999818290461194716767275037422
21367186614654042534463141660649871499001000660041544868437352208483059495953182
87228052082867630036109173450863213303364728958417658875534522793848029772448571
18155748935613115249267720063621983699806641595493886838364118914304437677154980
26544959061738265591178545999378510861446014967645550103653971251138583505085112
44251777292381439623304372403603260318144299136575024601278751411794490130580345
21999927011480717128477703012549948868418675729751892142956525124869439837290474
10363121899124217339550688778643130750024823361832738729697376598820053895902935
48605497980232040047223687355741185813273433797893158203941287898972897329881255
35145076415353605194621122170006763216111958410292525685365618131387840864771470
99724553013170761712163186600291464501378587854802096244703771373587720086738054
10814004231141852580329326739632459691404483466572204288067928061602988404340053
65340097065816946360966609111109687897518013252244782469579132518921226530560858
66541115373584912790254654369020869419871125588453729063224423222287139122012248
76997683714764559852673922590499788551425004758526029792930615991344489834197358
33160701075164523013107966203825792785331251617607899846301034934969814942610553
67836366022561213767081421091373531780682420175737470287189310207606953355721704
35753517746157352483843210157139981379859660712966443831479129635927542962712943
61426859221389930549806453991445886924727675985442715277884438367601499128973582
59961869729756588978741082189422337344547375227693199222635973520722998387368484
34917684119102024662747957956434961501265743384575863883473583224253532814204782
69344731299711893463545029946817471281792981674396445249566555323116499206771636
64580318205849626132234652606175413532444702007661807418914040158148560001030119
99410959549232143440606763476971308951338917105050385633650354516643177448964006
17388617611936226768905769556939187077039423049400384406226144495725166310170806
42923345170422426679607075404028551182398361531383751432493056398381877995594942
54519675655918196869088528343488605082852964243757871292943936617736283013659587
27230809694683989386763662264567911329774698126752265956210093183220817546947788
78755356188335083870248295346078597023609865656376722755704495258739871812593441
90378527557133340984245012725859669243431768901896614540445367904713629423815612
76568242478647361766717706470024311197110900074740659456503153750441779821923063
23700872039212085499569681061379189029961178936752146022386905665481382858280449
53753016092142219594063878707478799119492089837409178853441752306471503027839797
98645173366253295117751055590141604598733381868879778588172919766045163533535560
47648420520888811722831990044504284486852338334530105533929637308039738230604714
10452547009489940760121524760281996384634355485293237716141086959195078687327607
54000852200650318712392728578358070107625427696553559647894501660138162951779085
31139811092831583216931563867459747449584385282701658246192092219529134323496779
34558561314020776599614254646328867735689178557683516960839286418883009488332470
04479583169315338323823778763444263234563016795136710475104696690012177771280655
22453689371871451567394733440447280450959433090683667110655953338602938000999949
01064276985962326040186373357284667953122968315635814542089054065122641916201550
45004305621369918509410346096010305438166947959645858044251949051107333876799467
34471718615647723811737035654917628707589456035519195603962301157866323750234725
05446107397940247518441555817808796282223197269298451668330691950507999335725916
56755572945859621820526504733537123516236627704793332893221361418587859727716856
82725303734836891911847197133753088446777943274857148827821608844765700041403499
92137679420962756088308150943803070566602276467811753336102818780071021979442877
73131463878578172056614090230414999232482689824772221098521897581408797634861467
63606368674611966620347304608917277240045953051376938375381543486981101990651706
96177405221824742265765213815274061269901270688087538640866990146174089054098187
76718800761241519670641521176530843255442610175363482811968374933958257425412446
34247233586360777980960199745187758845459645895956779558869098404768259253477849
93045788312854174707905979590943162772232784457891869421492945154017421462324030
08419079752967824459691835094742021236179403090486349605340549312999194960879579
52586977170236680033862505764938088740994009589948109397983231108838769236490221
49911112087063920289249069843533315272799133098633545432497144137805913224081496
01564856798439664647802804090575808891902542366067745004134157943121125012752322
50148067232979652230488493751166084976116412777395311302041566848265531411348993
24374789026893517390404329485161065978583225316820420283499364159598019734388988
30209941521522886111751266861730519562493671800538456378551291718484178415947974
35580617856680758491080185805695567990185198397660693358224779136504562705766735
17096155049333839045261240439551744913688511598745434093204010221898270753921240
32410424244515700529683788157494684415080111386125611641024771909030500402406622
78945607061512108266146098662040425010583978098192019726759010749924884966139441
18415973461038240117855673908056648332103907386708329869107809349582888870711065
15596512225429291542129231080711597232757975108599113980768447326394264194520631
38217862260999160086752446265457028969067192282283045169111363652774517975842147
10221909990625737338347272649867824440104899850763163066805026711594463629352512
02694248108545306028106272642365382507733405754757017043670395964677159592610294
38313074897245505729085688496091346323165819468660587092144653716755655531962091
86595262844825373135369816251735193011534158117135329203587316416883910799400067
72660316175275829173983958526064541133189855057478471210535057956490959316721675
65624818782002769963734155880000867852567422461511406015760115910256449002264980
03949840335809130914019787784365016796016746537028746606258434632970830372598049
46535893189121639760131930794769720580347105531111172158592190662310280992120840
69283091906017370764654655683413207556315315006453462321007133584907633048328153
45869849733259980118747966427314027938128996172052454067469527194807993039673019
42740364665941544000927999086348066223349066952240446521589928642034350988584226
92019340575496840904812955522654754650713532842543496616084954788090727649930252
70281506786281082524322297998539175984518886838700447710186677215943970851466461
28711487495318621809417196768431446664351758376884367860814463196419125665740477
18699160915550910878919431253671945651261878486910876729910565595155159739659034
38362812462911811776094941188010594633667103904977731200424357811579042982304507
20383227812464136712979594150829183782132128768905459635863693448797497848411232
74921331663162812456388238288715648447883142417650147980187858215768793063001153
78899801462369013580375330624614857607493256780768265104573805901883123761727188
99337904871133955884852342402550023522006135749143182591424798293677754904963993
50755839668967578364316618369307625603528602940662803255416535431518013714821941
77267224400526840199653333418400434552529659291850294013160065112439529787436422
28069777204373637178734579484202387451512491579131394111486084164293479587936818
68609689684640858334131017858142710955416293375915178392341303110543328703526599
99390496682211276815831651124686645116735137821434533665059832834744353629031239
36720845931643949418811386079746701347096403785349071490898423178917397836506547
51982883367395714360000003439863363212091718954899055748693397700245632475954504
41142258241078386683765546740013732432280911369267068280539754911116617110239743
77494793351740361350053975814755208342857728009861894019843754464350814982183601
12577632447389452051636938585136484259964518361856989088721789764694721246807900
33092508349664584165655426129419510884719720910660510554093373195488840644408028
05795490080760400341546621376696064442937749858973536255919596185524481879403173
74508256072895120945456562159540405425814886929842786582357673195799285293120866
27592236611513744576791606362167526744045122105105209083470744398613782908235277
28958496256568819727927686947958061005737870841214448150347974223121032953592978
22377134077549545477791813823542607184617108389097825964406170543546968567030745
41163424413448630867632794917768292309318322134145548259136720282328439654900180
56532039607955170744960390066969903341992782126967677718352090839595453418667779
44872740383733381985235884202840150981579594685874537989503257362809837592216229
25859859912384399357557328502861315597036293424981417805646161586341533863507722
32699965088608709999648993730493071709678887401497461475428803874212506892121558
76692242387434701120990859082164073576380817386959755176083877600277517253037133
44565485263566172019756300158004979022341958673806144240150243628895750320653369
08257567855070205551055723818785746503710863081581858628158830545646622976948039
70618265491385181326737485227188267917919091354407852685476254126683398240534022
46998996665257315563764586225186282309208542441280599762850548891309833176188498
33529751360737720305713427396381265885674050138410747889433939966035918539341984
16322617654857376671943132840050626295140357877264680649549355746326408186979718
63021876002581399571992360134537422975891828516751135817147262582859694079851857
18700758231223170681348679308848992751816613996097531052957735846185258652118933
39375771859916335112163441037910451845019023066893064178977808158101360449495409
66536366037007588100445026573493512770742674257860878489818562886998085166571332
08358426133811426238554203157742466131088731063181119898802897228497905510751484
03702290580483052731884959994156606537314021296702220821915862905952604040620011
81526966491006858759265566056756296336143423023281074748839504038098498186005616
46460998192576162354787109138329675637615067325508606834337204387481867916689757
46563456020002562889601191100980453350423842063824039434163502977688802779835087
48117829834941721167491942560160868533243538595115206180903124169818207931461506
20738260971804582656870436239357574957373327815789043860113780785081102730494466
11821957450170106059384336519458628360682108585130499820420578458577175933849015
56444730583451529141256167997056965742613990168193205624192797728202671429725870
01932343378731539394031154111841014142927417035375420036987606087655001093452990
07034032401334806388514095769557147190364152027721127070187421548123931953220997
50655302264684422770002058904592274242390493705150736776462984497168212199419827
47940490926017157274393685697218629360073870778107974409755566278073712280303500
48829843919546433753355787895064018998685060281902452191177018634505171087023903
39855054070445418908847204237649974903503851894950589797128663164469940749095947
34115819346183366921695736050815850808379520363356199476919379650650168087102507
35070825260046821242820434367245824478859256555487861614478717581068572356895150
70760221743351162733170947276593241324913270242551939150908360134623961233500108
66146238506331270729877456189843842887640998361649647757146385732473332266538945
23588365972955159905187411779288608760239306160016168434070611663449248395156319
15288272882283137545867826983069669122013095481593545075492355416776687645521254
56812429364274741538156922195033315601516144922475124889575348359262262635454067
04767033866410025277276800886383266629488582740369655329362236090572479794734434
07770428431850790197346907114123036411172922492930773193930979545287741245118395
34803822103736446970469674930428109117972324486154132640315784309553966710614680
83815548947146733652483679138566431084747848676243012018489329109615281108087617
42277913162934549442539542272730964505797612288534739318960081096520209015110457
93776025295431301889381840102470101349293174435628835786098615456911616698573880
24973756940558138630581099823372565164920155443216861690537054630176154809626620
80063305932077589717558992586219546209645546462439953539174322822543326717430849
25083964613289295845679273654091199476162251559647040612970477598185518784414199
48614013153859322060745185909608884280218943358691959604936409651570327527570641
50077626132378364814900524548141319598929639844137178140276412208764498968862979
89108701642701690140078257483115989763306129511956804274853178863330411697671750
63822135213839779138443325644288490872919067009802496281560626258636942322658490
62862803505728298310126691910963725837814936377496059451521693264494518829263952
57723484200773560216569090770972649856428317786947778049643439917625492165006086
26285329471055602670413384500507827390640287529864161287496473708235188892189612
64127955353644228695543055130870000987855753422310054715341281095702487081265431
91232619564621493765275263564021273887651038832550073648999371671832800283988323
19373301564123277185395654932422977953016534830128490677845037490891749347389015
64958857480219499672262118587436103977494633863305788748740554000544043934488819
20441021347900345984119270249215570268737009709952053919309793194958832659221715
08324621942300185974396706491149559411733728199869021311629886680267446443489233
02060700382126284172367962730719140500808408570397815199814882239005994891194647
44386825337458899623751333782805329282720168159779700664883944824463322109283205
04045983008943565954267256879714918703447338237767914829203283196838105907715727
19190304236531565095746454964342532806951039655873354980385099514346350617536148
00501950452013502001802815069332419182678557377644140970809457456248548677049043
68368717590918057269794010465019484853146726642978667687697789291431128505043098
19294973616594425947175476513520524507259753857795837279770297223143519995849952
23440493945021154288672441887174095245547718674849114750318017733046899093179744
72957035192387686405544278134169807249382219749124257510162187439772902147704638
01073147065315420130058381045890500676455733299814994585465510552637491435419586
79925959814122187352384079574161233722640638604319889362498676496935925695921284
95906254446474331759999685163660305216426770428154681777589339252115538590526823
31160830275119438482386155285246501032946729719811210531412589816510012074268814
35775908252274668632061883768304509217845825262395941896730036408086242336576209
79111641766331328852352062487922978959456450333733139422384778582717195412347860
43437616524156871794356257021563666668008853100672894703307954080458332419218848
88707122756703331739392625090735561645136770641995391119488812406598216857871313
85056850623094155206877987539740658484250135205615103489821873770245063583314243
62480743254246419598464741157562544101038967157667726319644252493194180647242378
93346685610837898088303135713331577294356649560781253049175940158951469549652231
18559669048559467607968190167266634650186182955669893965019614544401768162810604
46506844813956166722072926121016469233901679339963283301316385083096794279293455
12684357603569019705231383646409613117749046007728408622147475476532215055181164
89887879087780918009050706040061220010051271575991225725282523378026809030528461
58173955819812239701009201720225160635292246478161553353227545326454308709332092
46318559765805617174468404500482853533965468626788523300449677955807616618018336
68792312510460809773895565488962815089519622093675058841609752282328250433712970
18660819374896869996130148692469448242072363291236705254214546416296891044298163
33732668716759467153926119506492247256272545432741934959955695902432790971743922
58098103601486364409101491734183079646345064833303404765711827040276868271418084
57499849339203931744540261666367464666875438509396712991806747190988531271072672
44285848706943070997565679491984189964257488847646220303256377511125340600879369
04565779272035205921345924272965206683338510673615276261016026647772485083344719
89198680265619723642084750496266160779709290684475779825179556975823508437174610
33103879117892394416301126340775357735205580400669825231912255705191336314072113
49723226549151062961739050617857127509403623146700931176133132018631158730886798
23929800980508949151078837119409975037547367430574518726541401644692457679218575
36803632891396641553420667056232729360011777814988861008308778495717098808586670
23104043242526785955562077310543072298032125941107957349146684680220501816192150
76664910686203337871382605898765521042366819867017786167267197237415691788000169
06566590469653161549236040618918209824140061037794071663420027358289119941826478
12782659666207030384795881442790246669264032799404016800137293477301530941805070
58742115328464220300655076396675616831889700515202665664992941738284032730594074
01471174784648392412256765235934185540664409837060836364576570818016642850442582
24551650808864421212113914352453935225522162483791737330329812349528984098613273
70995740778678934931197520423792502285137588043679185454783641677315182145722650
46408001042021004107660278077291525555032181823872217081127662086653176519264584
52495269685376314437998340336947124447247796973890514941120010934140073794061859
