94322799083303388337532268791136805271058227189405321115431762231393417544845666
69409686564311806058445714150490562776886088104988447056340912522103928606703222
64047844427142878436378180534424656658727106314414657768338054107178956876405745
93780545210113793714682835751645588836048446486791070823926649767907954159037494
88924101925619595433424088389125757899117910911808413419329526743243607351394098
85782969009198522460382762432194368134193865892769027655445301641467184206805475
25863778841526093079133365517323021995066280384249567417425200453164697203399742
21913531623609611626022913716608616039445081958878241503679862351086245967033713
29174735108966538553645361987746973096400311167020660842851902576697081580904466
37173489288786421099961234084116914319859552521770939648367479462015634538501206
19562383294036962718017904338818783111018641196661874812937542134326844722493799
54120303200119170639823264202477533436678743115648168729115421868901007587416766
25947706362257948289474425819814798137047565183280557358219583075322919582761670
57460809137111304832724054706727163104928824837951495152138670466824508257930917
11041799944173289902435711360750802511421260820744297871038786193284719997051664
05989751455257460100525755303068790069534676403609815877817209985558435756157433
18152034370511485222512210545022638828190397094516564204731890497118720458124286
60813984450428578407726538922851150776055698269912215107395292491095322687169354
24486350552919574585730600391152330348854562378994584804152011988690655427315987
96419486848724607136841461935453142257774807946743141465291702920426548744979227
04592212829496275272639707016957242872603197561559088947884782335797856171886829
06933589145304117287552631360316449649573895429808790415848966827873154301918091
35239160837950448782361386837342424569462773040655940509136350768924961644079317
00284812607465033449403435531391840126862343307140936773672630538410076889965809
52706493061622361067123260728124128913017012277256273099643243901068189312339424
92241692277050096660441680347667605199418308014421431892029583180369482748108477
02841598568303090555485871435922397139176279129637306296920192973173105979198478
65015978659927917886126399360596149516877027508960815538073983612210519169393995
80446349766815712345081181146126469281908962130213424611796522057630383409095654
49272292087798748474661734550102825036591385502733103785575967628648745011014545
97407606485710024934749106770581392173221523480348338160141825736676909730289133
68768389649245127172662846457372131180062518169206332012938141222953995450752861
69269168671068703948941256938935003900458519464551897184528047291800688316516486
51090646763083174424118429887248025450811194656074765495232395571188457124055778
22094455605807297156734069983034579889243014285589817453306862281937020463914208
60419809816719273933724687032103951906205523159186111604970071104482550977916951
66628504550895416179090678002311743776857908077684081738075339293860014169207362
61450220948570837112251879222170459385972917094887795659001558424245863237125095
85343406755570959688804273500921097279888752501756303737939816457929387788124728
97742550147905458911600740224572202143961677164684549285859312495788705284058684
78027070894499976864375983140905866537199328636362991833278685085167663917159211
53685863825912848828539590124646724730268352199087338076255303903521502908999118
60565206190956284756402657074319142371067666215990247678813345974592654872644017
85949568331281709849999111170105361618124185783286410874929415769400408153353098
10485677162945649822498117287171233408703977204511568459932333653821177178874195
27606613296702122891161912016043932569459702147835361700901601820559684812227863
49019454550106719068728774020071938664332914979069920625035154058828717209473945
08155987680109079280986197280653573533045091400431375035681809841660672169756691
79582082011994373218559995951288208153839043320186954140198500886072851228958325
34085324596423064270873368563584330162166225773142203875374023327427963037634249
56497672760946382213916521576822790365715515235071781478833185824356848367683545
19628568793326557710353737447159886910429272753805140555524894506080625580378946
32068933860635690750718755084696586676832680068573968937785683497399993335013636
63724139474888809511064085233774774815721977645025357907728652998399073494754176
91477572656416211623773616137509629376004232185114448819477753292059193500639171
68330904754322498995798268365851432141904661065118073464137962729231930849298502
11618496035284816190020811457713228643850645278243408793300387499839136353908839
50938274844010367137195180822309094685424331316759347619858183404097927240634612
40979996553918627027631860059424157555437057713408085987654914554613230335537752
51938167577914878425251493411326154241594154432318881895923404572521285187480661
15574073919639103424028522004109687415071436999924673174204705776348365522452626
55255306708302323975881286827888340565068312618322508786942611532134575784778815
76584374021879418367384301098495604729928944266680448445551288116592670045878910
41324011498393422969401143752297969231281097094851042854370199344002101086989279
15928962704252880183804003219026058131951992923380356055675002336750000867238224
12695893607679097090321847634426033215316389331377925713480727216559546026814863
16036484408951960488112639346669285234954847985300541485539625440900476630260043
33220004902251191807880301503399149519085139673478904287781199547858400683847339
71069426697398005656307337831925891333585047998374408337068772591090010860536660
88465402309545842179098277827121576637401389177321087535581285413661252478992220
31453401254336568409420372359183132530188878563878302945790507852660944639111574
04134930677371911579878784571529510565870082579758698007346852639240711333177829
69250015281880795345076972027800037641453238503914007359738033503713184116573068
59586964593150459102843368789219095141655255499845257684547001086675420763554061
59767157146298209788570769272245231532109939314321932148540279361820030390668620
59694714787414407219604947796527570788861409908383273548050753688995191090253587
15837924989774113734745043688947823604548994508579417901735624662523637347090322
90595818453129499460352434023332197002924834741819415709680426725646135430740038
36229466038627449257392560400918395456361422313382450581474846110530314302810625
89460196431466681870033803188947704914845609644386114113445917194500981869293207
54599516880775895014226776984242459829145561506012201776468270027594325924827061
29235489326231802252724088757252052841256330447437854545787062204064751978801183
63040518016248205057922643250564408189341365994581060159439126197496313840594232
86541814373931348163019410583976381441405185608045616033188779656713086053357581
09469435672865067286436624736115834352074217240453254645119983911010458647139470
04491960760365429899863028211833120663678572871589871967498088860748547722825771
10876146685973003374993113405469999784435184607410060603454288114696560748661708
87348916087937747492187410726835922893730358756736346922379806477779572649352310
44156225707149313507514531572734383591559393417532237743708032065066236416132924
99687747060680781580225123255193207454554265327333880168261595194402575300618534
46059780276477063332735231210640538855675179588632962633051331660810777701550226
62444581456825317283773756839104096843575032788452991372212223163854013864451766
88623871251912199782424335263014901185045239761914081549406406650737068983303287
81282732406116368118324751580388128335613958426711895455893747212334734712415991
45749161167239384725878599280603258324702685767946796100852883417502642626371661
56427467568240159485538568772430409260058686836675575022801840169619958901039561
13704025834459919913410856591455385573991071744540642091590057011900070231520909
10172748015269955964119529529854090322112668024581392824454462699950554993961400
94248320862517105847148713998256055511564088125582617560652149469071708983141008
82480074252606273738360640631230828322729819282684445937515649879973674603344450
72803372890779506233601398316177039883702002411558008016581364258807165008809871
07781162994579019568812504252124058233706971154168856107438959483891474919711707
76795392134074865347081253362673412389332010391237236459272856876359070276348804
60716520114392018634848493537769675445142227943061125393647378386581610973307073
76423291724133396547085821470197323375709310937593590321501616615199104342356674
38802278644364678476649032039081052299410419779301917696498235538645614602652344
15210108717149221111401894576390007460068387373800625180160372631294571788217697
53311020071721795721171363045298869450933298064210663936286826599985445841409022
34449922339658870704019735084656165041220712966410744976178195036610507354223302
70625673338941301586017534855769365425812239350276880032288056497157193146120698
82416343645647508665973346706585694246154892267111544614626876347343207011250863
42773520488409461630725007503451701775537438334824765519234458857892344258006029
56356771962056741779699391831452603289184197244285000075306344074308589474089343
94237807629533198164804161800812316212148927274785622289434103693532080876530600
35795473091190047869487497272434397124482266372410142517777509596616839993695002
30936206495079570309087667298439475954116327537724037108612950559159871108182175
40904110465721936690325229435318379416469306456056015747515850430550598281675866
80520181633574423484342895696940650782141964572576511761228318149030751748242261
71318703085741031103212385556610326600649441819802640869341081893396281872476249
21587053122548674854300858275956358565315842949300257294809015885596167138403717
72886701795475875859240641115039655611055289154529667416066831019726623507611680
23810531021527294264749296480548499488174617074173797879629701152901813196873735
42397323998106413557241935795012757141121581279229308189346852393592261933898970
09481399037167296046212655840971219684085459784242440556360897333222099204345479
97623484541111960999242793577276397899011156055495271863719420068967017376215130
97235944348286940898294107651620916250067108560409316784457173282723988888519435
63916444326432273572843135910752155748701263717886288475454235148483492512703424
62846469848870851682295404463421677062406760123581810089623221704250781547240215
10654669197636907521445510805586496229715876911430077892071750878661153761918625
17043115471304155185400289503634956387620980684183671831951305998338825672525269
00988302890892490803487930845998140002478962696660359403597691082346260685321116
71217821876098653404209841881643619843513286413675240750761178482497082822571898
25857812520834671056641808646412890514017413369717031292580057672753715373376803
89380726495998198128923145411098737170207354590198499852027453520379051507591743
24149691218890563410680644731681275451000835580458073013538910862839261840802584
61167210485999038479924959550912595451377679888730002223079408466211068822245105
44319547143466538188600555546161740410916997038491253251500969941859672828525468
38461313792378558572095236817678654922736200847371832257896470810749116186926068
10627916142512133733535423152250615197815231524455833297276293600403524846386817
81362228586248682579076054251748246071035292369552592913757749837138377531935188
64223782399132679370906891280557829044367190676482794769653152718244355752275615
05167251805486254176468966059756034094623848777358060284294056086940368354113140
38444246616447326194960484404814563895640198798824266861813911461085017315133589
83812836676875231149863105333902299922066695457233717782113328937203581422723363
77238223068603312747325998900894168592236100295608504202909703410101467738703645
87777699735715091342063581172888148791975621724319795221362888006848704251823402
94943183360172816847655436206142500464329752658706684215565703711427284385122470
65139949602513044832011128793463720378880286097642204200839398939945875684717598
37138607142513871013915608985965314631317965957274743102775808657792034129335278
68586435248591212468207532042414736464472721426374279715206595228607080876159071
43860225723454817911096424778647742368816172596347948573121911032730750029021682
46450256879111631599152683895325084755897215866441777831506881212443012035220310
57192071804043489711566065250314609798316856951245044632879885933039070843037440
18577799403984682403529790994349989585504101984557139007968864224428015059208442
70143210613234292921132138155642063571295808393868059415653590421418142478340813
03941771237386364880171428463752743793738517586911576012622179230517316782188149
96361881906844344344384487628700086376841904966863689619744812693574001885970795
71468212261797226417634304238578500586691752614789023352686394969830942178899581
15214627529341281264642308211065901882114027527314590248513062130245347639220468
38823991810247674360880408973561321447223915566019180141075241997710233154913690
34414314169247549112480193963901664852379410347515083251999803935535569434590219
44605168795631233096236193292412081669441112840601261840158002609352756321738584
33145245546901047885382714470246191697005725495906509551336677629544661035295207
39871883131410646200237637468041909080528970188668407909235738978971067540044764
58171040216151916029099734114993351890533983951435772441668693588153000572094709
55677520367856295244363660115893963524286933648649418207171575097258246293851835
00925949181201802411153786066150055609352855296395936971426397876801437825153846
21607556811657157955764812879525875357053190705887158860650265022543620714544009
47493278097774251117225446495478604290526667961252362543530510286598805221751002
55402872973201045859936027282840997148878454153795341633122805840084548286028995
32799973904021267437038238125374592246524862059028675186570303458575303644448262
38217691383794323139823555396575663681267836266785021373459597870229521773826561
59395618970492791498302377525742286761821589862689130548121325104884906241442162
25491982362594112110420260626009256412243622662652460298955604602235352272588555
29399670504609001406652307811367514284371326353242980805100316195788307689751388
73013853773477712396122967906805754704916955833174275334484209274810864729846851
04593487193811561661094172844600661231596913963027335820856793372440157407839548
98042035938723593343486343970218611739512593513408349470625356979503284185172549
74580489507836988903015814341243789616161451997548581624917353591313740309971407
68172804361665821916422896510228963379390609902807211377549676187222086908703957
87234589926865561328571230285987540324746440881267893046379500095628131777006794
20354266519965127862844438918350452042902997234774212110110839415930154757743297
38044577498389902875717740059792940857714001867531669208192457903552748199732562
81684302639442500447264905653344900476353354544402091024045508524996068000858851
61711430404469663213259599273444914317563906191456020839286738726082428009666271
80460217532665828529147559030849824597394056060151786663948033337010581858383151
89667524533446743089748076802710405136173930740838042878283054502382443133562648
20900318746617917555902513003175834585064724961473680020544060333250706861080140
47737144507944352699867020387152913825466598201995613316723450382138860452961821
04977574561483346759894952654889570864051002075276930480247353267186387190111160
16697963184175428374496518268187165066067688694636209291124622389123603507883840
62560586503517690137730101439191295320542103275696406727660833257357263807213485
61461364487020196696587484690345060797537476450734863128515920413650117096795890
80897898760572906249289538101683211487733872418803505106072208795387591407610595
23958094661972763110616329018539053023628552456485066637378016880876261177568903
30330606448224224836466376023554743329350739357893570789753385963547033342877556
66248773501454614950985549353651860902688201539450588255597386779187251650836437
57905965348928418344829083082113683611737498169242204335678967216154078413567063
22631510976535677462823591134324986424674281069420248125259835399005150718068899
49568589018238816048505817714792647731246867221072052595835372724229224825133058
33070997397626620069386776958833140455202112315820562729075012208126321078035923
76007523815063032141867386125176583896762956616098872635710838010587016538824059
28507778450313988203635655119578100480358817385211568238227594601998180455707823
59558612444935812369552523432997115480080944055391065962933646700884326448472275
70112003407500507656944952827071852347623122981711100774341031608932531262970616
35780418881558738644719674459573768387764358980188626610640402278329218289980085
18475253935419021278219079604392391527050065442386510535900727699680938594320661
84982258831566530239379874965695538159065055982183446013921743450036260159957044
95217062948183820161759769699639686315751884657125676393454465988439254698537665
10112242336611280697563691850889894008749274741687078071036251206451414998231764
76655084401870544978782642245820115928305175003567730514881041384888459809570622
28397657559281419210582180749657532040788586140520600013027649108705914143702434
24139507682928486317429833629815807509084349346450264005987237671783076146478969
37651002759601169229611362808937800996551545519935762596899397500122704456469847
74069125588754091211667220201161700878383896210068719108848123447242419551102661
94668678473643229843909377512939698167744060714356099606644378274341923942305317
07910975274859535045214125757621828761549318748845806143441600331525986291259394
88380627638021143962242335601117792803035689144509723994961505811533919282752301
48607251562960265385475335661304970602396148196913463531802731728048501248460736
48856746818797303254353040311105728989795163722332731624583462663582910898565026
14789291532501167113070125640557588021658008150833119747310566408259021829833199
26221379502379701455278679641167988089715452073749388746648842774765554889302976
13577507208416704357060516998965494945697679515111947996447456015506915415192844
20188175261936206003279925224289713862830037906921897699268968608124098100057483
39441402323958779698724641012980499369442579736085883893521935250546234457141517
99362932373789870453766835100563167534745645935872925586813421711049032318445721
47893770248138079899681056770370893695914319976061561581920343069682840717320755
72550052419930664032951867292141085787318044648673645744792884420622979414230567
85108807751857666269794769422394729187563585331478016278928475414673306969423129
86226937875491020837826077452738457717261280349796306986406195913378896954792384
75956712293457504605647174963069954282689257144462131412018244059559294062339070
73125106764194544868760185106242569606023473878838328343103762787984581096052080
97854787872638973490257117342474223225725586771315778642591362160423866242413836
72199780002607108199853450820721266748104318624729338489673761787849837571054810
42367951483979154915532969214231998635527237463200209831239353391853751283103206
50508257056520292857225248956858910363128203820664699386036367461515870291997912
63295039385594805452447836417192922256973809996140372314408203835052578623327905
78172861066856103084293473479159965567859048604255823356417457225285192078628544
33056721623343444917150078197989651655946423343559000639364169525096434866373365
59336579952329801052480346959939944781486780485961403134807703012848844758688126
79094691398107875752482194353937093163350084039559845579043608128636573081219482
78493725141902509471148310452234255188072252436382997245908805598091392507796339
48500990088957314046187857261083369298160622593773048984440875595628381304535595
78263754269322892977448267644494348021176790277507737960408236393512363637879205
30740581772504745851152698947592338079123156578940121911531382990388561014720494
95039986221276674720613205354181747821355505496893429003165655300023235323499862
11206005866777580842170685131161722860978730270966558099616064650729678353591839
70595765290480636344625452192299002840579351079227990083400771592519177470904014
90620762440262309402928813437835493188608865200462551671747920380091248283756316
04033770695475307727356360383035882409851306881315609809409814015122096614362968
40239230476958729317766092070648176965709331206413972945468001240141778785870113
54654478095193955153836110512248303184537488803938278893717248167964316379110001
43842963674438970652740194934279643408413586756794187571312867930708730973254356
34600241144833920929691915917432744236966198943207443421423171995252172587972621
56283850370385822339353694988716069027512827100386585573516116517112919877143145
89503884792079027392032540375616274843641734226541343192004836603677629225581941
45233719963658844373670458855109025995459204285876813043827935485137502798038106
63327819673732805925188427574763936259466506662163012615831792373563232656845899
34257699900271250560333938696821737772628969225660188578310876464625859182747764
84164750805450704984191395975445542038448056690491358697083891547318770797553378
79321678669662117652545584517287565121087185306565386596761112706739745765351139
41620182039230421716377378993307651659275133237220068185591612609282930240456677
10808178555047504465271694813453335499671119121291703538082109395833500850072832
21182625789936132965402764766887299687050510286140186645338080904414371094822386
81612096286713579074105855756930444257903261420007704360592714630932978406911545
36945738405280804969233474936264348981660180594185629295296486405450701942483581
46517786210299061544805075343786929909461183142951347178203750119988275941365230
89328924707887212663745384706346092019130480631537551669670179738508265920580191
18653143062112686482406093390578816371659137152763806981079492788378494540525697
54873360228284586216034366893552652058401126612160760891332811605883970490109228
36550699579212273315489834979623205333414724883545609701725637746637115082516058
76188765483883917036259315471829232303021751434929604048914699662098827438594228
09329006948814446830576732430259236969626435496082304849840854663139930211073300
72718948763475836924313643264769025545638410834434487234135001238980706499596516
91287429425536025069772122393309043935438617265616034362307368257587997159340817
32096874725710518421428070581115364316432858211553975816610146060510906279757664
12391575793149258929363350902301373159953699251600373783228885209218373883443450
22950118811907260967687297860331625941318707652035017137314278362683360976460146
17489333540738133698627041702464228458795305260622037670369054163477462602236654
50963128767140657267586533881460913494007519050126291556370294849982575097960292
17932865960008513766957362077191019359034223425722306505041129134737836893032707
73003279369065209856933500864757416599955398032739256841264853528603648716849027
41462552649986226303274187838370233093561088067145829344512041777305768054667819
44286519351291602606718370634091067741145662345482622389804530747029440138132348
84587544722311725268134362714718994741264813349540360182077365021524179739245227
05006144702094600105127796334841518141534486512019891345696673193056471641861749
47907532229271262568034294974069148046077728788927701388340118323096145508701859
92557044500564684825995313790673268474103625715147904580368391154011585480007184
81557721187685307996336457994382057808518391862512437245162008554192464637233585
67543151648760664397005146704571187141438335606440095374757556545582937532981017
65753550006430636198591191140691782550995911273538251043240764985071644281797019
49764276619822907419661353573337353022677512600344008396483743933992315446313217
38332863533170298059065841057909816656558485259880518190839645178814380081913672
89222571729655968501468817379488727870900818898493563389256944234364621125950178
35168749046813843787481902479617822588756355256758718509043709990357429775218453
30693175968395227794283824525007979449886411680722969621200814222248955203834683
16507363146933444340379123742930154448140805633175409715048535516028943771349168
07295153965676782016961540270899986151677838675819377028935046138081070745869160
18086547039834070594579125940678926155250612101763213519601790841439817630785140
11706519243969390671025835896606741862006280014510934215916345898727336587561213
94690896343521917285557225736834806295191678837592119317341236677318853055205198
11582547543543962410174754242963482261110274824203421394629935245214958872880804
05012235167131636694553667391702948546974899742547461582747897408960742167672067
33280982333872887046346673322644846433826305010781209369913727586377950508713074
04441667523848038133230569102482978199438126063714628821997272085504604275056230
14828390589487376792904464331357935700782249592118799832759160430807016307177406
04139604784032382427706664308814175343284347971443606018591195090976271651263406
07586376339419268642765040089258061343820833726734480669968109444542860648114082
82917946380317016074246271201076817982974386851168113181643939544292138829785026
82784390756822371614590959985768974118066429470737616470457980162008633909336962
97927886657072627053366583706950904955530355611474128711520577086788272768974355
49442348014138487622318086139897649143125017089453081677980723537153848376407713
36384909733599591536653399183324168091558228210647100615118942280882552226394802
01874117731941073066407238915211364978774041191109698355730285048034479208578857
25545888695369781297682272140362816258928665803235423273111444939518408074182138
85357611769350013127558363752875778509438476137574396108869937627950650867840062
28314188619869752655522983052284357644566526148755373767330745154374409906065155
38793610238700157839899236159329902062745199446424929211021381562291843362932455
36022789659480294319809087300192143408193193070938292850481254568636497435033976
69843825592868543743789932804765593407959514175545996743770999275419445619986967
96817605666703787477682170734885932213199464729068466807332592607284794654132938
79270881581742773755383475974942084386455662109841467640665041441850237399539645
49408220934686782942158902245398545389053446802416664144046568204807288491222473
94564598806918388575636903578721863872117452868162190963325500219034753800499597
00020566408619491579987990668693198370348059627595891867289462539967888556922814
54620598493142764423751710842395307179128096732784046945285148701164381343916259
72316318901212027212289601314513320118420401878121530176944743710605549764673277
30221909030204005773435461661402417771027149524940077011670398276147409752407951
33422097568574093870076168077496702130378034154957758484046644567116642386967578
75341532491234488460612169919850397202069366174750085059246884562834026924242690
40007278681756110212298146426201979834374033423187416907568132626843066654733302
01462598812568320416763521162743552056979601634237923542035620686273190650535928
17574931073199622070698109637649948962808123850707336639279886026201693361246075
52051242987864476341437922184686595619700269331411760743716055520597590744661180
32229524022620814106757520559403617414623493599333064078708709039117620671338384
08901572885299507936571155724437847145421259368144250777458318635374085444873568
52006523134477944218783954201352372796057221607095902953389431359124261798252718
58187040517846587366222890435882154694634813856947586365944248080050572038021191
96975633959960127177465482955358066579840013697225759893995339861707852701046501
67613640292489195103131401040588176518582784599842857823588892975445467470957289
88917469879195083642035416124981021169859984676222638437764869857668889062327144
83676899532533500543702912596104291601545363821476618886278357097734768918761937
44019582079453164718938884642831361739435562742524789546286688781090657042641133
06350519476080086746427926463747004819421175870664520953989966327444975696810017
41909589092616867485213286186000732439746358465346454775664541495283924751996356
84535872816682447179213445587632047341485277821977335989052033563589722199398043
58922224112187659382403550410828932152738648332787797815847518084789110375039140
63531572888181615190855053751945105099056279908546415185084249031931461429572930
25494565404955917406747793451029972559884155285118498850502138725896914730299823
10320159047792412555107261625836839255958333203003801267680722217922908994360182
73636511432935911336100595601205449651513710606036643233963237360365889915503918
72145535451822469015508194341179162001682629199079037716954536966696278320033519
36805095703499835513919277356219267398873110103345383504453004253307186392458657
38187495875314835201164906047564543572569264928206550906574085295930962269105484
76898255433606765705561598759586005015204732136369150948848949379921184298009212
70384044053659187640403445797038896611204625684377255932027376397843044523196753
91907781283582490323192412605065638001499410299221692712358543828084350376265450
78320014286612187587358540589262947653914438254175668337150246644485354002091765
02538689383048994002271922759405241507764369290560540358998214669032343520780908
99593514755972069356083779625723543147663467866161234726151778571315696090495306
06228209339241691282713018675896534330421954770932127453690758346305723173429299
37642526331292618256686263902940246181241578912204420229639153763201773562071827
13201286891944622888032832147065276540158563449784893694598526281396742835483467
05798972686245198400209292358331940370372839214306972564880054633603003210040529
84723765233638036535215276174050420599985751983981100222088704660369947452313035
72175044025029316509607309929245410194596612431282390251976301427182547985655262
35359580405778997649352388108061830748379269207232807471816023748486926794084533
43809195064155458781169270294853276431923818183039463685492215137906289623074173
12277660173033539276092929747111921795003122205034398725929347144277194636706790
99443039104840623483421403097789557056542261778170802192034469897348793772792941
60870111927296121929112393163633320092541753035669376015462509776887821089545189
14416957913625117307494242106233684414945033789908636878920197854211907115079372
57989040323458822600225428602290924488272489690884349634325120856481494218644021
68162842403600967005109514768339133319749390054219097543092124361663377850593527
57298720993387024982341568445287398090719723505284283588859458824007460604420261
10408136369688282645725958499918875551108286931922076009245059340708386513489020
59383522176243698203579839719426419316179779723971763968948224717445873643258789
14108451979759432713658071180886543572375012254748174203352251770330194099876375
00461839134096527185368948944023403002842750588898763535941847573601280349249712
74136211253668048439252809487428849127027741217929399613489210223962352960891667
75186596138785443829032388955296298182308502429475916002907068915393926988717231
57564323681286268222981947436814095751164949065554084676499981474348143180673614
43368240149590879602776095190364553153264627506608696933617114117822661966720531
39254229509263965027018088732847632991404920649844205182999489588309846840431385
78515868457384529721178193909124746607906144541664836744951032596262747437564707
89820851341862649483695905350823290633312336162643528232286589948998147659284687
61061819060031668319766216767814638587867181584987542097821023010876200989139995
61395450894805657816908257348720014326600022207986592501062462246914291245633788
72845366050451954762697290584977006899428226104574233520053402455863764291177679
40494903924217092863627044981158892240134511190922597023812495550072404760450509
87609814068378530627073326590004046018120253512414430822629766326019584745873612
79583093688019441513570842437212287367440774470744695978376502834420540633529048
98642469518728790519776398055923369646014936953030381783684447784632091694306519
27455835864527624102345745332959694141927522947159426932439104983893113705883987
90265672472067751065937463080351060091266950347231869043302624388646425418932832
46544858432569932171736037508217823221710765559558639131505288225784847806730873
05126732143431631378068360662668178860137191862652812851317672701500638139412324
80345779690224487498328119136104400307870447901436482711704664509462251438769073
89367299370937077209626427164518798637983995644577328471351724543556356594227228
45585815078085231678608774296647570965937582451803358021649134508981780029691338
46508518487647788040212067800411398233673877784523066583284676354981380098041114
03382976629477952138265132962128719000220036427275603480616031346064795765578645
28346092077430328134843004758458934846560826973135789880284214503550394468396582
87724008395627442133674593314001816711377295825485757412300050106761305504815118
50123298400905498340990060438005971243704332908130624827201728622096068106544767
66808342686126043974860453727575694111246293174671420335080304230536977163621890
22588169460565520393829080583562539016479131742445389597389637343208707089367940
10679214232987621514425799065335594371050464351166539410114916645459958914237306
52120739996134490479725956069276471105594100608546044461803010625331701208038163
14030347340059849400023568904473521475491410049923953359989850979767499654770234
57830791749266318402709694479761836914283065553653286218066267615959369194070004
67271323953161148318403155225265695453067767010615607279104364611720031599093449
11123780602520204210826005559548639162556521588654915304950957586539037724763824
38753876966272555600976620565041881775911308142574972756817383910907401607613717
12406655477751389513531132858325557556890038768220141617296458975976046581304741
33704698163826506457248060363017513989729977703129672042597801531633931264717634
32942681177411327516172050419075473129285570497290295529640908036443572630914640
90141934476338193650262846891087928773925873266739481779923782261990692258696518
72774449075584299072642167939818567279123288998375992461912765057811365835795162
66210663818959030102910205926255183359753908236931563753359369316120808590604236
77531371139151889760403556004506537434811677923323350217103256155761045132392319
09558917020758357980024032789667045947852617505921661816462157023863222010650120
45692482664254337553585854314267218214178874485316128055624193445914484785950447
31482666918364333498406757840989148466352684073120334199117070828477711921337563
01303344542528834970555564009469010119381501975694381845255338216309647552387960
77955210668017282379448159585411464568510162842838185506615864059057236763773652
56504791555234214232290663570047011155004109894917019591937981857458105123263844
22841385939896722706356174662437010101566538862358768899083161048749003924677198
96813814522734007824496762590678367985991727210736152572030235895420131093150972
88918146709354257597106304356438823674636630179930076845529290810883173424726886
