48064958850382309526659959048834810505597938900173689469418874056618802633310709
88360878020603444199184524096342615276445810774035993668058390708207356439839171
23177639162260453522011809405359707567330951216842083334550893342164031170291455
64416931138467437774845973790429549177513762749661656444632431003503494004696697
33702816457171066411611708273097532328273298377472045156195563260199988809281648
48120079594561853511917529413698391911579597703193531625286416542427821531547486
33160702771384552535649142534042670714132874847989041740471546193715275429542738
50567338112972533168533638368710123229084384991026358024273957946549092728256624
91738685873728273987434650139152444403028317690191725677038872422809622619457456
18859939241162317452515303303885773832266932201692370046248956348883326514122686
89936990437120923056595174367900927283022994799800735126023152213477586716062355
01166972315192962070414252582274139315197088989868412609761778826961979321476760
53514846354807985218081753834528226387529627001375035198845870873479844087910507
78780800298481109780255444445897228106568522057244897429891265393002457485747229
46139468169592010699396853764120803643032384562871067315758945689951203142971050
43689944524615423370847227518526721716792023801598278614679522124128972219981856
14120698703279890308847376146850688758616658747980688273239914544368528475788253
08559256424856974176606735856629821604140298615926783478509887909379352467641828
07360249842217684475595284116245017149373953998140394692854150795810653980326682
84937517163375509545963264424267042288006466164531034340600197947510756721892253
35874593755685498714776324380690678327657283652282643025703754384445315389171371
02777376967956013354419587781681519966230242936353306471852028985265088667565576
03669389631526951305124015735854182661929570537775577781463326609634062075298755
42053841317494628810525464700669823151729155449690824968233910203954959234510715
75351284978968363381547139371977759686517544414020570100219371384986364735997440
13517494987606505925285374308015704049496334064858117411787070314973771872382139
15561837497868762188338403463292845041470070355217905464504899283318823387977896
51307131746156414984978130767067345416011151782737861389504362506028968247165833
44064122874059776320570187595261199943944786068812103408166616155877545613593146
35906424789037542107157139716432794687387784138912482102038947113911715713463595
28743002392973680945726999022095815025413107066920657347864419002895484757197131
33982967195827796476224117336585291299335364061221065379353206054356859453166815
36254051823797176674513985206020375741470072475527151540892693451722715149384649
22785733140713025022852674095798256180387037321822262059308325399814594726434975
45952605117039418828384673133156206969583009230892373001637475543261862623000114
08590678979413378898506611803722492565793504522218772967836598054007367522859258
07731068892575100301149786530922270318505300051267137826732093489932329344341672
37945795024636815613814503802688534646360855257687874322197919895284234057770620
13384903174644793013444041567951982175079914985648902782107376048193322421116876
21332491768196529206325522024707318734008835148702699216285486195968446901558553
86997947502900340481534474622170918662457549227940454074224537698158336633838563
05159202890686262966805137510913898952619711584536127247644762045777595273619271
48419858530054418571999276655751192873366182064297621958188609020416032559003285
89793251917803207867172114288633633965572588397331232957469260828636213868119519
00238368610802711543315290513275840326060653142596328531211312826004710057498892
70305358484282531647604783509714373002932358429397194037191042277424719660460316
29702498527556611258309875383212905207858914918662544642281383008480465626878779
46540465446145089931363529355150588514407287462136360114918418984951685979137573
90394898937874538724489264918823323724691365087145564469791361835496821627335532
36276703129387663637702869021862177994781206290415101937298945264975739828777740
29784175105574639556152483473378327436826907255339390813269178521292113181369684
44797660602241071545543628623478354832929593257330713359409486057427780023902523
27147125500505825629983874479979161330079500033872587295344598666805185850875793
38215677118742273814562363785806240619495107272671128342995568328377903000032589
01501909005934832285197715312196871625271513978936933174044217166661970156407776
03609615792521189926589541515062304878024841795669194815046414664511866863114512
98082498739439718724437087034518249342292693075812324748714044341990009181821908
21283740800511014583384309058394929459820246729384165284943893444386531749131614
24126861540372367157277338799009612392378170333965051804357292298517527381517175
90049875005870431406920319212499183385175935181845594276083294666909275488410131
82442592828029500319785606468809256378063811666404751825385836428114210598430761
80700712414063807781092599757839949922249381856747647707519589348157954432107919
51375030422241230228333484069688956941273506271245670527443704797845870538463857
20610296396286436962660590531036223083476222447418567688902150462424740945361109
19355407604652437482325368144535412757451269674667794705526806645075020571161754
91640359105135307927053039973558190368346564861089919095571199531983127556752307
98793484549133528203884185570891085128635889480286128395098307068242512100935948
54552078165587990822617881488810083875607744219753990901548623698061936989548209
22640786481534492128895039017351745954071026136958429167192332650047464899152994
01651449987990481656206450089280034839271085072004702524982247525541252362684654
30696498471342017824717629191446806386175714729207167897346206058368410845237279
28605325201929003714464609215640853763258528422270637971453171283013611127187884
26882568794629317508084077451892127520795506051445037761181750672345508520214123
45280053173117560147703058019618549352079247477794488893119894083029713405755039
61876263645621309854926691927032835090088144285118077963858830898986752601017396
26712960102546884802391583525855981038030759706338787508998079452725957359797205
89593204361057930496505999966828520109367513805773604811861659383244282488764278
85473650743903206164297088694412588184998606932824135973636752344529805516781811
71762526384475907528302151817111931873812643168259938617988144391784387768237049
22686041831703098772632503534550151207037439166476241384839955825808544811056236
60127752411972416682284271075375009459956479153333155669681653878957580296148297
97303704743817499541185538517159121442851412780137947888890409240833447570451118
85223456282333441856453359392852310614032512879261600331977073336885220539261423
94645319287656365966391165715027869623807828813491635694360813955851494767257750
15342391733694371335986835835013125258151431643486243824156564742175787669472317
74177319774296415292147463696907384292636436067063750213477720663254931803705920
79898357784392919959290753298556758136586170783655972485173900105772218341381394
47121770595419000795094606533107686258515173843743610107833036260467546190582879
12508624785660154376309745419281456002315616282196221705174850011227560206993554
72875330965186257664837529163543807634061907727331638319263081120930644803924309
78851325553200292929362733792946184061696008789995057871157422857615193946535667
24864146795198571530385997624039138426335125183065754494545134875558500125190949
56411148315349216226696346755307352374825833003160120472494168790657340971002533
40618394121244054925123781390948760233772847457875097959411073820927811991095868
15484675198622908325046202639931256285041553279038963853251828291728448133964397
98504880216447955712914997987064092653451839655048840434835470164331899788941436
33169448608853016337593831896563023589352048664211275214175385904135968048055964
06271646756656290486764900082524402026660468180296352160940944278646806184104779
09392075193737439938808802058709733219879095137205874077679052881234039544177383
23130128137856745615250906887670132908917735295928883787217339134314941263006545
58477169537193085775834522206007410421755078413787556614848807425147933732124758
43793824718722582296220621812863385692052043281009284618697822198570253992769523
35342658643478409719471493253704955510405351016394824914719417746438801730152574
75787633894294984800452498792766594431688581603621763956696962713094018092611173
11504926557310037457096167100449412210283125643940885250164966681414591391354630
73289924379208475951070839732931325139900656072793368282718914524385499869500098
84721429928399628648948379802133598075884403380967411660927675412610015646366787
73984165381786777347009092891749896161436544056017624495404808108140445707449815
44062565182244441970941515700074725968227003925437037559927426498553328470887446
80680854190915982485338032760879385351266435163810105862790123993805402739993828
21004762855110777333695204604804214969337560710121798369103792435336377860190279
52122919259060725525898556161124289609690385975101712026107454612458724605325263
29606187953643798262103123212234791863714594390731966457895896084228027911981361
05280116670388076646463439761040808676229318737006820787866714066773271439602198
96602557712022913155644066213754246882763589520271689639097276321923172068817732
18501731300022536231815394306277288371451850436861512720306819515936353339445778
04814511318478262380192413249124033122614431376470998840509131990402058907877492
01256433394167143135679278028073263235816910139790541552897401557528923573178294
49072190047936410739890473091246153972895840408606938659848045466123220012798423
09760898398168616691014138430985225883235018122624313393407216148753710616942718
46271678230052780089354907081289065620840367364448829343721993746047068825629187
72332806314764361908402262999181383125715874993656687520859736792932635465745207
36286380123110412132773222505719275262655708629723013681114782841589752469232693
51752433256727094390222858766013955396337712262962013373379616291189326282068012
13603511795096086196708850737459443853642264819275150059393497160175888531884121
09611334298348379073840258121864728836906194006192175605098202401423835280242478
54042437539094235954769302359893768381434974133122293117913729396200065192108993
31924288316542377150762711249990935793241511043380354226193418437309932824482781
17813598485268240809288241494931111748973819878600695994648801564508125396118354
60615300449362121813490805476048084807331066760878530830584552712226343299407201
20590138663263253409145665908471382951007397863732219244584505472127324158810675
43711395743918756986631884067330984267828890697537196795674414593379724514737503
09490320584298171758809363219803379122919155739253913341776649181178619785261245
03114815958620186766449729949365656806002153628828591323086469607211701304640287
29480342106169905644390827520451797637430439218397520005989542680095776186172169
47464312250130290277346782511910847576478781561385982533525914834643419292998727
32552788952237383301208046650797522075376381629694826971153996324151835368482908
08244072741842541757177687356530109821203450305003139695585300632527359856147221
94299319066459702776205756957565938836274046411924650496232330924899325716214778
29645353311671055602274822937134834104125838279787920340518540653940798103600763
74245636813823518411933576151559873615406854293813896687321573699075751093136788
05294457622713208300619377017636627597285307970047107304965481999767224778923482
60577034849541383113199874949737752133489924729437692187596801494001127249633111
40562423577813075442679163562139622376416607096939988965309072249975398766828469
01018246826639637609608351422973486961712315610078047138280141011924946215737910
01537818739834299784936803918095368459165470673602887110102556264795610178207833
07032164939344834799970259071795291514539921904274808758190780227878247712328527
55810796269286533158868272861546899743841695293659138665530072615439136773728332
83232151519407280414011080374612646118532755884841490334282922330732663004606609
80672656936830710352540623615769452916822498474114133286030850599707976932248618
49692851675929931896679588552970089333519305205692507382735387710825506778229498
98018419406704864879306286173152912006172034959073140774878776983089478498110182
14744881110759953005106775226277488863087600522340215719549378299426454341441698
32158201150626290687925557809805247612028250856927896149924198548402977123652570
94566366841065305354212831793256359774684136039534625652844534779608577339720461
61801821979924285834426143489988719702478499724723258370580674548811801693641631
94408302625614354826237467061175876018843515722027476044852822149245704957295820
61258803849421805041139359898989049076124031874765529944864826203903881447046333
04863938105147109244216274852016238498473386498191052466729130595362896392779759
29308283962302801698142378730832872740440037752557029665485628606800750717457125
52947116441502816820823269499020502919196000092157852694225176737589140140240959
75936064845910789618097856919744756161727357597960524871276758427136592973882806
63845611987745417331719943696440237024528999095790780148669252220913368597532808
85274787975539541170812301443082365914852739323349920441648753193886771368537277
54220207035166386944792316540318394245270248010933638290509784486567036456170856
46915849494225561665592340500933841619744470571284134498851221449875210486831190
46463532912240234644021433273832046055720356645775451150470428048565905848461020
69337424944451984666476936104043535502510158227007541325620413115973974115460771
27013426298972014571218381654324420697527009820474691350260510790427884630746104
49748807076135950369524115169890762216860769198389633023578811706300205375754282
83457790837731368714262811439076523117829531053609892565851499859162416732387137
57148536178024757447906242826889097374943583225263566489775362212873701372478752
88460219655057817702718617603810430600838116895853956874701609846214318178954649
35254407079636574313001750916857361653773449812444591972932835606897217089771520
75081818174639857229208755642407927917170401653083569853406100828608643823468128
31990722995868992360587542439129462783222239496974312869612634524979969924735127
36266024201558714688112949706197883925105824661069304386891169693531628551107845
17413858382873918057457425132510527118513821597893923175835927527982742909295941
23952580456695215235869112773663062304443283493714714429077644048691276589987599
07233598410747242097742258507186860664321813949925331066303783200245762153149878
26060402273674593457100757377622176587747352725327297728502899311105522886445344
94933750243564534755859389105906739073875907916133070648268785978912417708695798
31147652896000628240522449229433167323123864836603899001382223385634399744062760
81065208628964061893173176530103874524955441859008917428311683561043910930122126
71181721737297337433106416230289652734759141596917491624456179588178394196569827
38163845389844432700404121808984619487345499208495095578582020248709592075069819
56983105398894526563032609441791011005537062573839270591040364836187336560825556
59475152704490070328419706515868229010176498820653575738138065860549510241206087
48188421902145335150668171607722910166608698885580555189353331073099377804194666
69010067890582002282467098605123209418098886875980351740719119876075715942049281
77676945477560780946319201688890710732040273128745200916848615791091377962578273
80975383263720671452375970352390779530612409370377807932498112722504063340465158
28656937372216949927453361304796238800394927724127244135200216543797102144934869
66081448780697028058952887302271480422967654083723046590365516388435663148273597
25756290973155836915600492740255707948968331597442522348774680512357868456809460
56316465999050933247274733222919879061159811529252307530821467625772020255745344
92447611236016752398978950127907780482440131017162723044082079445915563435624386
01936171515790947003345300944195532217778007254319633942411223348995793124776205
66140396142699876282317802072312183427029848491003469941977861796912682017585593
02704150187061707878415735035028251630714092714776863136560393351364056871137728
67508412750782572768845744657191756493708213000203797737790217405760307196986144
04962365357652792599675356592600384562793079888252666781924631901337052966066845
09452066193200352481001023567850512424668521023884151893252649732944835760336055
33796046854593685207356617207559014068118085825552333506163869106493421806024067
35467904429110739609974307481518865399619438359261351899889868279013423453590721
39031196880000927539517594570305212858203596237503079403427840078622383280276289
32408148106578777813397420973250739414143795123790212854460960647432110453567156
51527360165337321824284458637028300892987620007827640617177977746742490950291387
05095586431280532151741554415005538559700309089934927986990903418905614681222210
58020313286641386040618081027858159555974751437373554829269454553513453725770835
45655482605013082660054743625089510475916232472738663306980684287284571270926423
60665550306237033419965276745684825195704241609500463324338959950479538670187191
51991626271932980666405626956515236509358455347059175544095970966181261585707739
04977162372855615766804658747338742938361213140686159398458426309413738314699644
96591385556426156324550248717514888718380573801965258101528926203899113824625539
19197863644640125248096433803736288162316201109379710075871506226324379501703110
24469998029826619799396550136625532174411193561878292944048817943588432744520255
98300769314836269585295942028262690972709814017425685356938338147749568134429034
01450646736485991964546128366185634016213923481181083235706897650226546158697215
88447869825865754901868827009579877077300683637229693462623367858989414087189162
12934958331066329468746560746547931915892744350154860537960585545121274424860883
75763619416079358696446362783568441119567887945560630513347053724003179521467964
60665150714973096431397820916453195656915763962298278201235685911690851821941462
71500176660973825823941370730552366881621024901255007696042943463969737461190103
46508676879696665093168120664774312352138574501532974034941777468073371490179818
83068617380093278205987088302935692614535606416560787213872030403491036801779126
91178131593193591566011976308157789772928301328369778168468292629777136756188128
89171186490233705324655522915785816085575379531444890575389661979715035147422656
87283635435879057447503085547338358237117620912139516546057886077385819859776273
61248205033835488719713087298679511937699696960887536420892119546026489595844209
15286756181089787983831368407131415217098925544870544988099951960573122720440392
30316559033473322166970631276864731129450915104866642776870499837620783848454293
63947269496526738922041286240477877381246034680720524633054317597127787906665031
66534713725921541822568525657608859970698192074664284770211119713438797120456884
15024868097227805055115968949724391369069628593055852739513248603516175133945275
10070900901971682395840961109078738302153495197028921883180776057708718275159983
43853718196531461829161216840692242114395628155025376821147988683341298010799623
29832901438474215486258329314111391712344287011118855093960733567900111941683546
38253722324017794963583520382763252128172043769408716622395632653373364566909376
81805934623808705019332011691446017161595219799681856031770213616808075605797256
28432135424586587301816970816144672473061669448105927338106593935357145785512471
78919157184102734319250660207167820524768589371957790503017984877327947813918915
91793174555824165171872634502284144683381982969226868146484193043480759238288309
07026359785127898730998031732429519558277069498773659014989217333999475925694082
28979738769769154747673596072981033249646990689008251502120513344029351523551917
52712411308215946139772672253658820254867686170692144914193321801635254500675669
87634151252047373543421780483647915945371392370800687407538084645874237569920472
63893689681081998107501924305931097662145501546586199822902821854859657706916388
83086504375097235687750289688011931112553682992680902572597695297600694846200962
35419972030612015473776533883624340575490483022818074657721406654211583386550767
06558449296136527656527449294487121400306534360984799312855257361951656688555881
36388247065904710234532738416985716591076332651388007051602920373502446173116030
35533235739012717036420052940730359459324002095629765347394840762557433899606154
76121883297419054213591535737433772629796272537604538895195330934981598460238909
73251459888896820148728896855533025010757370955701382075457286689531826349658462
89385469173749764937489182873512122445346060783435878706904352563776536619835247
13036456074058486436334852859570128201918437812213892485894407555903215804788267
41135433905707618232597417515910856525905706223187072733912044591913888881536419
25514273887958430532516611985298693066139558201660379709379773737326661621214314
01683492071368861815466865996783774123213058311186546008421561246053232109945977
49712102599596924540811824627923121681947779390263380454746656951261372562307393
20100569656030355453609552965321204311856021755613436605043324900537184942081345
36233059528270798854116892929664664642271150945761535895966973987957543535679779
18603684752148643007836683984284393434244564186883295648917259609201903314478044
17774636431300866863989707896343669381884485663347412814919884438818272752531021
13884529077181299768338430501846757842487714895099725465919485606678479327160386
11547911493289430430757904716941991975408687639347471759055578079089201336053387
20909281252944680441011087601859098559059390529207709601780471267042451696165808
55105793921613327869652343578209021236181349003297042693388100117736955519286764
93825089165470239268843872115362884826401332580571871612834916360969780416665395
26781568099122670234365342716260071801285966999283960716162943217746220471148713
28158692152095081023004423082098801604032550944608245429632300771958967723683150
15735165885035147474801444976657489839073820383249589601624008752300429273057348
48524345116565218778225778403300338700971421028244207305010431485280174357940821
66581526251671600128117612617378725153300429002769882901173675328808631846428600
99507587873377672185256024400492199339288591007098407310643571883816469282143139
94079244967912654535402522929727733521194942243925041174136570143220207589154116
14066758497071133249479383323269075800600350455275104356927596849101839103953703
55509723335254478115653873365831240642972728804650688284454321240760603960222836
18944646006501234264840617180584256962272585297661814955415482388776318911009153
00151161482544985502378054064431409130002755530160100505829973769817039943915953
40017121907005840399501928477129646268262933633831585267721403453532196072401589
55576182661628811293616053769328495303424059487353114711239137418764531955778441
30443457287772881246250848456168382384231169942873046759421717878842991064884678
84046311704974036582581157112771949758713849557903604173724393977750950877957374
53201590533523065928137271695564146160067796616933214381082332761721640780810016
85462817314742625620583216178636828917762245734747138155087715628100082246001692
83651359419566800627383625913423604974205949958413802866960946887775376857164213
52960804075007226683794410860349219373527603635872657207492946460922009694008082
26519247004873266700210537887186886782902380713146160490945279750578385630203568
33405376764597732811627996547600423484259675492740952183103493291767552517640083
97752131521691807247820985592591172375230952311207995279484673150113199227774642
50546374705785228381205166839363893975984958849886818860653363616784454289805193
77114413620092585586712344623183669237354711653651740028936329560995434705422424
40940075909505271850524153191507111532850414513124794804389882593518681312405795
26949725378028678711525114147255593271164399733610176589393208729339049411023570
05917798818368242403768356996172480301184182506986462167045023776064892978857172
42375549599605001206684103229538116284478255854308481743503554167835056027600354
87602704358882410804976071544535383535141248257915568414116653456695606181828275
81533429802289012504065361959229322618723555612418288413197275615896839549311583
18282169283382115787989294358034765616906721526911802955230309242921402020629372
27986523722053869006405149009179430541040095493748531109278325368451268072521861
28993405320331010501379329449810219225463269127708956696230785132531115086656126
44931423079401516211530604089447259709567998932957809985200309606060304016182862
08963675711013828621933936577129102254733194863353809992077971558563492575693824
09871773905062270105649343223056875879275111725207101681627032139010740953958052
80643967225737119814370118055219136143389249280067731867332672690702845690937698
82018091433610746673217194687954916235949725628122987233778159406897263932115827
50502679784698707499091253403764108631968633023264047254875754356360269125019650
44930890310099613309741252111941123515147330515152668374714459813429043341168369
80979200736887837123484283663391105671614825427513059550768108936378007356516950
43779411394012935981267919810077548732560529664590372217574836400239978914011601
33344182685127032537698665356582173940232417652628772827770750761242989208791096
43031193656659444388066445794100453231597809092472060829433717259526867021293913
84593613583588623488562389557918415780648431722405492258063182791998360407449963
93474517506571775823549310454860846805289893079619158801530346914018318708302669
62167307137106969024095245367693998190823819778095255266416629627544141185759994
35629597566886800587593657690000813509814067402088303287159570356877996946063009
82594284891500420163153418774285468519553091844358353425285704101023173647031416
53373195345971303212023005832224625166458740487869449033262607557375477628943003
11916777390852133375167800164374367946039049562508325996358883789800526866248023
39759465205919138366761061733265744255429994968498775642148005885438432297467738
60579838816577684933714226855891023724649211877243680851308734733301033043361095
73257413261723855013981225771381707435782927881525334701406357808886861192569631
03207006459197070564196455229491079163584237712422715914042368867244444995323744
55717755156166335987675684762521171103287135108253703843364427421388618085696760
49208995455168098575252038956058237641723385951136679722115632197586957236247340
90399068454196569194348899811137737389597294045527551064984810176857569711109967
60507810593848296308607828961257211416134604508376069239831848274508788496082398
34611689538710286206915374815128264530647038323938539240636497146864157309951910
30104964592302324320234555375421408954847723769564316119455303837765160244759940
94844847606398353253364176170290837423347080482722306454716662565546543278184275
54890904504009396140805812337626555690511029493319061915870187125588867694491620
11113637395129317499379311560176838846583425905024257044853695355778377095330560
87358072587351536673936759435971285214896769284209643825148106899278197972789034
05986864457698798652850472898379748417838706372256086075301311868988587240252881
61689241536238787738703282655088490031263171536492456122904099418049375815287185
48809120224864892332519223370228433428608134649622491172585646917924224967683895
30862167035894764055305869754170141331069160138503834839016303554063251541757839
60481597469851366364995876643258933775364118915801659534138539266497146922983040
78211894180059688702912007112422354064491635972654377931570770731431379014036583
08007160723465348104478979165146704705245995921055397538748952276351657391956995
78699240700435359051365187745622340268080778639954459749173109559160686962213980
50057666255309200129807665032545845992899813357456985064956719284817740119300591
05377818641282027133169217270871928535618519085358681661504771929738843033561115
89345255194127354024638227823906476478341437676927176629309130948123448174543884
79112579863362997720566685074378174895776647560283195182785394445915570522012000
44294638334230810611348939945746227173842570405162428539521560442468934140465006
66978208131004923307147999064980446321816774622502714161591673262806160732545905
26893087319308016408910781412101074647528758713339380071326586700920423827608186
63370477386073169722157017847861167196933489868131254570552832685639960317057212
54466478705701717974172386173775994142383221485078800529988267716037176604448140
08959084272081561731691318278827724495624241896535362488811726934212169565354675
04812888902438043080468689485810362544270245338962444717640198622732180503320581
78131019210152836543590441761640041942568612871397188642836377092682334277429502
81392168867794353205310981805435647780070689787078041418932489487652227765868514
81196790256456181260296464925530961699757118310991926522471511576811643161456838
76945089894829347603564112887044117662322068605737301824907233068828030366166907
26976491891331094721661624720662250823574482638983917550617826556052611446992854
34241964260799477845975210421333507094101313592860805548708458361767827058924424
20850355442821867235444046482949731397966024670562549470312303741072210322416786
39095333213291815661901127087276031969760408181228442404283812414197432068434893
23439148143016211747713172743072856311167822383345932939039590693973376476124649
99318092662305343565127022089928348315743487675526849309992479996846801912258174
16134148629491594307953061870989816739123050966576771979750714746258047370333627
05385595322588252284007892354673291072794019493515611424052929795601444055739375
50842777203074071734967565935025778776740792191689790195861775677476744793274400
84588546476399483516179755855912269684447878293172122470646867320413499628955448
35032439093179959590974934939504197534601708034875924444138124373880840036502665
52057320172411647686974943789456570636208459068202329450943429562293301198591159
27111061486773943481261399168946482714553621295589272447583377123991894216359591
09693918813733293548051937639565635637912798010647421715988741132085756050889669
47906933702437325852042340726059238450438214556144050459953755029134042406545264
85290130610277072704885982180279889624330292528964815911508439494868450197444280
54104008502854479072825511141265072138525824883990351418496781113667274557484775
65403246286749861242621906673904422502937264147170756447135070687810331798934432
14055025080484552346469428847223113266821057193431713914982661117508712136688985
89162619274690660740147381738223146025055093718341751021454447533663146351213205
04874484800671625520160210981521902893654505137094586269621345716737181872310687
26787854169144178422222044673093470769161882218934314797255620390215704717567760
09737356416069616669613394736239506617846929509471180515887863385887311887216704
16234541376893476170492176812377629711758880921817595428878241193912164424279347
12578232719075805055918153283222095200661867828565632873398429450040456864609773
59162869405575741257954285415941432619254532819836938491209009280055178073728864
17695152164523825424743105544066964672609308945004452151841503399271822997791445
58432762447252463903617571617800478472096596755181310313250905267473009914048981
04209158672012559598072216111695440150037680989541555996511098143263079862287270
86015213692915024785718060509412058569064128507296973051758904721610761214894148
95220315772871346134302291709336896965145060887834186310672046600212660271939763
26912520594980175690551999493066883280871201062526188905617044580950344153400752
06027514555869858677351095515856247717101303596293587740256247488063024708609201
58029097061960781959947388773485678165536871909034519157494048815682520132401075
13270944554625143941577789855756148355323238453193629593742787615328968868909159
46356661090168400934674366407632395806057879335386382959588279179557412656907336
67315552422112519215985166049485734069447924122287677351954308219730797962920753
91319688154241875124157967677783775589011391475843273658596399724283739452669833
37626767508504917465920654102934132929169410899860205115617069296511409291093433
80019994576394403447751468421449855343369286631007563294243836850386659820234111
77625009460426362962515458236311361719123638574269273048678899139162822069550904
75388566893685705075951755380167636610443817670220845471561033890865457159491219
93994051367123751302154130717172111302241332526028106941892265612232145829549717
26756605989105519354529381693746763691396751681689281649125052252355133720059429
65168445363872619640145460677166014601673895804665178495837267534652290556319670
63055138253083302952239495786758678645359603117137094315570631989625783848757980
54088236406919112276823221856737015783127487796677198533123405893708091307211125
01019836345981598684741084103171209737713325774110467961635693307782963896650083
93399519316697512473660309817171951921949708149027528179314386808865093328521754
03939715556888329120466745636397391795708084621214374939769743496345581083862593
61226389715938392035927858004423502961069109048294279260538751192079329397160152
59633720276901667891916704885174145630163117049638310754619102306313578850828323
02424123359931250025901845677575782807594784655854718478298830080182082415008556
40010106336264139359003098366377996695490661788559470484402188794748336275896341
55037188173320064038479622317650061923978009785436163678456601530239423517348848
49228407344547708548350396673121158120843358479032526601734686373798005670978598
22809453537813320318874826363027482828415098470127008254681765240300373910490774
70414342922226350950269065066078935317063699096997543368393409738310316994497449
52523950240285024392949777948502104795217809315562924148616269364101235287835230
12004317825353395135617979527366610075539626423342466614495360076173304295883254
80926875318994728025407829921318482045047873770499044437487947347499917939665792
80756707596589026585327923184115545395860209103463031410544250782565838423414972
97483839149903847376735942381229644014005948186563629906626098737688525293349041
68743595123482236779033277076128437357835451962650292819239327411876998386400645
21174148851502423560586228093492195726138754072713324166122894073313540305311685
44698002472244264202614196743626621367680775778263600098923554535025171741524812
03588063743267780616918305254553569180741445742119770240013429675321232172742645
30233828630288745006698066271557204759962684109721395362391701514220570045064311
55664751584714601441613368796658770332086743028422891019136824579628189843083318
84759087549452299086925883154825943775630414143322909096941856732958550150607386
84357933313665709029914128056451808710756120157589760763122268677133634879161645
02353909984180537574648372921006464497835244395437776702349293664650686118439365
