32404 65202 01992 81385 48826 81951 00728 28697 01070 73750 09276 66487 50217
47753 72742 35150 87482 46720 27417 00315 81122 80589 61781 22160 74743 79475
10950 62093 85566 74581 25251 83766 82157 71280 78614 99255 87613 23529 50422
34638 78789 54850 88576 44661 36290 39412 76659 78044 20209 22813 37987 11590
08962 64878 94241 32104 54925 00356 66706 32909 44157 93729 86743 42147 05072
13588 93201 95807 23064 78149 84295 22595 58901 27548 23971 77332 57229 10325
76092 97907 33299 54505 63883 62640 47465 02450 80809 46911 60726 32087 49414
39730 00704 11141 85955 30278 82735 76548 19182 00244 96977 61111 34631 81952
82761 59096 41897 90958 11733 86272 06088 91043 29452 44978 53514 70141 12442
14305 54860 89639 57837 83473 25323 59576 32914 38925 28839 39862 56273 24286
27755 63140 46383 03891 68421 63311 34456 36309 57196 59784 66338 55149 23161
96335 67535 51384 03425 80416 29198 37822 26690 95217 70153 17533 87302 84610
84188 65541 38329 17195 13321 17895 72854 16620 84823 68281 79325 12931 23752
15419 26970 26970 32994 77643 82338 64830 08871 53037 34056 66383 86829 40884
87730 72176 22688 49023 08493 46611 94260 18027 26138 02108 00507 82157 41006
05484 82013 47859 57810 27707 07780 65551 27725 40501 67433 23960 66253 21641
50048 08772 40304 76119 29032 21015 43853 53138 68553 84864 25570 79079 53411
76519 57118 86837 39880 68389 57927 43749 68349 81429 23292 19630 97770 90143
93684 36553 33359 30782 01813 12993 45502 42060 44563 34057 86069 62471 96150
56033 94899 52332 18004 34359 96725 66239 27196 43540 28720 55475 01207 98543
31970 67479 73131 26813 52365 37440 85662 26320 67688 37585 13278 28962 52333
28434 18129 77624 69707 95434 36003 49234 31592 39674 76363 89121 15285 40665
77836 46213 91124 74470 51255 22634 27012 39527 01812 70454 91648 04593 22481
08858 67460 09523 06793 17596 77555 81011 67994 00052 49806 30376 31413 44412
26903 70349 87355 79991 60092 59248 07505 24855 41568 26628 17608 15446 30830
54066 77412 63012 44418 64204 10837 31190 93130 00115 44705 60277 77372 43780
67188 89977 08510 56727 27678 12471 98832 85769 58442 17588 89516 04678 68204
81001 00478 16462 35822 08385 32488 13427 08340 79868 48663 21627 20208 82330
87278 19085 37884 54691 31556 02172 88731 21907 39396 52092 60229 10147 75270
80930 86536 49798 58554 01057 74502 79289 81460 36884 31821 50863 72462 16967
87228 21693 47370 59928 62771 12447 69092 09029 88320 16683 01702 73420 25976
56717 09863 31121 63495 02171 26442 68271 19650 26405 42282 31759 63087 44753
01847 19409 55242 63411 49846 95080 73390 08000 00000 00000 00000 00000 00000
00000 00000 00000 00000 00000 00000 00000 00000 00000 00000 00000 00000 00000
00000 00000 00000 00000 00000 00000 00000 00000 00000 00000 00000 00000 00000
00000 00000 00000 00000 00000 00000 00000 00000 00000 00000 00000 00000 00000
00000 00000 00000 00000 00000 00000 00000 00000 00000 00000 00000 00000 00000
00000 00000 00000 00000 00000 00000 00000 00000 00000 00000 00000 00000 00000
00000 00000 00000 00000 00000 00000 00000 00000 00000 00000 00000 00000 00000
00000 00000 00000 00000 00000 00000 00000 00000 00000 00000 00000 00000 00000
00000 00000 00000 0
(end 2000! -- 5736 digits)

3000!
41493 59603 43785 40855 56867 09308 66121 70951 11919 49318 09917 68946 76576
97558 56512 35319 50086 00076 52178 00342 00751 84635 38361 71184 95750 87111
40459 07794 55340 21610 68339 61162 10379 04199 17752 20626 63390 17968 28051
64719 69749 59688 42457 72876 60971 03003 72611 10953 40241 12711 88331 57738
81532 84389 29737 61302 11063 12930 37440 14853 78725 44607 96102 90429 49104
97938 88120 76251 16251 32917 00464 16689 62117 59020 35751 75488 98065 35778
68915 28509 37824 69994 67469 91908 32093 51106 83638 24287 06352 22685 44339
21377 51504 88588 10403 68188 09099 29291 24971 41900 50893 89944 04715 35147
31545 31587 44150 99601 74267 87508 74603 67974 11707 23687 47277 14398 89206
83691 61850 36081 98459 71809 37844 53523 95850 53776 11086 51116 23631 45920
88610 85574 50874 51394 53054 36213 71189 81508 47192 09442 63742 03275 02999
63337 84944 01477 56714 14680 82420 74999 14714 87835 96697 20638 95467 05899
60178 56948 02633 88767 11287 10680 04950 82740 07171 24819 47638 64013 69193
54435 41203 12786 60143 47925 49959 14353 01206 53103 40662 55032 31020 73835
15021 95103 14867 36123 38739 39509 65514 62159 34901 57899 49944 07231 10044
26924 83814 01414 55487 87273 80458 56023 56158 32043 17945 95305 58306 93351
24689 07212 46151 46848 53087 24031 26796 70891 13548 98273 34753 75756 89936
51763 96424 78173 34625 10879 01574 34373 98920 49226 70983 17033 93210 71763
43983 35244 45760 40476 56540 04144 14699 47998 43545 54597 79938 67028 39428
51341 31889 13165 69531 08485 13525 09400 61477 74047 00733 14065 41794 42800
44366 91903 68546 92708 57271 70164 80115 12057 45244 86079 68773 78480 36606
53009 10981 56390 91294 11063 37156 21540 90380 01350 58671 62426 23339 02434
16662 87165 21228 59027 45688 33504 89792 68693 69792 87837 68948 41436 57386
64369 55075 47396 48822 56222 18338 00146 00761 19685 92176 03234 80846 74552
16330 41173 80043 31144 22592 62436 90558 78291 49079 73885 75878 45857 39828
69539 03023 83837 26588 24276 54306 43751 77578 97215 04507 13618 01730 05162
84244 76294 22748 57556 27828 76349 87671 95281 36891 35839 18824 49928 47415
91683 13033 40321 99946 75208 29148 85764 34586 38323 13545 20507 59559 12062
06727 32969 51386 12299 46586 07527 31788 44524 49865 34816 41692 38844 88906
14958 50934 37344 28898 14884 42732 18171 31272 53389 15345 06581 14382 33812
05875 37980 86050 80889 76175 38828 96252 93363 37504 54549 16860 02672 29591
22552 88545 84482 68665 53243 13011 35375 48124 09561 23768 60780 07700 70793
95418 48907 14946 73778 54407 52830 78729 88103 91294 51219 29864 79370 34512
57436 44558 14597 57140 82270 59863 25165 35290 65845 71123 58527 02119 33452
98110 55683 98809 88409 49803 46185 07802 52730 38736 78404 21694 27237 98046
43042 50045 03080 66370 32760 01634 19214 42805 70880 24308 50567 89210 86469
77455 13953 91198 38636 16719 03002 78146 38013 69324 82332 77159 51805 96193
06950 42378 36082 62057 08872 09297 92979 74294 04576 87733 83198 77444 68554
42948 00321 74105 66894 23710 54502 88704 19611 91507 27390 00031 64201 44742
13323 29387 16180 29555 61400 46028 67400 42288 53898 54650 32802 84285 15122
29602 87957 41801 62182 32360 98320 97144 10470 12533 06731 48961 53236 78873
49845 53949 60439 70503 52347 76621 13959 14519 27042 21222 31426 99869 20874
63520 98068 62243 54813 37619 43951 31942 86811 34865 31562 22817 32149 76481
70538 18461 55326 59618 75302 96478 60116 08722 63640 44392 22576 01926 49461
09168 85151 01314 39455 74398 30319 25571 54162 15144 24691 22370 51914 90978
61849 43615 09631 09933 63959 45617 96593 39685 19586 05338 63117 63241 47066
84225 71923 94742 53172 64795 59749 99328 32472 79807 89647 07530 54014 19409
02006 09712 67475 31863 65525 40321 27577 57853 93069 75300 56595 20820 74574
99471 89814 44537 72248 20788 84433 35118 54560 15688 53708 18289 28952 18300
13965 43769 47286 41877 66657 62815 38973 73401 59410 54368 14354 37346 13424
46920 67070 08278 24236 45557 45088 25566 70157 24275 28103 17141 64063 14106
81384 33092 40272 81318 96088 48130 40665 22616 95528 25637 18386 24649 44295
68885 93938 46726 72369 41994 75571 32054 60182 63425 73102 91153 53532 72880
81827 73021 59678 70884 37293 41211 70845 11580 62996 76972 66601 66363 52769
59969 02150 21221 04954 25956 72785 93185 51626 84471 00374 43462 04220 03535
39120 37383 93095 42069 50214 86207 39065 31909 10821 34433 42514 97896 28423
61985 71674 77384 81260 97443 05503 62508 66354 72073 09712 98084 69719 65377
22779 89316 02005 60725 05800 75124 07494 44816 33922 14398 11849 27482 81978
65517 84785 47749 19871 41384 85042 29038 39540 90570 84203 81372 77135 66770
35650 41081 78052 06950 32136 23352 16927 40531 01534 09217 61834 07881 77356
74646 74907 16166 00653 23043 89026 39786 06550 90053 09872 43544 56893 15601
32994 24071 12295 01545 37715 21051 94244 55127 95364 97121 48722 22193 72928
91598 33001 74239 79775 92530 50131 88378 83494 88423 22225 07318 81639 94389
35627 81710 28754 32588 79455 88577 42780 39071 71663 81257 90379 81491 48445
52688 58716 29931 01451 07332 15554 77326 45760 35916 18429 87083 23237 56883
79171 35073 00602 67382 92294 68708 10307 51946 02037 64381 38677 10733 37793
12582 25735 64355 34577 16280 40304 80925 78590 97472 33413 93290 40722 39860
00544 82692 96110 39364 01275 39539 89939 74200 21925 26892 86225 64959 27913
63695 46983 24731 44940 94297 49421 32087 16963 66281 29638 46191 37811 46092
10701 03301 21199 34264 94166 64491 30310 89849 35353 66401 83128 26831 12506
57838 64259 06537 19701 09072 76429 33053 47512 97336 71692 94150 47870 94924
17781 21534 97949 94497 32358 44513 02100 29720 35999 35765 07730 56369 69505
39990 89125 20048 10120 09056 96331 44368 17919 42479 63563 38910 24862 50773
36724 93998 01723 45162 70488 50149 43834 37358 26440 05348 14749 57421 32887
36484 79589 55384 38363 78275 60143 33777 98816 12685 44624 06494 13441 61191
08952 65332 67616 27660 22113 08792 11665 92437 94965 34838 03023 60642 94981
98554 10143 11566 60173 95185 39426 00867 31985 64586 68463 54427 30180 02229
26075 89767 19219 83675 29528 36515 87155 21887 69831 79990 05853 12151 86910
37776 67688 36542 91247 41982 60994 34535 67152 94128 23837 61211 55556 86210
45458 38103 55154 40495 37184 70726 36321 85327 75486 50181 10026 21331 22842
98609 26112 15957 30660 23932 07747 67428 00909 46267 43221 38805 29064 30677
11276 96401 37359 06251 05105 06235 68241 31765 15330 30775 35897 51345 65147
42416 74015 17470 72083 91018 69989 99327 93649 10892 68792 47397 05814 15285
55439 65954 22260 39190 59265 82563 73446 76406 35952 58389 66981 51198 39598
86603 68375 30420 17990 32818 59455 69412 55051 90663 02854 86953 33776 82984
60003 18080 93822 13003 81022 14387 05746 11813 04251 96191 64059 70456 03518
31217 08151 65864 73565 56540 53292 84117 48628 95708 28567 92300 05352 58463
77061 28059 14520 35546 38993 21278 75906 34962 78379 75871 35258 86182 13252
26357 70383 96202 73738 53249 08353 68049 79900 85701 52248 33034 39525 19734
46533 42994 65256 52360 96742 83455 05237 39733 90237 42618 08871 79928 37222
85366 29343 92408 95762 91315 44421 06573 60920 54818 42139 36589 38677 15542
84247 72751 00166 73435 77430 93638 94844 45647 64377 18407 38743 79471 00786
71510 70449 55465 76262 81566 13755 07307 63768 08060 00318 44296 23397 78082
33311 35978 75771 36983 01281 75716 25671 68328 72815 11937 33668 57894 37109
09774 85812 22868 12682 41223 17272 68118 49752 07863 45310 74953 31708 26015
31594 40253 64536 55244 53587 95203 47452 13429 24891 66445 04804 35535 22819
77721 98197 18690 54884 17689 63987 82704 78206 61269 21472 54861 82478 59626
43427 91902 74503 45299 47693 67997 21728 51654 65591 79947 17890 67885 68727
85744 70084 28972 37782 34763 08074 09195 12966 23834 64278 39653 86501 73246
65850 19214 40916 94630 37126 55811 97700 77468 25620 35198 31878 29135 91013
99781 73036 35173 76470 67143 83992 81029 12244 60848 32051 89832 48348 85513
10255 39721 58318 49316 53670 73227 31729 95431 75077 54756 34748 12732 09566
55431 85187 95869 78172 49172 17008 65768 09890 83278 30838 24043 77379 74455
34252 56887 12898 85551 31809 67012 49785 94542 90609 62737 05906 59970 78417
27384 20721 60557 67890 60565 16769 45654 90120 38816 57758 61939 23092 43629
83389 54985 72798 74523 39809 04998 58467 48485 03995 09109 39883 42104 24693
11361 78759 78611 80309 61087 74362 76499 04146 55167 54550 76136 65725 91499
33761 14340 24376 29102 90384 13588 85313 12591 13254 48492 25896 00718 48511
69390 19398 54346 49415 48378 23383 02531 36877 59900 05443 72233 29014 62568
18409 59988 30522 52158 53285 99833 99033 65954 18932 69668 01632 65899 35823
46632 47080 32402 04297 91357 42575 54985 49372 89619 20916 50794 67199 71214
39832 58155 39458 35125 64801 08898 86887 05688 27112 22628 73403 57724 18424
80323 11730 27338 44222 06040 15609 24207 95694 93204 94380 94024 65562 53030
33288 24165 30203 80060 41288 44438 48841 89129 39398 59717 65670 21150 16113
40121 16935 55358 64984 80294 15632 38279 44757 63150 42685 73426 98631 16562
80093 21645 78165 41041 18990 78396 21075 86051 45091 52652 84224 33647 23088
04690 88426 41252 51265 84729 13405 91951 71754 29115 26220 02229 75698 69279
59124 62096 43630 57052 13309 92164 22258 43765 18891 93630 32985 12232 82950
80612 62005 73565 55421 31835 55838 28931 81387 95940 96230 37927 77230 34442
34323 41561 60355 85905 02324 47527 45026 30869 83141 41253 96371 75441 36118
97269 15865 07167 22308 08343 52955 78401 08723 60273 47001 11878 61462 33185
43943 10570 58483 77047 48060 35004 55688 50206 02730 22225 63976 30738 93998
50249 78155 18267 99169 94164 14554 03299 09813 19050 66543 58156 65769 15290
68908 18620 41384 44091 45635 52912 42064 90171 74364 30473 45519 13759 22914
95328 29881 51808 74007 67334 86997 69532 28714 50791 58444 87039 80405 73767
35557 77873 59393 78915 77147 95602 33407 08456 39231 41701 18392 55523 46181
19775 91567 33859 55919 26527 06240 63734 27776 02158 46511 03536 80579 63320
71489 69426 63358 57037 53058 29676 60822 42084 65464 55855 66678 89222 62761
99902 63961 79263 74578 51652 54091 87566 08543 85966 12219 44248 72042 49600
00000 00000 00000 00000 00000 00000 00000 00000 00000 00000 00000 00000 00000
00000 00000 00000 00000 00000 00000 00000 00000 00000 00000 00000 00000 00000
00000 00000 00000 00000 00000 00000 00000 00000 00000 00000 00000 00000 00000
00000 00000 00000 00000 00000 00000 00000 00000 00000 00000 00000 00000 00000
00000 00000 00000 00000 00000 00000 00000 00000 00000 00000 00000 00000 00000
00000 00000 00000 00000 00000 00000 00000 00000 00000 00000 00000 00000 00000
00000 00000 00000 00000 00000 00000 00000 00000 00000 00000 00000 00000 00000
00000 00000 00000 00000 00000 00000 00000 00000 00000 00000 00000 00000 00000
00000 00000 00000 00000 00000 00000 00000 00000 00000 00000 00000 00000 00000
00000 00000 00000 00000 00000 00000 00000 00000 00000 00000 00000 00000 00000
00000 00000 00000 00000 00000 00000 00000 00000 00000 00000 00000 00000 00000
00000 00000 00000 00000 00000 00000 0
(end 3000! -- 9131 digits)

4000!
18288 01951 51406 50133 14743 17557 39190 44217 37771 07304 39219 70645 26954
20895 97979 73177 36485 03702 86870 48410 73364 43041 56928 55717 54672 46186
15435 57333 94261 56179 56996 71674 52848 31597 31749 88187 60937 48280 49804
19576 51294 87206 10558 92812 97880 97800 62059 34295 37705 32674 06244 53884
28509 17439 51756 74614 44473 62378 72246 94361 94575 92957 99001 14212 97336
06589 98073 97771 46972 61205 04866 37259 36337 49040 40660 97966 63717 02540
21348 80094 42803 42285 35594 66496 81316 26016 34597 43803 57717 59033 94733
17007 68417 64779 08216 68911 84529 32423 00334 14145 49780 18325 98218 51840
65522 57097 39253 00245 82738 98291 91044 06782 16870 88714 95603 50190 58673
99966 29879 85348 77747 92317 91957 91416 50440 80548 78974 77030 86507 07120
87883 76249 86576 07334 04494 14854 57836 73833 01715 70635 81941 27400 84985
56040 80473 30519 68334 82408 07942 09642 75187 53888 91152 96655 52239 77239
24887 15462 48106 59788 32100 56205 58369 60477 86579 04771 91838 80543 19251
51398 19542 96741 68844 72461 85021 25040 22250 10116 43301 68185 88036 69018
01776 91461 77971 31043 01640 39570 82747 34701 18677 27569 66064 61102 36565
28765 13873 57041 90876 20069 71458 04692 12523 68210 66805 33717 52206 05745
37755 74525 92208 65393 98532 78523 84144 83140 26548 80230 98603 91087 93978
32189 46129 58264 79284 30739 98555 48838 06198 74983 16336 40196 21120 27560
86016 03917 16077 44078 77687 62196 61603 70275 94548 87945 24760 57492 05543
46409 58836 64514 96029 38732 44842 40980 38014 80566 60012 44152 93789 83149
63095 54117 11388 85615 69494 31492 61344 70477 51351 64165 60102 98405 87519
06208 86557 01836 83850 79131 73957 02861 35082 14646 53600 46944 32790 77733
97856 87114 04244 77408 95092 16727 92251 06609 41411 71641 24674 43445 41400
11889 15966 54728 37739 88670 73979 28188 97314 76208 25689 14041 95221 17791
94055 31140 52591 58538 93238 87452 92324 38682 68301 35904 88647 22922 89993
84848 22892 54307 62846 76145 23292 51922 26876 89180 21978 83771 84005 24629
08967 03260 52491 03621 36627 32113 59765 15358 52815 01437 96798 11683 62630
53229 73397 16122 75184 89613 95396 13129 32900 84492 14723 19670 37891 19820
97120 59221 95513 91554 68147 04778 68237 34877 18946 56082 28116 23038 85388
70543 57316 29062 23784 72322 04531 66394 18491 79851 70772 75839 63752 54276
01452 96183 56744 84434 49888 56988 40692 46855 08257 65131 61092 59665 85339
56185 44561 54229 04829 57422 74725 12621 87997 45448 03139 18262 95221 11438
18906 00683 20844 15580 88271 22861 80065 89059 44410 88066 52992 78785 46344
97487 15867 57709 83422 61093 65906 00627 17050 09724 81399 44414 53985 22756
87062 60972 50230 22919 57992 77299 92184 49547 15690 88324 25535 69256 65713
25156 63544 93183 03933 17518 82898 64439 42138 97160 91426 21397 64680 83518
09694 60373 48729 77984 14800 26999 65137 87044 81998 66167 16294 92564 35040
41614 68868 23942 14445 91051 75033 48839 58699 10405 20752 13290 16842 67316
85638 37531 51891 83396 27724 06615 29336 27236 73056 11554 18227 88867 35139
37454 50810 38261 02827 70612 15603 30906 01640 41624 20051 37331 36545 70111
10200 33195 77878 50221 69191 70112 07460 87228 52376 79994 31915 90480 65162
39580 62982 82945 20352 27119 03650 24265 83752 51219 98240 89725 61171 10591
53935 43441 89851 09241 40413 50690 47109 52751 47306 48502 06463 04313 71185
92252 30369 41621 02639 27838 13435 54019 58005 31988 64543 03447 45298 84564
00170 82732 62324 88384 73771 60347 83363 26662 57921 91376 01422 63205 76487
58807 93523 39155 27562 81794 23786 75243 91988 68000 56209 43473 14076 85691
94232 70924 64101 13625 47954 99159 35110 35427 47723 43454 44363 66313 10499
63736 61654 98946 54981 80892 71646 28050 42227 03822 21047 84062 62602 74801
51567 37784 18213 16292 09529 56863 68619 30041 78633 27530 76430 13230 81902
43597 11659 25163 51322 55111 76258 91947 16734 37553 32093 49169 10573 99902
09660 87207 66313 38715 16530 39178 75357 55420 34817 45199 54013 01599 91933
35205 03257 11764 60105 00571 61153 05748 66936 46826 75265 01431 02232 71762
80762 02428 05617 43559 49278 90676 40895 30573 84890 71968 12258 40400 39669
81556 24793 88881 61565 85043 60478 29617 04971 39776 49594 04751 35844 58569
14581 95718 65335 73207 69035 58941 50776 64772 79941 56425 64195 37555 17727
96548 60966 75384 22223 23441 85537 27988 87805 70854 09208 42219 93660 76115
47883 59777 43979 84908 51148 03127 51237 59286 79322 46601 88593 76889 72917
49180 35729 71856 50430 73506 31260 35278 32174 96299 95702 20011 57223 86600
04677 28830 18963 16627 34637 15186 81254 33561 73550 34123 33101 75600 81777
14471 70656 51750 53852 58772 06906 71396 65478 50626 38983 80526 39438 82180
36388 76899 91615 38645 43293 21164 71146 39256 29922 04259 45088 92919 28261
78053 19256 18148 31115 12590 88519 86978 76379 13607 86607 99208 30781 43327
52984 68534 24859 54714 85354 42079 40898 54693 16764 43201 15900 40444 44712
66030 94274 63760 74187 98280 98572 92874 38282 97343 06879 42030 87830 10740
78476 71558 94363 03318 61291 83748 69837 35992 93267 79562 06900 03900 34854
21405 53208 24477 11655 93739 11736 94524 74295 07544 51694 88356 55010 08544
23929 03096 71634 01348 22350 36740 45821 83452 67108 30392 52095 54788 59202
30317 53098 15706 25959 24161 30388 77053 54495 70146 58616 19542 89529 23420
93424 32075 46126 11732 46383 18070 28621 72009 62482 88525 17861 21400 82429
44903 16246 48169 39278 64521 06564 31141 65301 92247 83906 03806 28180 06434
25849 19527 05341 70878 12317 67324 02654 41652 40012 43145 79955 65227 33191
20562 16396 14127 79269 32316 78363 18998 33106 81049 28900 45890 94729 47317
94016 38938 53482 94079 36092 17575 89715 69809 84916 12254 89820 37875 46124
09105 78623 87229 98744 21317 38499 76439 10624 22228 39573 60997 51277 88066
12809 09246 36967 47923 26056 95222 05088 61243 87564 24828 08175 79330 37039
33394 19122 48321 65950 38833 79316 26643 33991 31920 88808 75361 90303 86928
80834 99317 33881 03669 04985 13779 58780 17644 77865 79135 14202 22949 86073
82289 95728 06576 34592 83625 09694 46785 93378 34999 02113 17403 35832 73676
77358 88237 70959 18185 84044 13460 45760 43558 00639 18587 95688 80861 27034
55806 41548 32456 09822 46645 32422 11458 36537 63989 53455 98016 83261 11373
11620 39500 06872 92246 61509 38226 72864 83841 86754 23039 55164 21339 16635
36072 74996 65907 37898 40814 40926 99675 79679 31657 75891 42999 24919 55485
86063 96295 42416 95575 75651 63223 82787 41933 21274 11993 86187 09482 02062
77490 94917 47375 43463 20653 16569 01298 09741 80688 32467 64053 96671 72535
21140 01080 14099 98318 49447 05312 19051 92035 47525 56183 47837 82383 98583
40276 53379 23843 16774 97383 55049 63671 45298 40534 14595 03765 98809 45929
48191 92486 09620 05036 52538 83541 76130 02983 93363 44770 53826 43881 47912
35363 93444 09528 35213 24080 65438 02505 24144 59009 81152 75384 37786 34021
30083 22933 32432 47340 00401 09754 28182 89506 25464 33140 91519 61292 31928
78635 35740 38244 57711 28522 34353 30549 93071 87252 45641 27962 30629 82185
21662 30420 66100 10638 48846 11503 61786 15183 25951 82055 01321 02380 35059
47347 98414 17644 44506 65502 17093 99474 69595 65730 46320 19968 45756 99957
50319 50401 33138 56886 83576 88342 92892 74419 20281 61012 39071 81777 18536
12534 62008 88580 74904 09523 94064 71009 09885 17960 38360 10124 30537 36361
34664 02118 72570 37544 13192 61567 13123 81686 52234 86418 23596 67285 53691
38411 22976 95600 98929 70909 40917 88659 28472 05669 19045 71596 96145 86468
95132 97258 90120 90613 88758 44360 18692 03894 74759 32753 08526 81065 07554
39456 72016 54757 93095 72246 29573 40194 86771 57237 82500 55402 82635 83989
55090 19254 24025 69164 22227 59003 26850 03087 32001 72326 58420 68120 96813
89364 17485 40343 19152 11170 62465 64733 89655 16362 71748 41162 79204 66475
47242 12430 33805 49205 25422 37647 09125 25778 11952 37624 48368 44025 67357
09362 16945 53920 68757 30684 12018 77796 64758 45150 86787 86539 88715 49667
32995 69221 25442 07529 45753 49368 53900 66352 06651 02592 27858 12101 92104
84601 65948 46265 52500 03942 64201 94631 54926 67174 67048 94545 76610 99372
20636 68720 93694 96983 08641 68443 70464 85292 90604 03682 18708 94719 48829
91333 82340 06765 84552 10867 39136 69306 11854 91593 69734 83307 13195 06680
87266 18868 98225 39817 18963 29288 73249 95093 37836 46316 43846 14967 69028
32841 84136 33400 61846 70970 03827 51534 58133 09877 64931 71693 24983 67217
07632 97353 75182 73692 92852 74970 68121 77960 68651 63943 69260 65968 48941
14368 36276 29169 87317 11147 39189 79463 27757 06536 17740 95268 69936 53813
63483 69630 76261 01634 90694 98691 19031 78859 92773 94237 96596 58243 91059
12599 20458 38107 44740 47934 24045 50513 97671 33605 91833 47571 14969 76836
33200 58851 51231 03081 89863 89033 12632 51192 26309 58481 80583 01429 76314
94729 03925 73965 97743 37307 10968 79402 97813 70079 68734 00566 09528 12492
51559 13792 37431 13469 04458 48205 84542 77074 64900 47535 89837 09614 50995
28793 04413 28833 54293 36365 39386 09785 13787 39174 07815 81325 93877 46356
75248 68470 79531 37403 75647 05935 26505 83871 00164 60823 64842 70933 33145
32933 14172 53142 62510 33304 70996 81128 32979 29836 94287 72710 60085 19184
53837 70650 89964 54657 90005 42260 45271 51470 77137 45207 63028 79112 80209
43082 24402 06070 62823 08208 67885 02630 37733 35144 47560 65285 72190 08330
83634 02386 09203 56321 35638 23184 84421 99514 10743 87149 94254 25501 33039
92613 91550 10190 61463 31967 27199 46976 81701 21209 09761 35983 02048 32114
84971 75007 15018 45554 23280 15247 64072 30065 10896 34938 64309 80526 24587
31715 88659 31756 89747 53056 73590 88332 59896 11923 19881 18696 14000 55356
29494 51404 50806 11421 44904 20494 48819 54171 36403 96713 22868 69444 06261
56228 15233 33639 62795 17485 46986 28808 09956 04193 83781 61336 15697 95267
13793 45435 43190 18535 52613 91969 59277 00882 86344 40008 76478 21717 26908
27913 24493 46924 80711 24588 95951 88154 23829 52497 10206 15661 69481 36102
74494 29416 22885 90295 91798 53219 20885 31772 40583 13324 10104 17239 18286
82208 23926 65571 46168 64221 01544 01086 97439 70036 47170 35621 79054 65594
94493 31700 65175 29198 12405 72835 02437 43610 17977 69508 43633 73226 47084
62554 98368 06753 56987 51768 10381 75206 05779 48972 09850 90002 59507 89264
75029 23912 44032 77040 71918 40104 86962 84421 11609 86922 95214 49384 30963
75696 34087 87147 93318 41079 04312 83898 59949 63982 78449 66881 90643 90893
63948 58404 59883 77626 53245 96884 82999 01455 26008 05726 27872 65309 93370
92686 31265 06065 46084 65620 22108 45053 93267 91317 06841 39088 99518 65628
81070 86701 94485 20765 40792 44417 32133 22321 96041 18022 58149 97707 98839
76373 69268 80495 50104 09293 13907 96086 20689 85675 61398 63786 35546 18182
76369 29266 55687 49282 15481 84796 63283 70471 36636 66842 23627 30097 90537
96897 33790 93662 51779 53160 51746 41027 98319 75339 79165 17048 61188 97983
41564 18998 50573 23840 20730 35007 50526 69695 59459 47530 81616 63288 53115
72351 60935 26311 87129 39372 95573 98993 32179 45181 58269 65807 36834 17584
26027 41842 35030 84668 36981 93879 10993 38635 61435 05999 35495 97333 51421
79739 95915 74279 62068 89856 58458 44938 75193 80550 46851 07321 01142 05022
17815 12811 84041 37521 25059 03613 29385 14699 74272 92035 82950 92058 11367
39588 56222 47504 95081 17521 88165 62755 21376 81095 61886 09556 64505 37276
34697 88466 06797 37487 36658 75910 55480 49054 65823 72000 96293 75447 92963
44115 91556 02311 38432 51824 84503 83276 23479 54001 80535 65555 12225 36669
39079 93170 67896 79775 62367 83441 75290 79488 91802 48829 82812 45615 59011
35124 82344 59109 22309 09649 42393 39917 14557 10894 13238 49548 46868 05093
35203 77097 04937 85006 63671 83942 42326 05741 61555 09029 27006 60962 93813
08087 73397 87718 44277 30148 33232 75475 57367 83313 78954 71455 35129 55719
35818 85962 15868 47564 84475 21923 08284 23777 75601 27212 34731 36878 52185
64362 95326 30922 86535 13916 04408 38713 01386 13284 16662 94775 61048 57391
74072 22093 60021 06815 88247 17926 85083 15895 91367 30214 35966 25426 55370
60385 93255 84391 95052 23140 87154 39952 10720 44463 75712 68651 19516 54835
31243 79908 70830 70940 54424 15158 09139 59415 87048 43980 56720 24828 56647
64444 73626 04252 96190 77057 38740 35446 03365 86792 21463 82253 65973 99300
19746 68174 15720 62425 97452 55604 66292 09551 59966 31179 12609 70294 43451
76608 75761 95612 47872 05040 96090 62772 36276 90457 11709 72906 10664 11540
89876 97078 47042 98003 49820 33351 13630 87796 76287 97462 76677 03893 88802
68487 48953 20143 84816 32037 71785 44620 54861 85998 66846 36917 12088 36027
93194 05865 85994 25778 51551 97137 98214 40768 98492 11487 92915 01799 18547
20055 85845 24139 79243 93774 69676 03951 81014 51697 71286 06342 35352 47429
05752 60172 15156 21292 40720 79683 56199 67878 38301 89610 55921 62237 14805
62682 71460 30855 06932 80618 79379 76625 43107 17428 33007 74923 56369 90700
12056 74258 36156 23360 75475 00827 78953 79090 71263 59629 49267 63891 07543
95759 73972 56047 83995 10790 07879 76630 71024 14982 67599 34524 98056 94328
47819 40321 92262 07098 70175 99524 15628 47651 95847 52248 05057 85841 98211
79909 20308 38909 20823 62251 41975 96489 27789 44163 00881 11797 23219 35484
77137 53084 62882 88833 21692 57532 78356 58786 89201 06488 65205 02198 55276
42612 79565 27593 65359 35904 80522 05587 30696 08538 79351 30221 53293 80382
70928 86725 66169 55266 01977 88055 45005 41776 52374 95531 99928 05345 98966
23994 94012 87401 22786 77451 05258 41669 87084 86626 72454 92968 78568 41755
08510 91049 29137 93478 55145 69911 52291 52275 03773 08973 31020 05050 07906
90667 14358 39262 11554 67539 34391 57986 01330 29544 40393 24222 71218 97504
68963 84482 25210 88205 46415 27417 47916 93426 07101 99272 78518 52052 01646
21127 27123 17482 77979 65928 92048 50823 01853 51920 67323 37236 82248 31050
64290 21536 26845 61847 80096 22824 73315 07641 88329 30481 58436 51352 73089
78367 27021 02302 36273 20228 37364 58026 02496 00000 00000 00000 00000 00000
00000 00000 00000 00000 00000 00000 00000 00000 00000 00000 00000 00000 00000
00000 00000 00000 00000 00000 00000 00000 00000 00000 00000 00000 00000 00000
00000 00000 00000 00000 00000 00000 00000 00000 00000 00000 00000 00000 00000
00000 00000 00000 00000 00000 00000 00000 00000 00000 00000 00000 00000 00000
00000 00000 00000 00000 00000 00000 00000 00000 00000 00000 00000 00000 00000
00000 00000 00000 00000 00000 00000 00000 00000 00000 00000 00000 00000 00000
00000 00000 00000 00000 00000 00000 00000 00000 00000 00000 00000 00000 00000
00000 00000 00000 00000 00000 00000 00000 00000 00000 00000 00000 00000 00000
00000 00000 00000 00000 00000 00000 00000 00000 00000 00000 00000 00000 00000
00000 00000 00000 00000 00000 00000 00000 00000 00000 00000 00000 00000 00000
00000 00000 00000 00000 00000 00000 00000 00000 00000 00000 00000 00000 00000
00000 00000 00000 00000 00000 00000 00000 00000 00000 00000 00000 00000 00000
00000 00000 00000 00000 00000 00000 00000 00000 00000 00000 00000 00000 00000
00000 00000 00000 00000 00000 00000 00000 00000 00000 00000 00000 00000 00000
00000 00000 00000 00000 00000 00000 00000 00000 00000 00000 00000 00000 0000
(end 4000! -- 12674 digits)

5000!
42285 77926 60554 35222 01064 20023 35844 05390 78667 46266 46748 84978 24021
81358 05270 81082 00690 89904 78717 06387 53708 47466 57300 68544 58784 86066
68381 27363 37210 89377 27876 31279 39036 30584 62160 64390 44789 86982 23987
19297 08896 21161 26529 68321 77550 03992 42196 83703 14690 72644 72878 78979
04047 54884 16221 52266 71928 41096 92369 10449 56597 17363 52948 40022 38403
81120 64482 02308 57671 10450 23061 74894 75542 83097 61781 72404 08053 24809
92780 93287 84055 48619 93645 48291 21187 62582 48802 18917 39779 00050 21321
25980 43639 24462 64607 70511 35884 65951 08675 47058 58339 24655 22558 90354
74435 98834 73831 78988 03463 30084 58631 51020 90915 09935 65382 00109 33047
