360553187938993187183874645148978808864589050563094756972120580712389864207429
128077588106495747361939942193072503758508863992126163310485936750997695887816
465390459311344612695734553861190380500831588470180098421227379259468689235448
632836811418505848733613633760642423112112129188094330458150706088353573506573
733557956796023852310935109337000098238588402367278438391241690602766956622224
953590137744656635108061850265991757849697100027148522186359221546033669248430
250391297663200406904300385153073654610405134873565261223693733111583987418037
519648507294856951192223221646669270733592839056953737833625685045457682626201
152607116676289141627916056677614284069823123886017307246986538910240924230734
260911640599116357185135735219315637272181402547248729658221697194128014791534
284595082672189064038541950624301579794028309862264323266160925451380694618004
638617413169000904299650168519680979341212881546952361350029022049537089208794
619782765249404669069232098188295597827506230600529548017363429924334707141418
115649814697511804851032406834322819707853593689288476131889206014756535766051
839087446287580803767320866042054504660402108990778531741725154519621611376663
404840888953405670526230362444287523319663684277627536434380944720203827267153
505327060831779370961131843621879350343848982671293199762223203284182668230140
374268795896800372949616688380254088392278601398705598379609000174531566750232
024993229990101764157720071448108990228695839627706750166218467444593667277552
872203538217485670333651840851317897510646155560055946375454731540647055123773
389283903535225942500596765199751434145859732217472477219391207303341561181738
031908153000771084997856343059907721819168282209318116165857324230109459819244
319094083091474336386846624787512506930936126717804845240442970460891911800588
889143700359651702285568652570957473515684018109903975225274736648132151901617
739505709656132708467466006979428815944059537337008210224512376693052157127185
479053205606565081238056736494227003646096933549733436489250645620803066918999
323207166725844185331000412871042936751207062791467116309182885177818662126872
685720519490811036121435538249103475839744132005971683164335537723996240726866
477836454028489406384614138904099087021860552457696986451175311093708732939571
013740742782506694822005579138014417558304140134193087331526327760299311616514
778601031804237711719185846509964526336356034750488452507867786984409616692812
399603614376930070786598220154067044789255373872509859862326207400569345597766
652832597942257904884039681027451291265155815536490527179141417289620881105271
332585232594308424417751354306910349060244977585052278071079761215935582558329
655265857906752708504873406708754194069450502633467730586662162248804698999009
279921151975971790410147114005377633900585621514987387647076594322679809450746
935728721171803844255269470049120942305146970350388341009232182391826155861741
104041532603947343326199983455881512779197680277437746805182531647470507088879
209206503433491031820391785574973695556779470128880599167738410907919774015703
775249567319899328433373670013992684533926426367047728081752294365217477928160
988409730906421363963522288691676319962899803620219702923557455790658873023343
088525852207502197488183711260782723012610606955830876289607362110649985428975
636500987684476509786114235764306307769167529399251151697153086707054040096640
437125702375807503577016570283724134319064388180300199091964711264308475035333
764242327595446265736125553248091417415787418483390289246862605903342589488908
130133805681594233515149824674750718554565560740555311162632049728035498962629
416057205251875711492179601000829397722307118585489863263524496703279071042233
792337968561347722002360456213292188674445829515716530115296675255409059708379
739375924155123389075654064885683752162281537409401930986206992476338663129519
373888707081303736069357486535753780667059537587944247347262631540979410318919
198234430813893742791805266641141746081561357546673955256605730547866183436520
446479675093525361953654733212875744750782731858183147176721553829876189200030
525196379024182250717287028142990964981171001054700341058701630355174050920515
817741806336750563427043103851859692040009096912443551950649585479254561844326
938967413335544616933833508719699576562289216340820557996381486596626728111667
334166598222041536595755759693249212718522658249967216934044037146666220276670
446316415702401310422138558971650730184563151028269757284281988122881466907867
270977977200152788519285169768465152781171520686650692911225665194891434651529
009165817234467597400499867921843545951230793819541123603458829071092608226637
180344071422726709633190044975305859086649080598127014542824855886926848224493
719314087394636759620269363681495840551146901377532278512791827445333565501232
911657729634919300190689396157222909175166593247869281389327963329793167210703
412985153295924911769285682144849215715901363438341891723253848828409763814059
215160574879471697326857008977530674780741421560736214605045893058921967582526
949331774289461005080024098009215452642096129966018206671053637308578909644465
563496148066514751011207620336190778869990181682565516678664622488805813851966
166012099507365793141294351472687360559128369872365481545159722000588893492680
894865840246113262415567074141205632113075634873756980483663692961892014511597
967520834619200762783895641283052303376373525829112299730643531310549353408416
654017377451317137617316325973056686924478779280842485187250905493778622549261
631931870252904260170158458948247791437210032891347708077236841834492750470955
230216318428643551196154329902296056140713810035031023868462076248116533140353
311486534876098386646586043272144438510671496765456746725472489102237810521982
574341730777835468088269974654292064465903911267507248309201707830209413083985
297601995914551343587805252748424668061696761260041377543689401794630891376694
084268531082316764763051079644996821574902439787393571637112616726695695118124
075321414168777801846217824944092764492841245201227761883160965176912242172006
317257808207050882494893139365040402845240694561717605759266404599713689108084
747046191702185093551589529905007068477056146166140520365609097611530951607372
245721319800893028040240717727655485727549917036609891583441312602861058588270
020326902511476745554005986570833373083373590358112456030594181641685850728759
134181848432082218899019290463796239289720460099965194636799887639626489679446
557050663085077408466173385080777345443376898414679645030949253325660264241970
557189789728650302398628397918295157463171193159586816769284664448548641476307
255508876937503201719119682083904286916967612098958492328205156048060824494997
396705895457807797136404883100952370403429081906884048623635453274077679051179
535156326187786706450249639412968533757752208757124537485728405592325213719355
615686861237531679245474713224543439028334702330410540417216411981194289304764
203586772520256884950676243978779376401288156313409535877625178718477145538173
132163162673973584165949204779682079720152104274441627565097201345266963214902
502707263460306781250385860795894152473049423506040480160204692460208149759963
263980381585416682082942415824380257669847980550238206960894665052952607108828
856550797339570696466820220070065001153920050232927218614006156364060982785569
969402916580924713303646781025749060775786949918036844501025308498953364730358
595940588665993128848716278867034869762163150574913494270775370832364708490458
915350491750822369957579774856979010038397553269022854809906064594848536622236
814224667888712928764668151321220462603069436542284829988378838984529713235771
041493725815296327180971835886940997573403630548642810722532718779623867672857
758298419164096022291405920792707952455161774124058644521640025361437840867400
162486933549556356553028297772640328461086037586907775253591482092983677821869
738703745103592170277916538222205817140867036358053623997448559899143164513229
485218827201623310642347348279644494977108249925631592507022241471019365288282
242848498108542342456999004672354507393947137189491353364826246065808594157625
558308365678074136302958650707416907392938220689714605697282895340834653132210
945949349631281075168366331240123941413884402728308925422207509092378030982067
035010193933148507285039270439118082966593744739220340469310595405045800346920
055728053133353203389454391812822461971582410373463774365666214628009456578124
027932868148354716256327308973546938294144285325671617758093899232656088603801
881599382288325222647911353963342904566333894100375346824604607537209720864649
882177188554569823144500274925154774059166322376615286449174215595872569425932
036634434413455660022540020125596629578907739474128184372543468756984722750265
238508651759364767361399933613958354706854717696049796795994970531209313715080
909831968138285405695746743815832509636696566347414226614828078707529634677248
253410273358383162985400998091528058805314025161699542832979764992001014809103
190572673012129996202675041951251934298135142086875951295953551171554973995579
283079664201063320606686260952372224807553463981607795539985451440053950264195
099841126470748684281406276089733731711893806613672024421935616823436690202866
139345699311472925174577775087273963719799695018822470767528479739867293118431
741740139945458793239249470389500674003064243011918668178261358359224788576484
831561717133535507283826620349307299743137363763418035527293036534265553876325
890646111861723129076863566491992286392671203241547295343697804702792671956858
866116163598184406229203786275957723774727625642901537651487587913966339768780
963945761696926969447992413000333055759166940105612248030335796964471532745781
139095420272534591462819329674191781595215369889926985327643221696159237628475
248369332064155078588035309341271397982242567498002929376448513416571662830928
132604059461375170468867546723549642252493377538522947612853752792271542493484
506929894122977911837279735634305342577876108055217145557039478891425543184368
846291237194220357915963010985722261083375659593457063791604975738487385373838
315624500862534362191674450039859650156812862060575760641493427904914780247762
100808931141411963888186196394229727118775960234217482480510782879126162194594
788641971447889095284942114110538269375904234270243221626461188955669594874879
334542519732777274233345903378326546836436398238948106690497491613541014004827
820558472139463693574364537323055283477784997230304790875915177119647882141721
761715624408204483919064863523363700297849553240374883838994417681277003024592
489833564858641020243020316797054254862616868023237634662673468143175717745064
862701752975592874188338668301306028926764819386827767154919007219336466156483
861172909197865089136227984555371732649658383092684635652288413781155442218277
005005833082064824261605511434414681937432129264906761831037679831067748551340
622520106070456235829841079574742709135790609576591773818784423657221749968902
381300665483676276465511485178027728968374723127296233337667607469071181890201
486482151292016342406324139900773157946787952592510233540730498257373914285715
402835488298249151531646586933593637307209073873347291313895238455774769775946
888322095229276644795561276669932090144207811416333183521884394295136417404768
867796317900555619159000613364699544278498870723102602702286583851378274865436
405899987753308301604028969255338535582954159932046800409526519288721368539681
655391548585265416718670786719304256277069185308150806463767947415993712099292
635360075527322419001239566742407801623765829496599183557071990159581168069157
429754930089717247250132927391182524690233806712397041464046651584983530269567
539122969648676443492236554064464196646815466652380708913989369222635523464632
847368330289758997597342661796961980922972339846740115805196827918094813330638
086537585707151080485007688116822085347553752781942930243545646030325823405712
362195070321887571255776491927844643500118487029008869607009050231877395130038
845881681270083170002972954668499532334821673850151548008108185055242922815835
954541987517876352270978803104443851031047274541959286314109029938414541820995
940599824139789706821477158969357267474011030843385192496588723027395568861552
988277943847806333857325287269599206600065137233184931245359456513778067190882
025761374516515523373922667777049201306869979113594981983150326907704394307219
350198961969836586659428991603868260711724539467432505695288469357075690913125
643165343483775445108043532237758435780303880585497469739879455726894205464221
257655873249055851251836780052586936630013389980581585557624950205982958329424
111963363452821645142486399563063285941429184600707068878427153897620701891894
989577705864786527545429009000771003476630382838012184720881899660028291698158
970238411221390465662023665270496607350252127770231306727758720046822728471576
807250501736188272384307960863082007488044946917272919869532868659551328440309
184388043214423423383995134838109550510753128230950167921313619339289404540716
956818445726215245511542225409729448798789133305968371104035545999419312302466
969276851073699971944417754118034895399001053716929817102625086974332963040864
154095341136645076608034363771060273524523286787416957087692678921608166888691
995312089019328273417243955570588820393703849652577945731344719318620728132409
572019225926378563112592616967953344665267703299343199081866654601624501014304
152463470339291126721429561619101776424697878832548466598794896856590965350972
849189255907054847162563470099048569179705364066568477241321214580044419456131
419451314486490218619081368811279089783561781863382569698677038384182034360144
875166791601540909701838349457376343103560833581385292652593299145905498547317
588124592167422983216081603925137744439285630799569735023428259268251024491962
689360391437473005459628823262719431902293795126283203496133338997092410234339
430446742464006220324820677020560288976351131137172662019941437571692707228304
856469558549990766217188158626826384200100098043069421466787898580969131001591
741663978304925575107093055534853528448571009189426988979187179667728052601348
331175832130924987586937423056308596661604973939551219457679295768156481971410
110683732849684774345696092208383410414763760066975148621473745731856517249048
749757747644803530314395513581092710547037109500791584784557383475871500645714
125178529346965496594591349089801646177266290002974339180645060171731604661303
032701724043417715079128032437918143576221227096164373685764650608114057624498
893219584554859217260430988177304214103125918234608694880965281238776426648047
738134507025578591127376181426607793767937773032005163255534093812125074224007
786268201464398800798603086528669105007249240686679203852666323755123174189734
878003856933565179158192843688257129227353984122212189010543504275527862648299
962241438162039188079719881400808870474034455950535887351934317121072782403478
982333417077117412501821604643152661321160466747923649708070482050023875629976
431221775230407039444058912322238025749634770349002041683528207165202094535365
981771113781485447000445494281441300238591032246351579053277588706634326853325
447295378604299816129505335890858873849222014920882988852844452573190456630098
965482914707940349863960816779101094347664882676623506290007672433870854189600
711854498309955158002445474113471021656604144483348655685389754221921310066835
702816426401067959341548295990264470957021438077661067709068451297070090273672
493409814080337721799243278602472878180530046512623367496940879679224874919916
031059615511072865771568945868984138793540913514426260690098720975497454996835
674479250446339330224266372761934936880692483502897833204509452151601174192265
935954833304034592151111183364886578374920834982902570427399504932262684256111
695945752581790096671820430933900789929969537856987260130797844921362401581010
547841707400004973523836360823032819777322209552017814847711725003026742104773
916441298462295352077237978014093399397280810017749036895331935931803982493883
990578852294727437014718066678537019051424902010023327204656760336481268231879
613652157148165732139388118552087240242274168156597459376609423008621531777090
318852525055254569933087701797059503867881437643044487643200948862377958602393
357510873485052271484912347335552937008686080273843437937972985006581634148307
861284692990223152138385693540540239172176154011534718830668317686049195474695
698442079860880085646428758142225616690302332312291147297600054528314345782956
017300538792459776930125569338932298517471723893449667183694666072331852309476
190085071187640590872059012149976154591925249064872495195759324467705486011265
776085334881316941453236596216239132743058499661186297080060617003254885019700
759673724564481365947050008692674121586225552069031950463553212703397844285841
359660926771954957940444705825549876506235931947763446154481350514093924079757
163949853481625032594395927852451638711996939362989382732409099101834535183326
493464240238370515878535346064573223343089930153283671876632207748760736624434
980860475842318654286469696193998245001932823983361499472847170422301725503291
273091142797451428657270260407350978357609351011989155736098082262693525485720
055607186225778280102109553843446203828754214893991174126724198720656654447593
777664892552828028713409972184451649722484107937937335248552754768856794473945
808528556265625389712672315880764267607538090602981040415200397038008264757714
779106960389942674350560008915746161726728596636579187732348290614078310244144
618845206045797672063761044651404945072846399530184990404954206919464148064299
145411184835931317518474938109850737407156953277336691648873211120358277869989
623671959791180949902164184825642317793262071242420405120291430852787355536253
363735075697482571644258014505518547911123708584843724437638327028013495878489
619927392182022636147745254946707742091330531798939094621345537622211597694975
040696723732947670704487275334096234721509995006787761658338150643928049915504
848425746431924216305644014269890534260685765980392939002122760121033465426443
899891176376269523649330480554543458995025373319578572426658488200684072733478
597578563198561933866277054763451485447563306758882632668466727085516398782512
603963396783270073798796378657881246470506223014674975005705074216492203521709
160001829062031789948335987926557078360885535944558711235889690655573103376076
011598182146181414736878662167252719882487878307284896802474765763471851486108
507964492317198496939867930765116466279963475309077762199893196290793884251960
261171415453016638042172766312237512884195808775639542669216892547794691763014
171750409968716088562299447415678587694360383848860642652938396642475279827257
141851089819367116670066771018592594598295594701318556978461441369752591290712
970988101836054825576775071237423898332915405834671441622126965382585510502620
476450296481588628818259175896073031871518197162412881726525568995014000705278
221809930741308820803515535493453314810082450781908319757915269775251307446801
284500049048280881024813016632224094744772904137271026201849057120097876931046
508270313165171911339276457572853388173341131896674591559079404608757756329249
083877271720930631237743700973982901569236318388357241778357461049821656524140
771185213063905090499775082217824921675460664629259107262561896448364377674263
475794863427514877970505538227961142798627849823295109161510411592998417136515
870820329206265390615915438326019575992287684786564771792381869823313528545011
188381134511354797363882430845226514340789156785937829446986581848727355804659
551174570895787832076277071093264475443777182261618354960813730095424987895448
346028805982797973817093067807054132145780852177821203818820222112860597012188
618849023825242040874788460782907751286792117787217129481292904271358265875657
061423024161418529733578043493045422517001411616390208114112195369701951507709
976087806771484842457624605118835826482676549970404672191508943612866110772308
066631794840335806131267715711420351780592475514373869530396634052633368493312
078937682395961710320481490065798939484491326263205872984772990454592729104386
919512695078023913358291156511040471321552277721429129701045551994997084604901
156335076349048943604730004008988733841430604098794743559146986815866179716952
720777305550785967508562103656799540561724351340108615372952961313326872907056
125189081510097022639499858293823940041153496024198808427157312491011642240171
838578937070857446733504709540541472211548305599102138939142558942614344479867
887266766005630188737666427258348643418285301831481316631076559413383153036474
766778095998090753272849464416467068992513214480895607149309094846984574067951
494054145119070462691552259903558357667752752059940849339308719592035208464634
971154594784884686803609881596004142201087117709595937243933821585109521748857
301620695298153233532765610448299064770437879286921226708055525807627262452346
499606371505757863910986833602815462871218048468109002733078479223502054879920
156608000173517636518628785266255745223488050414797627613500322493102526691034
384696038141428231854406881638722137962113178806117590859484910649314467334185
145811080809332912898324170082141277135857086358926163206154847721130853357354
239720561757845510123542230227496637140813540634275858190850863613498367638817
683305292340569162666909474963355435527843737397601097647906886519699509713937
475044288015282133446112572039674217646061333090817535439535607993987027793908
188193017949467144072566315956159658747787439803775568489547631721226516362188
758763868820208110243807456047547495861337841921609312460923082746129519064334
331543493025327849142153703607412223834326466453816140644349411763951235551018
853419499423150941534298071392598660724802049805814471456908374758791369942313
596553963437718075894994207756696604444652106042507074841705908761838619267449
762427578346755583586880911386493821974140550159634823039051637763632195814872
121239838133732445088346599048590327981811863245323943333092479757115453102725
662741780972303352359281739854075740619436194955038676519442420207117353802266
543527593314869338146338575862924319369825035279164761870322497147663343451636
772370933776669605979262333733786440522112404932560296304195675725017474817907
564115987308100099091601706564378818337118729133195199549991606224891645999143
878239827696990670351616324834670547151342715527573764472078797522268798522544
919633928229924273814259667726203979088262839471796116870037127808573144085114
170018470087751599943648936465951431920527582838158995677746287981697185044414
717702835134224915963061242183556819551702906711201878268891732115510010818545
049909993842472207904390937441013242490970957601837553365351324237507981488828
782559621907816742205088298974768301900736316284656726392493911844984620630831
161933783189768363047887205046501142154022200228456350322781603318350772151509
754535444746560070207799167070244250755172370986135299868313849912248225764893
816724970731782754271574527419194272097282145859686387192541030527724218931640
689309970477057216755871917727326963708368811748931480607671009938035947860225
601678537225503167843587189836322702122434678060355605041083644162781179035090
407031520466907194502503242681386959164897823792285567515531929380939106811890
697740493056456297679713156711415814987463186942497981031067936899102725379703
280979728880309634455733268469095209673865623421517964439745220747606560410153
980670120416163875148591875910791999537994346657897788760108163716530465827702
901568360820529621127623497842709432822133655168683410216286812709432171007877
145855493048796254434873235268777678425103573187695077210184449473608929192403
232321178256369030529156277983353974208875177955512711788661502972795496051891
298569676081288344192339195624875984613522007100642395791142843456226832516204
577452513613701700583456009944062995199132748265746800562735403395258969617077
383514647659089534946822280074199904798800946776777914559171833304268741571873
210920061342300472273456101201324879867208807338072300175293419832808071689305
934760097131262455127927970393481022962950478190702506482627178564796846967101
811089739996917589641806970171188962821214905505599925948494251525983603428798
796370156647192228305620636319248246158044639773081067732752238248524124992844
179572381507841978305419951081905745704828021905415782330399580340879510767236
069583066862558839397084867719243309468374795540195684731813866252847119275750
479488655352603913197117131853623165578055165833981731933126328610325094015107
124829079531736401056600821308828132311191303349930496649745972349155706108513
171416234738556615432742962852388468075891617168634356664342084969819680488612
149249760802292980296716939433394670047503123195575661519190660036709970635529
899741695562944774828195136430173517404551291390388848356770182305852751334648
467778486065735106130467790161993190019412236117722027937720011017214956383911
454427393616874855505360745456494977417610063587000189115461304685450120392101
145038867472247842601134757055076365626836548014100932210998867284235968728623
057810754346749343628171340603393084253723789237168345524325291322992762858760
560936728580891288696816628074417779287579998694623677065877617813578233739552
460248333620907307693267126184183718309342438139291443843413370632298724762342
968185387404820876598441928610248616398035487235995028354410508532118070952413
040368240606021077668206439771175199028013713836845509838178649733144894832087
709666005082513737031814488000029497548631564109045298450855954648146101761224
713118916399917513842982591358926287896143857555467024464482607341325143496142
506666051383861757884352952872349725840218413763851993595961487776581324336058
175837081517808803851360097289190817663309079417637356553666982886391063983375
172113653898212195118033795953674421318440962920223377768718554874876272686453
158808247677312158793604299489829005710399503673657015523733402790811690796677
009391566996988770529151184908711149817965824098891617929738554646559652643984
776034282476512403478191778730676643903617895132844501563654432150314819906926
080389336504040435129157886877933884469733375302162105890394418159344084597867
261764014003111484098605276751938192232719942578666088004254292847766217483856
948449263658187284050923839038804544055776960022801160257018874646000872741739
877577773925841241935364358482767055335113846502429990263671339838448201346336
475673422722822269218424316454751924985680559969151700762127333216898843632377
831845031199526746156609332763948579563735826739567190212656358795932705774393
072443685515289642696995124517728777872171231771854007152215095462379428482624
295178191448369145327499443327822954477184687971992140252451294454850001487712
772175483127843407919289580139280105718704705033458322828772199694419386172806
048542194444077488812048880541366208963618694377540788955694512686966913592841
522056887519313095295566913507639813592631121488931081512686757613810138745439
474661657516193930893112022318146357608256378071724759475628312067380455832789
526355705696301612422479243006602287754048998091229913841883053432281706335300
263305554945689053186222547171690456346193081830740311438210918679131256591117
204050972358486452493209170350588220187493239677084705461304250099851174481850
484251016978887069285500760600218605208314900803576442609319664116783518990342
194152306889567087998245080281421268664374302571548342016509118321409419313311
019732988735802426613135624182931544783615376977646275062504491678350646755807
620634712274491449031265720525220181072431492911879940744622319666535932547327
321636989751418341800633842256626225531561780680046424489744564604952642962731
630340050835294009143846473174785899026563087888561866592176958911258656605569
141344374234883929375093521513898886157594303096746959482269294138402818456895
295340664048778342623412980614909870163448198952314453965889191560509844105630
470474715941377547501482118521524843772322986069502467362566298616424270440601
615155283124014784863040132310392130997089767874984270264554970501668656247134
656803328792483770099180101903731103017050565716259309192092535498777331089651
745923027236887970159875716241537424585058922463025190496351244818777297035454
420279755046894588924709169287038781414167519349845899896688571314410524981487
529541083511867493351684524310295870576510007644011326338029093671218915815786
313886032949282845368869654144544108833151323013553056019818725578575888844213
580054002201971513343675538806629499953115690033779199657405794599533339222806
982295180217674418441449033774057754893516001404684344849969298312383827878557
668861811285784394618518993067785019535262696086774649860568787018144020222594
835856248025996252421153027144979342682039505950483332073277653798231757277298
497320159983500060210987303214267553485877912664146932188741978303595570979124
389056157238510828939424177851360081088514187784113812807196844078215133098499
282803862420296758977152907024628723174677732178928033516043667885742689482692
317061850021565493074006096590833060000249618728320040202408262336019582370667
763220477099046369035067172065335732241145108915546103624674810354441548320930
346647599298315694785128366439794474568425921564811539752560089527348187104733
112451457836610668434441279972557044572260449066925419852926952961997685249133
005161217793221500426277212305581500933593458505938212555651036558094865551704
609852002867086721442866444770925640074159896233809140519997546947686534334416
909903935293573042774765948084966423387767528672904693771187105205657643328320
536338540472713805154392010647951359033839582412303528494007842025586550791554
129070565634049183439898088680570812908545292491293378192108170450200285583451
452782661565127647915289036403725283010910183664968498208901435922436129372378
824172364680296721959358476596585007591189490982128339697124070843272350659352
205987367175466876786527823218554116893623296837797146512633988988286049059532
208622409724680902412944930588383048162747758890958659772952169705836315802722
138694500399650068465773336174666238586732247763094060681341452585444736455280
538620137495349473849750119756252556941642998299471853703366437596175776581908
027977462879515528120599535166446073541288165070096432677178715551441863451244
703220057607943311450309446160189821852675058690492384548266679408208879797174
301259428391468106765933118255016926898516296469832852824273159404343692699734
247484702248875646378559950201634082220953164929409012535193378872187504567809
669513225601388229167083438253240558273255786821189555669809006410440352123017
380384806212837653412095455168571916978530620611740444803630122621367256554865
323943440748644349916488961793618488378143133861838953131131029569874208796048
093820490626103048546023669756776794688803278616853130678238585309751913451475
316819491331111549678225075142701507776034907029117856279036991063292375015476
568746765813560632447015681238685646392609662094493934756180541050093611667436
082281588350198771549179256893840533017666383947662478678949437272400611628756
719152587344659613652704797215544429512641717006752887677959490075597105509643
898002267659144865080128922496112665248518565495070772998467581194624868788667
400144782247476981786197350638677259508785563320081567172673396949382773494832
713281905422399912916537389144408483362920932854082115960445718357957511716279
868021773951410796000802497064047101187978350206742592084878626572213438614904
849612205958406830249630572879828381656804694047328497085580412940648497670668
752340010604209908267939295571686543061268645935124532640907232459624050648532
247073611072601857528410391570728955135230275656522246801657545841410344604212
315520735506866751974819355113360266511853628288148158074829862692914852463487
033926967305374597365760864712465102812650318575755203830059902814577452063521
508614881801844398741667653882266055786968304039267700799989376044517649976557
180463252730617750162663672934185272667441895774931368901627912324921305959514
705253015582210731010271363486358495421771219572194453600188698268409673823298
701284041546829417382622666900829893526037605518995566658007831058171400341896
171067894005749907545066190438675691771019007440255051287883103630725968767874
653247956061299552307367356280977485527777782466489500580124252354842471696942
235289623010711157719726453246789728353669676376719615436681292487918199563499
879695980472759648248455985907315173291440991681462620627286853186134634300902
022254468941082172070358513918637276461035018432844783465520329958643408568815
447826963885773359108675724105201011950960609481862670547447906037918144963447
297772696033765699135284756373082222593347325955771574535473150293114246417906
980119949383923528535389757996625781316364538698848331676515994460544489708914
059519771357745532475810938380646368368059624609855031068760454723742349492707
329385185431510638247827021913386304701162583675621299918972782640935380607965
995778028722128172812828835036244581943535935067397161499549406476670069938704
653626542317279823784561545869441374433870938138372876283495821070524722509777
455617103363534928402825107963324984135382003371953391910080257832141415153180
817809700321496577211243415768697817250013081082580016904280672306595367104206
041407156049658110870672383949783960973740384118752005924657284113540971449023
839092989985022703264393869287725302354397984235040527578567354922758793147334
565894616450825112306024892342254601537076968545776995843858529458202581820650
222037342608558248873979330988973782858191513289175881900179712255261819917203
626561979747195288422474785607771244047293189541982321367642620260376566818123
648281842618260251824418354391064069911567497874920044811403782387794895521845
731662888636716902899525784898429791118057028845160572314368659242319898522149
076656758770013746116709388289766458044173976988671454422242653164198053449916
