
Euler(226)
-172217205856861343746102115221402792888849271412534591863879292808761149502500
5184528404839015875167479288313207272641650448421626170253773090133381636321746
0248964572424906184538499957840190393460013767469310935274474241023682261052531
6598428941715042983878656467925151580190305591320588132415484998244088670624469
77456439507428574266451196107959729835001977608623786290581098451335547315361

Euler(228)
3612413768213004439620075013160695426634872030485154184914345140584674521644819
0963552650294017005355303225816654993275361301259963396434979943172175753366133
4540304495935482818255788542300796266399766923753488866946042571811613198586840
4793660433799549146041183423933798759191735943850037029231523358026957253140449
8709319686955574730959575823818302835709482956656228505959447335439914955263728
5

Euler(230)
-771118376946408642612194255055126011144015023628339229701867658112162696422657
3714877386417993045640550733395448580631838877494624266367194531545639043083878
6635682556656417232418482325392832098447755246697123569898388028102713013996369
5025600580052847058019967860561865358919290155104514940758504418850834843924937
3067866591947018800911570010938897809349884507685841574359288848328046749779232
505821

Euler(232)
1674870618026011057420883055505373680147486363559258535177983718087911786282411
3735648894101051469038973818708402000448484131559002292724371685254988540913100
3494415990162491882637250565666200321511486195800988371938780301215392455413224
7581874315250853168817240738277921121203451914022290057850812576295216309874441
2057932075387317496229639796007458694414248812678124158696151287212936258165772
1304158665

Euler(234)
-370095060044899140178311108000482168667330379901683751148099451781889696674647
9134742476354137124067152154396156556777400056055146972003099175445985732510315
0945461889326791430937266084213281901208911030835628690329199288805071725955509
0014955595427624661673929774682555337634181676065630852968733919493576172282041
8145708019230281698178108469012965960019433444474592096450774151799268253144423
513499668876281

Euler(236)
8318660483625708520005216767512202569593692535921254011662933569782135622572565
2227308080743796538333655573322974265770575986833380806957435886616188699572294
4698649660715118251239982090192660751700132895573689274716402822164675601976736
2073718192135133653250607316300786413813221845848252804649701886330523186557281
0193660120711298354466099884615771328970017837361220945628553155530189279276180
713989336673228045

Euler(238)
-190168660939480511426680883012390551217221652677981443922365907664069898828052
4723613242907464666286603241667918407589914759809075358285920229721744173540098
8109114182939922357289464439806924439054935831753414097699500792019829773665102
4684401256625479728780187006896328174729279687684719491157846074211723938477891
6743521792999442811907560203701317544430464935475467489166647891689475743841150
992885239137714930170741

Euler(240)
4420876034417193979005525861570114123460024506793488102605530018808495665593937
5649533499240396777330172512340673647848245515919995417757243195486674822528085
4557297349458578254007142303639766127519266670131310575667779753002034849452463
1210961374670970952138299886537143206244010463885737209763100903964090590485816
0867221067713580774575562240050092497541021849510599474200175326586153953799125
115116034146948895401653425

Euler(242)
-104496318839616751347179387626205862489776937994232129792026684607615439677448
7084361928518458233055545278534252504187925255886657033480709184671940567609464
0579435246197196800168274430663735931371493372194561529960114696292679858883326
0496240352489660383884040132387932651912750939739878889706203399593361387461399
5735772225735466336796376023596415225627744678926591300293998253881232905407880
262305928738591993354569944533201

Euler(244)
2511061430569474423077597439475433682842775300323924838648693242838066473602544
2408940530016427136561518284048992807520936486498852806557520196073262889437344
8009332496409759709101544928783276308833552070206103535252441737535725064831832
2343642874343120849538378366103990287914813534297120108709524179920560762081052
1577720042500043761949966242930083706896653993899526817885465126027251602162865
615123407845226589010159717717642805

Euler(246)
-613364695361925025259793283490617756192285072689612363618229295544243513983012
1219133302582977315002761908217491858994546725995263404982557400750157995036513
4471957652286248668446762672906528831347183271370347191200928864319231451120253
2555584406732727187676352540893850017143485481327693244389544011075612543641771
1275874923097024354687936512886790740744243360001167820534841019876433195420445
83018571640359846722903739039487880107661

Euler(248)
1522746657401710502538844793498054562299804792765216238758655491217744685917609
7797494759318335745254151061220604114500793134796703047571201976582335471611667
2232895964938637188117371581488445008101922768360769280318988440233027804724155
8547409204734739239712952836217100637338707079478028771613455124248887862956094
0317760556730141478853931624859261540346797967182130139720881926745896229662320
569325610298980631731187629607189464796604185

Euler(250)
-384173369351233224737181090500352407727307001706033708400089927347513361016831
0619733769685907413023572340208050527734207681757953967404300635046017227234290
9386017389294597747006388405456509545302198874584980742692396098309100698111503
2097831124274294657598274054450339154390329195894522549665931009508196472849742
8820951330112050785639622389691497136082519575104409595225784364110804315836218
65617680334388909754874685769913853708729210638121

Euler(252)
9848311227356637821047748934318146429033387722758865812539727625893108432942915
3310260569719452968515971269079668824632332963144947486961518665197996678369767
4968772316779813995562879296330940352756749342394762636837290047454816522222077
7350684733456092978268689930048991513948087657780077332407482907553556754055072
3360083735557498778126126201795996944238834018322693620401239102744542121401688
42885794280955397522263280403846943538206275541945565

Euler(254)
-256493431903932816993728233457087481660223567789495918638814052054013152701998
1473557826050749893038287582025399488826312842125294728698957333169700375636929
6395229899670848905536262134261296880709220267842998217288566985038215231177063
7708762428159774192575640433256110266850271405852380805268465943421035052561591
2452279032735261247221443018693955218271328744800387143731714456471335681412857
36258402699561143354820231212455381698635646662651901068581

Euler(256)
6786043514708907905454474496905571486667712916029853230119211588796230197778438
2741070630047526014556181544009984697701271679430610450570425314205683710336859
8998468936335163882017756901349879508039691157576451259881486898205794686795613
1126304147191612367095604218739902517022028439836827434677439321082559307596926
8447059285412153732958710664672199643757942543918203958681175491409780447059262
27242573855451617170973177076385485766716518904208765765874945

Euler(258)
-182360055378359429711155051316921459694705299314753744916897446877033612992602
7420555040686778958465849778773652834595660923187831691278314949121481364120370
0401293761794951844215630334705256956904494208600855629898807182845938168478528
3182249363495640029724376447425688383722641102340507999625579403833355062000542
1284852966594796194591608010890259651011108260046809089586654695990339041632066
03320847676102019023851292395499016534449347067387264647310153143041

Euler(260)
4976947658742351938590122464154554463491569290663907754903892369089872691314948
4752400778103263331587202410060655718571576080361487469560389973901184830248560
9881173804464294790964962956024409864856141546660328558326788237305966552823485
7100903633432903120612773059215575483777323093213231675514978114575127951645082
9927459373718060622128162156970344642371683713768849343028293994854983976572624
50376520122541191124576380311234853711009405939509377887012207850200325

Euler(262)
-137932026844988903385203561994988085773751451152394385339508780572558931328986
5372057976609272109580600130036981068806245848545138120052573404945929969333394
0319942297645807643305244303872553364952947736740987906313897899537749183177399
1010544131314629732458828261753808130284878754680925633834538322197772763492995
4174027970899871280576631411531028027948869403407739373157028313832642008196819
22500334291652759960056492051078231961672579954093386663972706007189151005501

Euler(264)
3881369951097216657463277358182959360891839593282780574067654249761977068405399
7217335538197854992485870013328356847829826382200276622718048590990975049996408
9688792852679213802548437649591981554110288519492730922558788229311680748486074
5098315883876129003063642031866146534710335465739945931262626792233767417335020
5224118805648851468636229421406847837799855703306701169940362808920107895614366
8196824171401882970745557121377990121146212184377191327285517578774536896712970
5

Euler(266)
-110884998723006332419968849751199152772948137485986587361835241216337703054352
4641304069436117926369073571687667329299959310216764806700622331792410352580804
8526300652048481000752189845309875759137499851707237191232613054264548466649644
0132553657627584286377063879757227454900665569106073624913902518779155601050602
0632534771661868588781621664955121766110545942790182334790339051515599769412607
0852918105110389118466546094492357725028263993782787384368380456004668764964924
6799961

Euler(268)
3215726445022526452212601031901687482905689633185015921239976052939072481858639
7770417544458556775242645626801869868541862105739214788249995121472381892782546
0139897780069651310015041265468288443422627690969952204559581980084795877819646
8098570956120186038506529615382014338409263848467596982860012096378383850427641
8743651201337135116884269177352517768153728183319234197408304829496867378312357
7709297447582610409180982296370432247143050801288522645753170393650357866528973
3940071085

Euler(270)
-946575778361317437042378363438935137060137741189209957711030230233364901275923
7902183490891641589507542958139660219475278401182570018128031761561110808623278
1335381791908903384108251839450162082722220430357934387282286989030572661711969
1802532011375534329987061977599306595108185160346330174038254125131268607874258
0717358632858801192607975886276224671494213163967941485076060791649163010738089
2578372746447537724727278937108880271488752785700934141392009494170050965022248
017045026270421

Euler(272)
2827833454676992688909215207375630352554211198544803573964295196189844194652943
4903260889017820939521917714075140487856722806937009149321048151728179258849541
6773048664771557317551647939868136626156103553146524011271341052761039424303628
9593855647298636800174100188317686461113104483703133284643927377953901304734729
8414104500966940939344554103557343951501046000928702756258582694756118414179420
2703500836842016611146918950677460115746215927278863840734749347708360585717056
3599537574824432465

Euler(274)
-857289064406273573993295360252730872035675105748195896226216108660016070718595
9411000982948668450059728076269194112772504446979943584332049659036570242131641
8587822007756724702249559983719071619048140296980055332283305154906027967397598
0102514387269128599180711637649111732568595640797675677606936464272014663543770
7737484429535937313758582684712506973276764767582242617390781079239903153910693
8026214864442653652862347726032197247066329074516026778272637191502466609234033
718862806399892694360881

Euler(276)
2637116437260818699748114325681294026769882530555159813097897293493666295049730
6262667770078717344169128331561149479091005990656656392672425663602969676127461
1710649698877659977731629152501762664031594478392961076985891662647780413305026
7571658620664156862359536884184074120848455331461164198477564537306049530476168
7912602257451184796538320823227154150927721175729866905711732345717451580232625
3350741994868718054274939336440188043352286971752474592616890784344513561122221
6663507156328160753288421845

Euler(278)
-823027064165985474131958899398954349167715464051445958213357777753607918714190
3625095374516839865552579651504195138894960509703528278500486976441329198621145
6858417115268061666515038935748324733941334431880209373528352086779073597766411
6432473553042434066786448986322353303355913384607791538489507023976803061710488
0264459539213149629722748674540818783569562167457852981327694773957988005606401
2784107436155889384097149810847467703406463891586555160185299260048387337199845
770164652658454912512683220815341

Euler(280)
2605773104565375761716452409633080192538629535684971240805668060560757473048594
5379342317551293939788659719153597482399330193714264959391309952684101725494475
1823635724779638580379240510469706973529260608907464086149800946511931374478373
1256837650527906833716862429227814248152511660025496143515572851651054003559411
6803172539955493683375627392377712989191217982674261547181012013880347760560170
4476890789821989454294694646778750427845983840504207818253124801736403556657599
5220938812398402632601192253873847225

Euler(282)
-836858961962765267616438715867184288814069148319385963223674984779155083496875
7039048595738715220648951144111237655566825161797448592915266144827267862563439
4799031964707106117879067753688226540710639547419576774832878408694634588153128
5876653464895720015447813736027497947357178700433583813404939468024951788387714
4176760672184424085871839998219701295314890114471928779817903863114527420700951
8026882428430276440820429351814846577470107409246148462851800922368463237907729
088324998021953960086839538696178685777801

Euler(284)
2725946279404979490525247094224432299173526222039036242277421916471793597129783
9556532524540566191619180869443173930696368612656110364798047444876498056592548
6476453011158871579006145939262111234778272669936432196065324351228927649606476
5376722011457974643831894489465441606615026619151569132096319749000114833448422
4073838131721092439373294336957197005183890692943206929016422256230558476214158
0248793476824726146568426134030132253756862198020271921991471128819946707085022
3377341483485321286241477331978932046216916605

Euler(286)
-900509776095080066732423689085504366916003402527887640356863541619352270452502
3951385518525079170410736298193488298204402163805436444903998252791872878718242
4374958488055728935047273588105134633165922774575661127807352960299588347097705
5173082303982955022231496737219334059387942095848528197055567764300568292057994
8553281637531735981235854269266284109236356196698720592899642020610953142760668
0907818857482979328921322445635076324699939082985894936730871336359717540689615
121520870607505579215343419499358420543885265392261

Euler(288)
3016637061752928578902106508537406102095305570447122441725879735144903627082935
1154382412820074516113630102477720473489806479746826029776959415293504086470184
9027318320919085144734524657442532177697960011607558617563250364425359538489723
3982106998618074788293427742519509562503238261466138171100146896794116967691339
1491785393224608128726958302219412880562502779580807077275313409576899404379069
4021082345771745945312363041060296404781428784355089097251556091289669003597707
4788216662019031645235386124146950729187923562309037985

Euler(290)
-102465850451962362287296029976232649717423194285876652938576494810491477501316
6512585410358364043383813459577627548171101878676477854614769487268816578528758
2874438488997864464045860220556953528399437819487529404340157968764021299976027
3778077104155001760599413655602191000637913739393841405439488477048499216979336
4241743280116641943889410082769098890616313651468358944266360218077605917126180
5014969537276707849416708999054298479698282439508097942673764896121971701844777
9379470335131067902334887280249336516103269481327868297402721

Euler(292)
3528704045581863365033529974929833900790741963974887689360816695032030557355097
5817731050537284764626589124660226184207982256705250924393223914035290043569646
2831380748672874210617619549854341001905727994285407650867019548638560808852112
7989428930602774916216560411868127829485739012278485013191062303044212089143301
1750419920485845567799424692948162443043196951242040257306068921101857333670665
0789099589584730265453049622955793032333272180989769414446795795060681135286526
9283286989220197096379427471135821774553927907319973250877619365

Euler(294)
-123194248337233129602020500935237335435543428025101927790878510396574896800202
4668336232488419241430846453638389915396516729421513356619310885190618072521515
1856055745467014446203997290425017328143047255085242683394086494489083386185492
9777003521413795312400139044871277482259388398753104600450125886196084741335431
4684358566245225226646449494418284521243965603470892560151528995838539346645092
4963308463958909732554219195223328501673519277948930866547603987673214319283278
6005191764524430578087708065383572951415097570642518116526562866753181

Euler(296)
4359778296126988174348734203265073469699280852435774017478961206538906156933863
2817463086231626089829236737678813149398146868143338560346651181877386836951746
2701319848636602231305193898544642822130640337315076159814527517628530858327215
4005517972673372436673397658668782246420598550127666153829872673970023531068188
5481684319387994438506649776423427081589639763640240538029792215516737941625907
5873428900462788687675212103934815056637987133377175335803596101066795964071499
8456649679564232519950592244857197774864153334274667022355510534966868745

Euler(298)
-156385817382680568575406775082477746760544703898400926634004165384957609660133
9509036829236464034945407653814310023484847026985249711708020962505066687578804
9570750804305344329262573375080863624038485872296760767353384124591245478730240
5538987392250368915491601752749479369912905764715073490797041682533948948375256
4629217950884122445989154088424697211852857813797021996206792494825638342293368
7450942903841175095168792291676073444378463887531688392034727976871602972385233
9870978613031793322223525494542839469831249207039395473597110613095537351187641

Euler(300)
5685256368605058271578985553004208762654649710895792394745630663303745424222316
4692660463310486845949879941738638619394532581064314311727579362078288887093936
7536721050147117801884739232021647113817641879341276385907272403056110857380407
9898187390716554425423866804618155282768677870460466478716368892214057197729841
5638208962689185051347676391981219529503486862975224833150672917063747203773810
4778617507325598287454514286514854708432186711250385340168493938224701670877478
3532349317055425798221934631771270445565838444040505935156250946905537050798594
125

Euler(302)
-209451626799507799231481122205072260615660046195549133101700834070323889340501
4684278901600688766836230871532240540077499346112581408273054211915153726434370
3855910606393889510860915970276827548262337822029793192433862491434951278842593
2664806891322323008060839904970314915756030602783647245417193688221974184722357
6581332656268489053164744327970039653447630075394001938572824935588918901809500
2308160395105261415507524176289316778825849983514972540377883751753259337646400
0566943028195712898861638105883531300737843143340164937872763228490206145346487
366850101

Euler(304)
7819161726736198098493177499143561029828933019775675138432866879586998986787523
6509796313088466295474518823689727634970364416353483847977494294492168655093231
6772430244175742176641494599107330301562770456260935365878338035165420453589183
5911666515791248171076876977330964005881593376973091493747756256287566099175439
1968236678302626010825119957961366421452350819622009825466944127830632735120065
0262621273694299869150174417153520454527580815015279150940788754407449365625953
4295539986029971584798337138336766006220254416246016454696696226526083047936901
085993003505

Euler(306)
-295761545974726918629290825146903090329191590841710612497851444778936300684858
8546767370281497699718328302592065654574228874715462695323370132561769797156793
7406825664482708737882818280509247418009303290339702261938723801540440026195280
8034014680375626433294717500368705538144253212809730376308535433758346448491423
5023527519451868568335721400241368495852221531033034228897425675080545352302316
2789210351914559597953227759210199786473500606560770473720002221115238200457064
9894747059974026283695099463950885526597847145228890722081712483849340569433010
942619673553884561

Euler(308)
1133420453533052456220531077867462100567418931904685762599189628530605351611923
2838313329442397600671137536729159955183796533859433956887041971073842161794610
4456678223540706979022339331581577515501303195039227923170943745009731033841566
5569192912876122315690172012214644723241294207078694783413641053797130355445439
3583049731889094582077931330917477358235640668721520884645157813029168919307105
6688498876686664253409728974330552302064603233680713811911470108246246363135551
3412694356141389431882295606714414294474466889415726624057476563634009764120679
8114889585263229504885

Euler(310)
-440019035542894228104491687323774848678414093018899071899829791172273782798092
9033268305368539510912931161313255291429835885783280516680764318794931353695332
6317679583162629388552466281759151592497764765859250543878667598397563653691920
4423323885332254970824096811892849668292008469633471203377004908596788016907588
2122814900975363303368947016859177192187881708000866936737998231891657547204203
9215613437115167700998870836669265488002221246596125978007117490589592894481547
1875388050112737027901941687240642937956292449754279849163618801655460454821477
686066735004374568642035021

Euler(312)
1730400746440679844209482570406569691427262477995080165523969798058044123176256
8557700027978356519001233914878816915096021072600390311620129227125925993014047
4814882292948429671597163629069233041627555196033695331833286317628340481655470
0549666089385099747622048506334948089656415341912549685032433605608527772927092
5382206927115443095814039354965781153616101831536690515443285150245493228074693
5473152159217626376224768330914762387047304736261221219175318850027387962712299
3684183332800030194337701439336052665635180485020780862575141292399705169784034
5189224975949643383131427506265

Euler(314)
-689256587195781449365253509619609327441208588644857086685785850449400514675036
5916860597787693819457271587523445972462572535674038320544093856961400449463170
1374804155356200494972193975968124859879325902177620679942523282391221142576118
5990296432959951851832780056826261679874847913993012855568986178309639937163712
4839835868541183377259954452206575001154928320951343485311947331607057489844788
4414025573949258109266435282323697643301737383137807904836166214033495332736202
9379241238279747431863688606337511143543785722676360046990665747636696591509131
087585452487233120442561047236245481

Euler(316)
2780601851960567091721178060772187788738208612325819194864947657921394657846724
2302850011471523331691843363247955195548724529301627141057237873868890812839753
0394270210535376306859286049932323170336716581963632952174129356160962951407256
9704455427666923574886356631962168049621345863898777815650996260634565449376347
7864482665679032313002156958053824610536139362212156491737352523421136775143730
8555204129645709435490272231234344974718948918224892673955427818072479131185105
1011234985477749636323138923245560359564241309455046512457024269991742193432234
7683028126922303503192551374630527215645

Euler(318)
-113601858351201446481652700044863755243975483219909716940468153461575729782829
5976468480804868303286114479216517698182462923818813753806065494660216362342863
0351034790805168143096332670143153792062485795685376946209550333572377375054661
9074711483439325445957544679198044607840750539729418009460073740645038227139278
5563005224165729383752794346578857701146732625024552137629466421524826807707329
0823236010479380270396622357859924437022100810867527292441995154665376783579576
8432692356522262382248759385745400039667976912086005748022327930213689730508229
8009179275632522684982615269537101835762259941

Euler(320)
4699875386782749353899995775829092721527097992720983795429130551209665211424500
8616330415180043382813156903894697076754416340691851500533384095663974789147658
3579549256564123601861950723499211422828382541715118279996875108067392276686041
5078250952559670073601085932123392453498120478029802610992117136765369478479771
4116229524184117564047329259285018727063138506183115594560188688446615095010220
