71785191374615704391249929642250358005579340216182143100118593992490476128275460
87693342378439609617083223656222740741432737340544981453063116890028758520283945
91113042003519225323603076686653632251370779042774809308244576503513744915798756
53455106982933446870189449508911510613351512908161556654482252662112467631646621
80906543262995778761153941253261575505492737321536963249645770646458598652075487
64321337356012844382971495897820014264956318639365307393681326809859814177184869
34900925134011499612025391984173726048868882188533746497303510958452172016907527
97444494221740844885219473704135550168440460981267584212212488068235456229801040
05541020838608249994124930279282127775969179954855350382618864654831786345402255
89866345063133983586777884337287529220249089388323425642727706981287791692506908
87419382298202351952915928307116764502733106092476716381350398507279304299889879
45784409908531162466285096405736776169451495410255432393820489991961504931241269
26243216806203697088652186833931002394463863977740905230228520720817633140318384
76113545574652307751503296806681328287378347038741421796784586927030266394495806
62037703455444483016280675290612325520927664822276231821488930830357482420725776
40089355513952677119393677444408010983325576613312939218983175946027730685171057
88060618128077179125810042684840390800678427804706032646591794123296876423995703
67201754292919710821560100537657494879010576669828847213371482876989317623793495
68539930121500482183493240146182890324161227907697574593903666511268619079620787
91727357390138317293322822226704321173294812534244534494709773774428940740869631
71259148185189227808991729626748437193494436575776825417169443133042512832028169
44734040309480252039959762276995617526557066571772813351129996371117991730289894
32655406123636095287647320617197761673911962023886511891910082282945611791432874
47968623277180751616871977624583891119855222696750337771730306325263403324168298
94295664782800219518470003912499281353483381922196093409549867463563941709551512
04519784366822348116790365504553788335090957810999409477861775438256162541768234
43812753537051911300889099649709092471321525361946363764782210787969330536705406
19136266891274792799967975211427151224381700772513488451202311337889803892855880
63191404549830214850919670344753554631471235311698394182208769043601718809452735
31070173029295144991661050248818682351366130882772415578382755675718751397900797
02668433721472246269484743145320169378820916461348704570223454091253529133167197
51622641137913677709872354434509754032474529913016033611288052625010738262024619
33407661203568401556290369266134772028640970210960497804700130700470087617827546
11949813658010415878715992659230352817764549000234621215159892747604789031616604
80541595017092852646851938282763042384042481725132335184200806264412622993750929
88977105584578518412294022276840638432208399457238345037851222682668158866592653
65480968294273165174123181170086230224169760722514850152209035991167063069386866
39261950132721432689307092163962906354914605081822573153687466996569106802104967
94247281917725698446956303930038680424070456743652518016721775089201188557619402
96827938228590639450725800083290753709254067366051927172265545294011069306440772
36734178783884805452536547475598884097859665365550934060281521006016247511173490
35323301796375673317093519193311323298345576597071179230126968155630517451637496
26045453499992135940882452739321559543505922165486309293763591859871874284621019
30256215884466811268184382893171397233319981086479353100877289555255470198777911
03773923677130632749169450178019535017206889806746312528973770355645641465736262
52051094168632368843957695303812785681048216466117670369644970653438069348419252
97817519026154439759998077705839264483777191006415984795861802283411941683967036
38112858177441685747755631066683116663764246410789943149710655714916112453859597
72553595874933539052836326828555649050400176513606408509049594170172437491378941
95752100741332877966473242550976546627686220648039261423304042977826465332438274
11077531147817060809611105742340028848559743899917643231300822698668947606751571
19598187075199894021557264792871198446468779962432074067344301191284672207819938
46851520417091054999319771639898807125537714064494559576148007329973981156275264
05385400860552953435225571410935885313321565868065038977330678570206034265757932
57064958557017107483142517250803124186606693120091917668709637483568683472093313
14564263656080070410370653381342412902517625492848775323360515676214554587204434
95205299900645451312565472091203388969103282502747278743065613125797681196046064
78888582619394742872469407388814557768274464626363779462976055181529613484170459
28551647945561183752163332924995607393976671388995631895265035918148593074468306
14772790409411259580292031963262836557306510982816857095872557845084404735877858
65321157927284672357778825406881763096533357374936327367960756575238689768498177
33908677041179477307413187489528473128901498606465977770864684729743169771349274
22607302797426062599896457191441170391740467480674693774486033495752228295519455
12663424296492162183247959059971520139391615027723746664836729231800490522221391
92018428926963219258972987484736811461762268400017501396186928695765831749265609
31222017399041857513414563229854460799922186235238253028482489585899949019086838
66616421769205726619871199588626077643446287160100599750985995237251456073494398
36670909777446139771768966394093478285039053706619410997007220951543287810463564
87061489414556195249179862776518071360995968743273001953050010030083671007629589
87800298263316313514633295070648318104081423050722094524781742147367101317097383
34329691931246228253402090558978655896144433063456365905398008642649853019682482
77442540450831384498119506663438057694761232122148302911492957579672095512545285
58940042819336163400688557658401213172555615915492058479911295976235034390487373
87926945452594589184448232978676207350527102819543469272302467310402980735965713
10755360301685514920919870598830939768265734890753163256747046356624924614569483
64147473863095198609574208037050523967339870698887979785889815947192230985910433
38131139983792542890316160547051834391442999169574970075335943692043663173805981
13163629493441282159365671148984511464289645550877043148574149497936590706262306
37128273641886247297223263447808511556485189520488575879792641523302089610875055
14989674741852007935382407930995934243127477244640086104030870240223153323781378
65870046196703279382972517402366306170165830743976790271795344664351568804093315
47493029215462227354403886087500922239071299477415242339177246705584220713774724
90956134143167600147124788886679403276576199298338614086563272321872731835760455
43296564733891479559661030861797486937243291029641435326588440495663561657573285
42151176950641203718106997023896369257794875100491020649693308793732412026941107
29485734630443602780059483832587280394706653498394304920004106217981583556312520
05431026792605061060118398178135180426346768067888454792332655308619993753972112
66260548168705651747745877138882511361946504624079213461516278987292408815671275
83709848013536882593004740146715585976547939776195610625915737434805487592296256
63248807838954020701533032953596080991800967005880207180657822399192250823341990
03654429426581286508537178547896038858495964337635723778026034062487444595274712
42290025924619086345140411847029495825320929764622883501017320339715895783843964
71702983483632285013383771005853066887240321307731324118485003004983548961891619
62907563416509800303926509836845721975478303500259026562097486978020147274934184
95546913895487920263645215011211074996239807391066850467370051714982234326524510
48230130315945667335108794712911149581825787029087472150322276817429383724773863
64297816116297673844445189560134298347472733807077794737754144569795438562203579
70933883757559824595127057589146183253229028319953023960839249200547155984955971
29198778428673879368617849683869406862545341046507345970685834157054949992044912
24813679841348875452727769969004965386760637723685744920391271558684291268661994
04145133315070702487100028287635286349890749130101146006183810141952320695561845
59856229152877937501208926893245129376009700781746731695159283512082633702927900
79278135343263569261736872655451474262658673455686275876343522090962212560517759
48086814647245920299268354558760432921762577308912054176617235131240310362174218
55930541646218492748042294883933110820428452574539978502832333001336462028035007
06560002584447245072809523143768698877984808378660092157516314489971519304276939
11509460673735342093451182184289905465997086107233743695971421459938144919835866
38151525243561226197702689013068571951390877049066718316254759081422460737028006
69540936807727370140166439768296269074146380396633063710731785674008987963298532
60487154064266563036634060503463300525660777657803715498988113811224904628179949
50748443385679882135785546326736175384316960323605216758063895693633296715261156
13086056192276676529754033048625899085478954552753154212529423122612224613017854
97591672834073929988819341787891361067738301100442717161052021510534036169300787
51407045206320840417109022100894261644163864764811983499332860417730847089569567
43447376366694627695828558008160257840905275863228828757239233989671627265261056
83482318871182161548234975338892314175788182782113581488292017634351852973091597
75242296861706095010497380234976892816813053014850352431665627468094090964313888
23421152899510394905712440439115288620023291221204236541078728178928227494725994
94407678080250445719334764625952784757067931623864038848351721231401745145823981
37010658807455033576856662966685195616455939003839296731503166212069780848619441
87224394641136115969392234476074738038753555035756715451055916375387500368049745
93065554228552880510945713462471599036455974651624952304467489600324107699120926
04220894702167408964513861922651878818560566082181881851325724533976654410280143
02997576894559699065816972032414362517083858870219579770368817760568327492275482
74183357867105522605392265725940822426883085807403312056015387300623022641378090
66929735415541169164727305593044098939878458663155643957674399836548474983056085
05047662943439593803022172080395431264279099631259214110633458994157042962757974
37184621741922296718508979636497358098773432513977601211158979706155917582608032
09186663835387427501041653632999566888173422936431794672854518827294524383100798
56541198742515071149273298342813670895128440895798233527366328637781080238284872
62526221367871972770563481091311372833956384881931984251810532279404011442964886
91512297435858674863904043997538033333799540717605569165874923783553591153187798
62534667711572050384388712795223646476709957861033089966149933797481724293858820
88675775263123488866387221892184856835980850277794152226347190322843297450914649
91325867963005286149599553229792840049411201930890108231788860906741326231045196
65176236810284497116354991509341889091041182605776394689834651761084240102875960
92545759674601216784426251924812000615496770889661966384248442556207926966299841
72202824056541457824695888502395267215264327062481380322264231478910266490084843
93101232448574959025033392318360988676868289377411824521671769643639497114544481
66087276549585680567037950559968020613249056703897854175595472892482110454952182
30750524195637910454350309846981176446215270058378558043533735722513715480921255
10476660024262475375517832500190617836708680808334454051994462049621549038212772
25326990660439483493273772931549637812128121455876619747237216526736498066616548
22529212215379608377445596997450986452574242389948061720028390980196189984013487
10191732197810510428605561411855905893918414812468015365188991061000614373354428
15042408395907464004783640745811140313965131355321778711969280091147867131333216
34733755536084067152724400616371595153287786876593213111362616380106183325653256
28305555449285903672154429447587926182736953749490643052238407640319998082694999
53837955766104135478476900804926037215994976521638998755344085293093446839068239
33535979212888827116090965830427255125227723112649343252872674291775255860999062
09423705256992756239690644028121654351579460376360435254555359075452731490104974
83834540990121605563565560631190650210153773084226309825595641177365151467624955
33882376101271400629065880790870807675771724323508730604151176729198976634097938
03007069423756236534249302583772898206787092013042681726414445576253780105810126
07773649192262346236962664122708050661760695673447891246681642596347433544508232
23230465534152430871077064398560465164789512304825839933562332371328347740963527
09434637584690672595533718406809206089684928210530118412843716891105467684191735
08007155138626012413118813730182046375721934844621911885432656307927959233492111
04854242461556565772578637112785128693611904602076054365488414917655868806924576
57148503695297690044412849269819932917099649985586225635218458306195773879071202
42170375350159072382484829788162151766541740303391302966790684503313434430805100
51097774287055431319626334906409854167197982091121332175348258917019905787268555
38553515979325232516040268522494612073697133322042977333243166056514638517275138
71892432386265628590071701056336739526138964657755516964379986588689140407375716
81685234536345778233048987009238912467951050707579660489515477791016665718847940
02452483733482415230202998846815663991313980826681559395547218192316425446758808
91102074261476004979225530994058674235698168430984931412831883572363279910471115
45913497481404747157207501624204373401232975048039128137003538067449796740221315
60246799434660502830406390079275846525746329144027014178070621328026614761607423
96460351262541864305151859972456194545938784006395695874339228784426276851802664
81100871505926026836221681019085126107619641413139348953591978546425141544972485
11571883949098220421063411273891721637112777035369186397928467707606359376054680
87464162585344186680944544396339535843011568232183019329095677419344093012539637
71177980739429130739133961764053168886239138455318856808708733915311101302447825
51506042304996170367876208398568137503226082736028810152918394541009292254101463
35895275106846612108817344963245339192141460424479969097982950006081576598778629
88474515482437633916889077366952759367600014810465764602830587337805956865193905
04452645475398616246501429737532881266274753963468404795627101222107212977433240
73289292791414616482769713990246514481602111881104593975025545143352386593404243
76367517611696590138366123487505767857187715902692210179028798231686490654849892
03842179726277773469361408268837673779122383331892449427492030453194524042414757
55052618729048457704518015805246217860759392290167581270434396955481458111048171
30492186582029414886879653860969233784047291820707880467623682929956357206137230
08215048967417161413658060994155393927345608334339459939645635436774925589309094
98311119508456562960780440360324965472841131251093709093857510228180387651701521
92390288502072893951459731971256040909097853467633372117312524767835498061706876
74898542888696892596893966579685398682302252083098501780286489169265146026291277
25947641145819408996795364563605552016424623168707880644212642778124710504010709
22243517487129112196880602035440081149625143376428931205367638816868083360629569
17960663652911212160045573546350749230929771378559514742825162355203793918700910
25761494989932442915942539194353416949024980596267297075942516470318900908332261
43690792022771276460579667719486995758032549570207791805209259876321008300545872
63632353352508525123490053721447924599411169703702530009971636471562233114083860
40318791312376689483730818198647318704397956256721330194951436061430789035625741
68846168613048060974464755612100273567114049942329764898321943872932375561209240
72126425941304533258890261964424514795631915646514412280901323396252605849747575
16113869316419649330573974630227961229183761865079446834316281117270336601505521
20246809465411048478784754713731502430247403064898719255498518892516757826487671
23585728081227699565534352806186916876266421901820363200986737868887710393255263
58088030323490074878919268922635020458501293770191219859905710449812146253523670
50418246745901308225189756011648844325131090107687299291957476609282182207606877
03327628589913686396845348813759412510420701807952865637065012275156926631111535
16271947979939928270036144072668432106605325993424912525978260423377592618452147
69737350589538109356732156500508154733351045190771446758220287766748749489346639
58361112166804483944617849005975082010452208653110878076817462815183006268057247
41264671093253698089664665476887863480475251060884846200083847758169317052981800
47634441025744309387499671365925604690368699342015523529383038123707926208310463
67654894764250658138625467218963766092722851132815526147920786776217643613546990
15677183258520143254296173945075151405828711870558088990151564563560224544087155
44975536590145477103307678293727269182012044446865749219589584510237460769308865
73792237911628869662705737451148835451367610150050598056702303502953509694217188
29353735426133705694503931535878453113062082942704229150194133249890968733497309
78892973048781766386051455745081426084113310859808864612654139543154487951545231
62490658735280891873935193880378741667622179028084610140394848464723667206661486
61899417773007698082387734662870947435031704126126041597889441257362143443222100
55962232352886421887330674854233047210400578939068034822712182489788359146773303
07384942568387257925682723531713178936998998788184761286778676889869086831151494
35990928790374675384157319213339016066693408332910357893197758267869913874861740
16869878060242291063488450123851969381709428433689335966719457277606416407876271
89336080191817276202933201525476395783304132076582483731155028213635045863956878
40168522587197740575346667350317907375740593039487471932757817394615003381265292
97980714009764333438643859468754103469399382729130789758750656369876018923101989
12191314772805484694343988275605245346120357066333963953608627746862470290547661
08920179681698172293903403224115878476275454935788150743755151702373697797505990
18383801450442708258825259648296081911084564101432829610457955626506240122712421
65106536524762423014888295217493308578252496796802645322529685907937910480395182
70850554204815116015525385408588778826636793036418552973791921403685626827799782
45029708329803018970651578480354262310249486628458724955294885712456259900935995
38618158176715825086219366434825980530700535748527451239755243204001113595379669
56370918106344929851307799803990528530990056532801554159953501300322833777826068
69816924823765354713897571167028149180324380170479396529544368491663114884531345
51963377710937379666172761754353187681617274854429148083430088020059671107120858
36959833867180540724242653745209224898585436054660787907324748172707922378656035
14403508799886220034936032613135904718552200001429335986704705320432434123523870
05212840483010717131858833360483002842941457652032595045672300611164435336004056
89901327292186085379681277204969653485551387510963147665213645398669256710070519
65905999724283290318435377553045600106342216989913417305622363845559471020242902
09868116299650410507307784604841321734871604498524483573059297449963648908634586
13849607247430728608905388304562984692096875932286585767332381331375011887802924
29670151776067656589402612838094339840020461993286924082744236600878909503027254
77780434921271487431484355151003852876696042452765328466989028541872407180355988
36143397669270076060613458187349324548718640687606954040890100614489054859411877
84674339431674993403326702579649986936975221304975426161331287245335385909833190
09904959079899943912262983098751176143661375665369146463281761481293456147228140
37376193650210664118139998574543001206083300701510397184424828644644007986971603
33306101480301531906959924965212008214837047690974947226296926965255064172847925
09034279947269811608002769329476954220839359730068691659323254865296068285263064
71856988290691712929582830922730807041503771673635952270973153660117144186569376
98049916214233897926933123804032204099599912070194018130152934216313110588484857
41193406220919166481460116146936505314404693638113203225498600515631054669232712
63458828054245239305086915939044920055357269576195225514429201153122531470303657
44903713899255878993834161635122798251365496952706951160274661091143793125492225
52773279174920969788988691144512031670931336027793992247545911612117040321986264
20012306475452704580384101003650179071239083805221355117595014635445590842595692
58790567506496468737640706138244635061658879989137794833377610165087549665759199
00071872710329854397147786372591557959762324049511387553144918145038908386964560
34428475127124619631522710399945557594332145104783106720111942059039370761583817
07896584638053582232823017947329410179714332775190703462263833801513654894056367
75661448880194844704117341925113871720059475928717346305886052328369167309400425
40735047749412280708534468464920563661216585373056854238815483790292326057859266
39035382355761907057448196418750059846396527706579586272278811699200699399976809
27937098542961470265551918884602227022313994322245437244950327656926455864217282
30826922017075770847670133638811529487698442712190730857860288325891188810907415
24017076003481224566424493729841995885170979349768585277577999357003440572246901
83469805347397824667096400774726735586466223913573993929523264201343476587739257
11030210003612135526718751808397342310097689623684995731450140540364863234089304
49457127413261591229283948896919260178982753866285280793722894476243589882047244
51084255449612956651816929540615322972194257656943457743504777450789605587331614
53865374675327968834251736880899584273886698415738651004801569926003756413761191
34017547211246221762350308081747262039698482298025791417307922709962392349159856
70171595769739737949381456018662855092632778220514382288957344153463357596787716
91248253301508428893787482683890777731324250402431584082166429644532948737680407
08919382111057897226740321473369619417318213303979903113252437420329693893473244
45236506416021975991759956774698012334629915404947253882967497980277998105979624
17830041895183219056109344840482339400457835822803942029587960819416794009111841
44461964654115176601021467942056040309988742197611154075508572321079086209655335
06703069811502737024653142242664667182257205064379572448802200913677297026187985
44969006148843866506490351165018513110410950822183360962541924816148876153874277
82093622061300042269676688048866688930360042555556626038366757778784004048147996
77113849085617053543439919186702498820317868538641705487033008877390002508676613
04070148665277196107595179393470879859206052133667154773526871886198577024173165
38029080683309512053982634584603207180553959019391568059606020918460588941157600
00285068814436809243174841058100504351614010468393355338332861466488352973810988
86957677411732119776796592761535042107389012069713977262207326397178868885416022
19226992771586389508258635472824200012807031512953743111748116564204799592203427
23105425149204979442816090708727476283307077213850679953011863034020804903055587
50380689428755651869635710817666536274802549623820514352634726335009304070525362
13371906415698073330868672083811661615444704578904423242634552339742712795273712
87476060664584666689472814249701383461600105839085553379467783337875245576827494
54850951129474271201682725642612810715450387915729133303318009848833875889273843
60472792087075959203101618682734816690146681598931998060428283724342781229200260
57330597670868621760942572447916025069955739599818405063730278518134022434680916
62124213880006509975157017170732557357282095126560174068112685801826542250577892
14427768564872946075808174332809334769861869288295493043914100697051297443285822
52976462586355357500895148288883245358991598521694088145351674176320274523246523
79605521957332870622774175981706705700786121894963875474820865426162430650647422
58519863173071850878722336083137966509480833639263415786474023784605060580945832
13289580782471846180031304391789931062664533164360170244319541723207571305507290
10973473303644168325857171130752135603880503982041440998223846169392622293049625
75539876821525168933881908879467205269180316372875827937987845067913357545369348
65756387652261524971496419799313716243780000811021909337404305461751261228556601
23144199389014509106056897909737598584235212336239839003284194228786070519347628
67145381351505544642683547496854797590623031354929441086531307890479736925261164
15504389968196829239297278295439804114027496770786045314299593365146188381635511
71731123387875313781090486389161345067074306783695843133410310881864902415447652
92795311871726881185050195516390700139348166038635329079057058604540544166646172
89149752709148628981837666617928816518749269882266983245711159476016492563126691
73271137362114284002630097924163255257771008018123822256522707640383576845759420
44513304332011302693515671957808111376420208770833843312097962454164217723059194
76086065686568026102777542486824627395171389735880148647343691870367127853834594
14086331568988313034364947845030012206108335392460794201729755450467170159558877
42965104671625296099265579180452925198863657490428213426489376227849626662296274
30858166226515408773137048481151384744982266112963008112666865679769347374354256
48956798908686164736879433591872105803119619203592684085699245168567781965201126
55965628307735041090945424290112958242623544474522467078186383018564937947498894
61773455143462241874177916719838690957971334737289112794729651108912390587276500
90535589944816211656040304598393675576046924626304197326969999740229199914347261
65220671896191907820347673146747723837389690271557598616692964816348474170680967
00813826132583539975878277434632409092112312762389276641799733318749473018588560
70294745281565130244786727134528670916506966826628259470230183589771283125117083
69848140959854167243395804347461678881541635520002120779955678600080746263352758
04047094127830540133923619565241115248406020325995694690374757419933790634305445
59141304197295676441813688197806352322739495978291236276024987534826746922012879
68101640570073211550057993918745963829292491424390343979399215959038412648708146
63780598386491645665929354537602987800359095712910019717468458636073815036265319
43421040803965904657633744116649869560019466766596506462013213332212573758229168
32130300631339667876828404096435245777944557379239045894010000579306651719549655
58332333918174081513467730262675715024096184462524514024673016348109468635520639
45639566508963893331315475836052503313960514165170127030936087556996367038288386
74634234042724703652126066241726524241276503119253568459211896925445553943160632
20038904675146083622177184333980189754909304921909860780776438168982065048892486
98327307560717920883172098936603146248274026506906993507064453471349489512179686
99431192004660379968188636436133450152031906282197646996409752521612935259893176
69886122282628845845323076424340913669980447779251263790681774681381096449731988
45359767487132678807585674455612506352215540626554423276891675352923076831326397
77817774869517311599675683576907777605783758628614248920100190053729617056401832
51650710051163228093250949727357306333102512304273058618645339800283588040423877
66649219935260950840145408908350314678838465324159321657458583070011321711211352
55589532637240800496118350244006065473531450049871060533061876674943158903441389
30297592573529581015578400445829718032444571129819953652098888386131136521364645
82688356632784618951891218481043036480630591515780585441086775805571368431654169
29746536239337206948632733716605008932753267741314804989140072184996480609568128
34929579380987810292482101903801944576117982538661768216381942188447073503929532
67803954415319625507237019829432591962552300028256225459609754868714183706099690
44612749728348812983230893188293861778718065224414503506027165159076847552447841
26749789181811689731049429887721784834803540595796509505090589397116944658898784
01058355567464172333326669328438833501928090045888598340512672402167062291959893
87195672063278000307929023969637110683016766053666171381160339427951914560849721
36494021882397942838356511200133821812717515955498244854507558271692786026962160
06224830634585387555346455949414932348858518677809928975640974894997007709417979
74809376281856314397545358066598142555261599768521504731479233482647500847660947
62072376538972386971837997919727229204347499490122028550489517063443256579866248
15633494204716936592804049249381474031646805393583064407915452696979748773560178
06002367847850106951944659160634709501414508647100150280545733787302919561692410
23097580606463858324417221997691298969030485068992683889988006570951721362043520
93063690252465441347038133958904870518045065329426544591344725895655779933741847
80426036009825098072880102302081180775922741690992115657020855046149027842886650
91111581175303331090130363195705268103813428987214226983022870681359024379868867
89229059288448191948251929734012140183849659863131187906583048817827029121552939
84816284808452947682825576157220963561233944007642995098107900604613648621545630
86627076383047858505668049064909690739451258730688625306443212411925652776799721
88657173259073435188526037682470006996845933010690162503877296799308931850611743
60556963629712515721115676549546979812324205477667388693503133803959112071035658
22932662427818582223393405129244599169707936642804454453815404644036226520577084
20933617622596274647281118517958253616314630537489678201562782783243415503786162
42571034845360004238099816422290897905556942379859794444478203236314542541326143
82305062759945621863521604168622824070714450072033609239776714555906339898357619
23867598694261925363191821103083553363283562576057395431382508080186475673681616
04393044851277210385085663951512630942985130942034406048821399587401039946574053
28323693612838799817934572367491666098555413701771270366693599663303085358230039
39126570465933748559576531917684145437543619723754218810240374704025780932217735
33855441704264287164283353080129468495583211963068083169050767277163902418234915
63234910025631876114540026076290538902431440261250873006914278129597077254927872
04027269246138172263723736568329968655709562620551198202361048966460271531896661
32100577773654693919282223017914761730016873434461351661184602366609589873733353
84123720223178218120575726749786384845409698986701433587569643720868380967472235
17318172256919564446056576062374013090514317305796204259083934180086636833240982
78660870234572321998807838363419429749460075551854206332505764402406863075413340
80118878066052077189596870837989712964468677000285451447089925334872059584641052
02004425678367799881242951908545077128063030568584592670499049043637101804373753
66498053202167400116742875485487936869237564106353198277705400242874809871404166
12518827183993680844017705909582462452289213678503664258548960093475851619649566
48246078166387148295250969908578612710405969819568794481417785036403656317241375
46639730317688399012349442090218343210734590749786710063908011346866179785066856
65430560291948084897920750465311861653696832452270622701716453267395582610161513
23367247145104178486627636631995176952360575698056100625601157589326959201691231
93746142918276070722082760566450803985187344253184517278214559891514932280426189
72916766998621493553408555251303439823275612384483230358528293315868780754273424
36744166821351304040860225627553933039172408679518691659921182099827969203187615
30572876780998095686955658129338367182844951534198908654662721150201261927346836
15029357370098004136990431726347571468887446944257684620120453582155445362571337
41847547238746614237886700677525666457546069720528391621549347958639062793476374
54051911344480185549369989640439672562293109886315150214575009472361854549913282
49396065511211112237119515466698771116288006107991743679284145101624245669721125
12991834310736826628754412856345574464645771916641102647286746208431163675918126
44633041973803502772608623426084491530877508039143640395387140187736203921613863
75582058285414572421585418809691510373504668116360417775665810853250407653084724
37244978888843148444853194644307447034724361242186896904527381963718054208483800
26470212862164660627397768260975219589552211473574031493013289679136362682120422
62966984579789837486804058673138936935936934178228692764402320164299919738704267
60146401375085204141353976369296335987197426171145129489274138512064777529314965
71816435696419421205375523433288322340374039418493909907822082264076887369780622
01217007535687082975832534971903964844420739990155746306135003515448786147089176
55261440450017534346729206606815508957982429788147797022046031736630749456941336
23468543442469645088569512218338088612506303976427012230416126129956529772188567
43093389550755745795174325316447106315922122933355484370210905920202698387664771
79717350007625200107187082907541877921134219526817331664984719353065456017459641
39071727455775524340088697909445912461857894631201464126907132873614493415152259
85533479826084304747504180360567253727119215586662493673582188426589508697616692
22235977172337768497803786512975715660806892170998436900426555165249181891233914
47584751410893564577690355560466825707662482312556662658475076354763927035673962
82496042105026633949162728821979597451778327609873603814023427488295289430236176
08819344256301107838267946881388677698203066535818703763245591113042766636201100
48999978563218454681110272676216258579398661985624418352895958572370847015671476
88801296940186365617305542548870240176984535884194109595109283109462116475822124
22720257620730919908238092098206491652611071696852988440371419622533061449350066
14808856503000496935730756770969466254915812384586244281113083414882939835540333
28866079117154937720918557939382011938019932050791487154558164372210791143108078
65939173582379551018632529176970793955806584344367558102549791150770134284867676
32285626430824389961371861567927524651800363673353537190781861861540771747218943
79539813621602232809298685009171958058157664109386209804076649744527602133546665
20832336815497135431152842284406892235058237591834387784033945895668580021510917
42007584987688604291411265479876165700915868636923348344470605778883221560966578
07440606198200039385307434830874042447825090388786706355529912759313850387597678
20454882580687054683806297279113812375908632813699615708680254899581074184053258
18005902496763453357838985613187894351181857923748298733225687916838146864630402
89010156493162450202623605482893527532677035227732648755114662451914666578600205
20131122331523279269726229476757908832857334930649153661134956689950029929976727
15148911908986682840212488890154173488350707300754938279072722214092480095982971
53879663903131764590403562814379790917576773424461479624604061577228403977894020
