683496282054917750479817615818339672131066540332346092120620187919956764870893
408324989864956838529685221883704739723628559788948584851780232829546827578105
219669891777078453073425626521811523008077765304565192811221936639883398502435
898408195939910731019186202014537010693887208699653322597319166226949274081117
044720821713001701337161078134326164807103603735206794753393663032217531751601
452809387469048543002311310507161027992299606742587116519424862124535481698306
443559425648591374907085544458179574446013866406066689639585585114594533043964
077660552908862476295887898388666136607006569966021822316277880914397247941277
232639895770130862544526213241548368835790783360451126678628729691527358333739
953217471100066929857612260479953286824030157870233810129708525344757196441247
224771482560459103499315778792864082475392834023827220581244257818242886780104
709048636063462698439566480923616921014193205199977655952293183827252284008763
698742326145742782703895174560957557920531673582435981480821875094286017532423
719952720290475078530761813747875316756040943210748492926745054297412022591081
954651040578283800538733650993134420021274825738018944045043280834733547426475
066735389321506605306221574772790951420330764351275142744255596608053568760580
132196229893258961453496139790328313523328106981261729080607749223869448902599
456908036143948130457995933010108075057095671146021713037284519158704650016358
846206240787880212060173661593217547052931964590046001177439818464860252089614
556199370838987734366852613190383652741886706315040669245631016540494624964422
071888841069394729742816321965414500877425837436690697837407108282825338691228
218972331107812422954137065426512293744539234469383371442216290803052269807169
461338562996763459685284075724069288587028961857121834438519642651348968960503
356825789412441732735604867548592754403658802573077410028688525058050163113291
791684536972447563685390300321798321665247971609271404271480831989658676521939
922889580980408152681879781595126879968662583410408751604115277145685050056455
023112523131513907995084530336930332191807278683845048267112066241410784376702
778737606829416705535223647095137732272238473651110846853582094123145563743970
281288241850632106155447884143774057487174669857288657940172315445375003324105
742467130011994490814852566659339390818703903741216307134350722750494938487493
838194184378328824349189008572885115213305123153203069302452371650698686867037
510557708132545722656461538405799420045462772948191186280101705712957192381454
029635288578828036990884545874295221603852803999105235410282319733775831910832
902367884216629563781103581455797466800228976517829476376112893055358912801411
065609463928527326325687300876001984663356447665055529836019828743415093609978
873730440969921127847070230506404788174382004398689568472735219574088634409955
558303693621332977985036475316189654184270981460789076703734256010638100301048
319095070184575935212930113840204317396011398018926876962563157126411435016039
301069356971826989485788828014395424790372845849827637860952935889420070194505
557402564853018480869351005596594113488434916465006516023415956749291749962429
294773899333018086246737847340641396278236212108396932311324620734582625633706
123184599746655353251201780653712171662977371235168481164057385221377509194607
632636064233978553194611234238978615851130842697090206425352187146819170389121
116967149049117318111425903945423605703398099796953391561509783826000553225224
428727689874804936106114817309911724925242623004132753909540301866307491420930
169172055780247600973457109414630637719682200792403062687019353323400860372887
625378848997770032975701850014224392802649120971265551426361601711655481464428
024288314342455190569080503851799479636626440953977062833033532551044103964813
323567611574743473779241428676176635391046785949378683838464441753144600017079
276102258487870814508253375864339868438419061987680923625164521297272121602531
128416733495470140667865124058891690729512531052299085581971215273140401010491
540903991097415375068526864976804382220405677424990610985013753128587537826216
204132400275645455716554867536623810207692911815868639314657418449283801535468
082085989692178814394465424412727157241399432817741035136797690879969573955834
905327953303727553198266606940614019408537129860642340895147856346505946430316
741204387291342084130498476749485146028338609659014051093667447310936596760069
471785434635770189042446374808282919187892844911657016311391978938932751668795
145503866601114479363251604870104097293549061978337378000097834087796117088574
889722216615540533005596569854830549774211171374967484053313143057179434175676
115625379223524972801685532319769426530373345979276152106365862648610962587048
934239028382761657067298502039223105866643867314140341057577602301967219657932
885404139226474101487076173127835048641287531723858747289647371478427922421497
714675177580298741013624153603007686141896013208558995456028149700227211966843
444875806429961805251494774305176575384053700213251112927937616417214760349181
260498148853708994470377621995124754000837123719319729069606440789408914560200
354507972340372496576389609255547608045891550814346973024528056553382119818482
916398914599138990152215454068445222774390665056371204692295710206281929705259
834101562908987850955093388864759452516269587552714357229363178055474336279725
163970264469051020242676335824266079262820723594357915438142758010021910102663
715907125063089310539931012038848625006816922247359780050077320862533935256137
940494853199966591123708753782956815628084321549794686353793752448738762518872
913527441574345511349664964570556279724465029418390092460568863601399645269338
517566539269560777195090098139101622893989440651691774501428999158747844250495
347743264356346139810452701285537792049587747545654902689393249702908388986127
719927768781610547190821073839938328450451063685317425196055080356909170580510
253403492636064332431837867360626197364631266849640957252360633654713131942159
331722679688291583250892926387375599530920068244032402721335158300079929914642
338472638120174898206202538232068608404739983221059746881091788953228366070461
961933288254181464057206576187893868988449068059577837417138098269604771768488
306829100178685978305479255367830850425943862522648784055233222020426458801025
241702968663056545025515482314055741544325007909548730516575967314315918990336
289629042713080085756468129188701416786865900722403343825388714753659640514375
827585027428419308304951761494373343585888626848863106337279152597994842542285
849170409164302213875148788741351243657149253462643310128536000527378766657923
612502413767234537417419262237302531762752850534447107080766734595837959957019
475428173583910436619645819305828417933407115136871353818402082066755292264966
061455433629822195139212096582826392409938318554361157921977824089952158194144
956573624652483643467550651418433407294215739507300558191302222916555271289909
641202532078542024726951360495824319103765936542594229782042001470867061452352
185276955865949513893344029376355577801533060555822295761019296387221859984154
252197697922419857807524779773030127544324371175791125680633467672524787831105
922645705260063518603816387118183077662556764473053222521870320848591143924170
078214915983782820820653298510063660494225858795944959294913476226757163078022
397604951698371031268612040579904134831817753865653566976726045084284273594382
046786071415258138724358055381600659573652723782571563008859640762243064449196
210079704062391933897872874159157355317859108974661364595920517949680412959177
588571041689216580190242282159047183234422867001826892664891737692620571959506
633849086106793127088093333537475345003248204005429884602314725890028461755233
772674401998444725015555951820227985227660451785974534873661088709983830687171
044360107268060661367404980456915582571295917443678921204662044155586883496137
549828298699729270175125849163263645658352872481824718622475014515353474365903
057673558140007412589628516796592980944712137877725450281789803823188582081501
651976953318500863243639771318411748070587919836150718738068720022005931227351
527945364116041468371581269132003266894991572513510015061689162579406190505222
135809937755226826582614554831431571720334833004083791019729610174964374918064
136951362240020650792898632658712593333633900087052018947971449327912098406628
006512753304469869310307349201760229721958520570057495876226921548040910991092
106339523889951434803575641310673671636196987988396170427923250823107596846372
573534917901692214473110923292604283389361312619610470023155051720459659722284
796358192458115616865300105122410507556727628645069904523269506040859514927457
482832582744512899957916081563130426660062982254717293028973794123587559583921
953485668787279015852939810618953271571922385274251402698723314771462023606642
502028752034387904706843682453450104725907619279622162557681960060835767032529
911120625569199617462386447497072810353138316632184001890788387904498866603380
609310735644787725150668712020230702228218502034125704442490215563589844628984
678591738840417708485389907428955485981068196439419682629273669069271760245366
250094108378134109167994539926317802603663201087063904580184326027698929288934
798984861117074266907404942497511453483388321075344158167715600102509542206278
175871214461473796086202807740305974213722786078089089075067252225811624216885
921038572873720312246981345358487398591407984738872346324240445161035733542620
842476803100597776034125642063693061134884130869028240041535309630082500347784
611939787573006631800509583752186318983142431221506680656040864112308675373170
952739241132555613578841621250831913726834637316613639016916136635788202714646
141078026786229327157121059061100847036145026590885318350307727736113202909157
347131759257239817986253839867876250993118316250195267362565777105765380736964
307657781178987619279427930570467725280883235381597078662703771304693443022874
535497267012148763309624444227688666712056627080830698054026978939774864106954
578688813187581170069485044659626570771545442790504831467508262727477845749380
056644202062548781675154932406971588490243033046833887062636105242624700817741
010627913778884565022068061123879044912658382243168346154119247220425499595747
108778720438380881750146014015004558574141711345731573509860504625460737774955
830741871214447787960791181980193873680846134294236724660750874032078646161666
689042246578228657392243903889595160330320172125396261546643164299694809816000
294185947028415957840161071505487946053905907908568809126346641937469474709267
178364835162051581170192742167626455134188492200207302876121153462029068094487
405613865486430828336402466084851403064438650100369589764487872581717075075084
298524468535077598600468345069378584133880832031857352674982912203886534689826
709398332734435237711359041915541598191223642292458370883134271654648548975632
068818127447791086246293224604417129642535613328078804653080344260756342313011
597997121707585325519337883421135611287606039507806802928681500602195487700647
636611310227769450667876560458359772433140986695950458064413841396807724797702
812407288045815741481114954105699643379309041888086586275025211026909360128929
639323330912387424820724936468855102180025429604368613537095748437273348681046
454864401564665512112615457734242105158416719379614190755397618713460891602279
206184281901991285847337096084426994638595939140671235864658041879800257692364
959615850640333294801485405699602197921536984320361903751804960239654619970024
873400013087074487654891419804237146007231423100814127808451021988467322936404
026385130149840282284320436733661696807899275573164683619174779489630698263722
964825583185846918681821178707920521588895566674497260693588248594845097576123
874831258247953792566662230447423082711797006535356140466370088045403712662300
569171783703738404886041100456115557781785060299105521017048591838009185957867
688596768647192638439079718937529644330163422893269410984975029522874503724886
897616809480903294775097168084043930402716796486015780327255508916969733464724
909650591619273023694518409004535097660903702666832996463832338995984609295644
263645484663526067108763704311796652798872592026373688866873926273184536343682
918381912185223525111146512482783004552654329292837871907142683597342094849263
344602840328909893381624387754740784417702735999787430861274983267511663056080
362394780801914142070234381309673537085115885838456893550680724759450971501572
952392818895965934764603284741678676009164865199281029539898830657031260574675
640782675611255150163298224519610806754621667341873711232043239427063386412851
321258155958730949687114654414697348913878478920278684462977568109011853216513
114497945397488165056020676157531204909194257485263287556504167994083190833334
608238772823181503785231526211016001830961139971143213630980544892660729598829
592241944475090964232832998091586066760910375166706360329890809193069779418908
701771204438819300393526345018950028041847954383866481747021115924480495000127
315880608105495300014263832587894377451612047425418321379984127777695155749312
019860936179209934103977807131841512041612253169381087310050688427643321044440
136845622173074410780958903892959362058508754861904702789408799333861160391136
322409757577459290168446474557441669219624465704134964946402408851976948715457
777996832330807271968090543641058263415845386134889130697433798145706188565946
992380422976551236966738810627895817710442346679133432449626764529052420569400
114916286476261171568000164762680729420865916936164773156092139807298904264422
977957024492670548300636148264498104154460984637033511773645454961594034064451
460148361915921250235006882375584269334391581715486876273280439688053464722742
616399389721661167393111022332009674594363243246044778520777117549587164639302
579502797325889995997145161078734943772047677659664865130990600807527573134118
269376338515641574606614550487117852906458823391964631498444431015764633465936
778807120787309978940402860004510787090790651672277118700276752866941503164546
728695262017467745986465174047003102243388545397077913024822560513310676072065
721677128278214561097007096852902565655460738826926299404815398210974630867310
278792920932525444849138309146386977145402561754599267302831488517508287073459
169704162175051013048634186062121416990052001320842835209417936693269257738535
797999410682121908521874883534267756717612020852763414860442122672724732260921
911333692596109112464944279091714977488147572517340434240013052416177983624456
493999708617792410161277059214260865804688051782585779364600579776226455305920
080656128846287207908032432614912829302761813421684042133573573244705142447793
941630745697497121819832938623638798185646262846982741528652273588199741215815
295566779141776834369672269476835990141214693371277777703698646295410035524516
901278132413650696356936567536579995882348423137838982152816961934962367259339
622072588999849551269875143121178827644365201509754863259540842629318802438558
236383363725876432945993156979798239803034686843168502766317430921387539119204
373864110579354739351403101203067143585405058865608516626168731031143985406782
477613657787252666512441937587165992402299709154957379506539882043452609311039
033192351886063686179153123428001325767083590785768128343599832225705338110650
828829470375726196446862580095285410181691531112372637322381527460291462812290
224158012678706412115830247335993756472578045562296982787985937795232590295990
132711796527663378941532386560022466098022485490225211145496672363835326252549
963148977756090803318145160084694038586718287492683223569711769024173699573811
893204844572102596957973556259229586133510937281005670292176207879525098907224
589382135131465686653377628339915601022006616919851492786498821347242864503716
317766278335617557682259576640116695547801784798279913791195516429120226675436
904718801574859761548827852166238797169383638746503715592879716044383157581443
535199640402617665459300825570774147642277755096283014285992716727178472153152
570341042289180353487148777353854570290178732067877576219727864248588324940879
258105179652526701384791953026156647871813388104613671515824192434083731464905
340251512920006899445056129477317491643843439877000739798814386821262530153353
775246760222245206949775294953688477269385712808849255037286624525715223953908
923650909184640953034945565858105999251450186483640498428503020300417399428112
338395979439076757496435519134960350584345645093969812940707756624207258142862
999153576238062408734971891531539515542938332804549071476945240147749363021561
456863298570650555689589477391469658816366245294397690461259726825782392727638
290160830641637428340760981117724265350653061044062013192079959526623751592300
651468491932816426332566079944301355028681801577334748030085952719504463619020
770605161989710798907547803697552316334428831558278459602090967177906571406251
130209303440109722615091435534999350224165747184975005023589594399763349142070
298313753700621993847859101394801127908265837130707890437973261305592241167184
732159329170745570167323232728401499448229102173390339076764768407387836092226
235361735120300086962541882292745526203477444864797136864856870621256349012531
645999093115263558416411174659988435094052378135418546408722037618911845446840
606258062082635306297079597032306310117634205255022570851550532131456556214796
551299869869131106367595245869316352583891682213453540734841784833202254442783
772291695479239617490831695303693056703232881632903059096498169082610231037817
777078997774183192151384691575787064388086178269656299131348888937961317582092
668732870913499377011948783104960742820168608157471030181515182571875985006655
124283725040891019863339315131050800489686715163177133166712298867903424593618
194546572339194926907398200650738489171844167042859127844973932285874672760672
048631900988815918856846437072826018905661611640471665591933729062046097148752
987977065504339716515551977895114345460562366908850376996342958057253946475758
209407450809074247353385815964504133543074799936913803117950705296462451786881
946968173139084438481187074299252299930268255194628392275283211968225212223982
232599995774464602951022911432468502101296809358200934552041210020269630851066
219262622635026155932267488032611811448967674436950395859822450195380529187256
723653248248947597534532586625968557421885589877768115589239583952516222750934
647672638839731791430824854279176959621597604210706350202889342024959175364636
520900718802744198729765725176631269977429668191732291826209893322534610157889
026287900114363695220571470045776591035690492912623035284652956194662006592422
480069383919721663943944926908091210987310220766404613806284845969080639747069
615933090795689814306966626080554926439774819587051026319303803633409697905484
089761458855432815473864734024938606759714985963969643651931855261910368613507
562571906237911109874037242258828700127465839417502568684341432794326063576557
102715628698657289602785726201712952828116972251183776860473711209777965207349
955664640214842699460370954523678783155721216703027862480417991784853573710337
852705009236710628559678059086902929235340420014395140636104768356732495910622
589527624433739276111489328460087926911532721937535341275658984768192017058806
008907435478399268630844181444484829041239453595623389505116870825226352741674
040908084609229356247273608836804170146819635952286646842912906998446633247709
403698904336747203493927118389394051506383600108554948432298897193171293824364
870757780169382111559181489274810191814503621985029822957535093035731488217153
556050351143039692395494064362197011893688471275474337205886427469690508352291
042220766884724925760032166972328490726465622574070747315428513600105118516181
864527967538761541247090040368220062347299781198818963130357585798257301207133
040762217763032882918832331332765955211897557924647010344572714661398697185035
965078580031270157222369960377620133736345868356202498613716926216951287458022
027762200220296014106162791299280522714432436586728086734481264237118378854418
881444236307212017114789230910601515191327455602213890596062844052725221365120
944382927815913980103894716699739227453893214549220232836746643376499804108760
830112957178439770615591461566638830477825909217063307439785115829074800773981
178996926544201095846352842610734133028933364656881081413103960867240895324354
420046362801104257152054011348836354310662510935252025048318138053798397031662
594348010998912852347929877164353167086449533190590503629314942106572774273515
948091976069703117831131602254806402890423123525325410403397383747793339872984
536734601199807874634158680279680525122689518271187077452839839382806014312285
840178521972689629457204322171211490018282836318912329259680397785211279756103
815193775988678371623046995017572985117518605207898048873246893872881437577692
578270134415451270146852947391639471362553876990833168024357478501758321405867
224099255997638412912411577053844697746252115347469833061397439732316162665661
928909215447156304666179403542924939689173128084006440796169710685533536213829
382833592416747923684974113678507148202400309399908284745668545871565510973657
812546378110017102868411832336660235669091868401934829239448880800178574854433
867561473055046802257620961751261112917921608821318776572293862338482440245374
915946596867392213674754845416494825597808714745626105043204685895987236801953
978975539536041214772057849958492977054266400310850675350951038749608144204285
420941648376021872774305780476140558661485667550230427005866204298271016034613
988527846844762146549355830177738801083876381594742524093767719944137376735813
457406030221025152117982987294701576470457093272489471511829328080102866358596
130677697650956092970063487716433706196473295985579531057247391293798034091397
839638028597741894840388823184820361949126955206627782650228053465071873734879
647605780637300402061318775978937573687200308898579572315254284151234193758110
258821226570987102340751557864742550621604077215972846456912054378329841063864
037464637310171054125150096970622078612396673144280927197107645404310928585029
860337084144028270519482199211646778674705960688936496981380409163963391220391
303560397052285941682120897054406265461252606176646793580306486254512445853397
420333798628965354489584735623645760823685616187771444598391744370135704959437
521494254819210451464414730865140436627928684591425315072681365009094541588549
749243309350839966339995257954499104379705732958782787907383936268522915437598
779164333762428138044878379673821359950343511968615589475542782088229610650798
274119423692278367634241964578438079609932324850100110647491728844100964756937
473602395104766428141726357445056274627748774048940497195793214367781194327838
864996319834426054579480120947401617057221665585557433777159348948187517852269
053296313311409610901678576210916563002568899552504040964143993013167854075598
324977566873409303089783881424286436031323218893422043596892872067602916585351
566323890709434118735907644660235931112181045609436091601656389630564566232915
707410365155818327255222392382225998475239782245316121234004611249759397475091
856370805295339302546097395587607660644354772989215915983675837722658561684914
159968265428521677048555932793829045611448229093859389466938522568728875166994
133069442680127501875950999739997001746520802895440771314049549562795271399562
624154299991245105882761550905640698978564878522990233274364539749418450881762
290909216856210603959268794005587198670685930725767309006569927419033804513846
929662919310370999214916049422810178228493507150233221471291170480227433678068
161261633842152538565618174007826362946707353640544601016095518339845505680198
622734516130842981476100191500984560957095996776234464883225947410029440045517
601925034841091237418224189173013227469757545955631065241987487996482649950572
047867224873195921825261845636216689652597333633818106693222044149737106717797
640183370556491340828368338896725249329171746247472938763591998941501891399969
202930271732480865781902026161807531718636016674224093712413090945301498079876
979347742505482298336094713340961020262660433510054198855598658065508208597315
956417444652548091589732094910726447924479253085052765318187281985609575381752
066461924963461978498192267539592293690702709851077574176291404569668748242931
580865117631878803011226574889333584281416072031268883037160271072534773294119
349623922423082861185513776356952789224232811585561528950463299563501604063008
320112195945650082041843102400102271706842960523644287075378516137520251490484
628758734859971667244551266367564300414853737752822851572001330063728091077407
819556832358833124769027919433560454565351738644940156152239584818535033317613
072735164721236215254149249153180582358988423825794117777574113796226318990410
270892080438098041591170017593391968484273115353203324042585303136515739074053
929045368101323193670147338349458420038723711884583421099641809520199326339066
658931706633220750714042275301347939164840842349077610480099665575392958729680
777243480306484518457360342296535581425357969619787513039758849049286394624021
103896261839030380470396724374991213505670079306009938926481872447783103252484
267568733287428608445959502026480370826845760805445215702325669322645553337422
541750804811059567002904076994788948560261350330054204002333415593822581994047
242445531330320706134582026552213745839205432359840808249679317143226704897854
026003011069945309303430428455742840012405916591983534530254435933862742732740
856992132162430883233447680892534907695316867847376621069498261033509651843711
578873512906230129191601263968321383064794830565834318304767095630998958664595
056831371014011019800461183833368814054799286222711259999406665054884956084148
663280140372233220261375670564556611815392180131957948035159068006030459171422
704412631392374773678051691925191559516877323493001483766294368545512775734550
765770823253109532038179930845981731058410636448844969699145222044451443721221
078357495580980789187698134070611063907249782311864120532352318322453984228886
463120609074948584563524709831871364273908552758712314039312684185601286882959
338126838025485831372223599345108396859168557873126314217944262723325744767199
352445358859741860958293236694094828823662589943896422035446403166333656446471
840325926231849475169987281757122498200667359571102921567089457212897261589025
932401113190576131440818103340267413925151330859496150233875684546786972800357
829042965073935558080803067973764958709717689707023650871618681811525603843827
086002590128735358431909037616429850474407322519585572526804970575453231548344
347335584850160754048185461169547507211075765392953065527146141390279897282126
463539897795400875303639235941726898673847467802504746728676260635133917072651
224696111387440126401985813396324867594493249683113511722462166740326354536603
462246622650182735273772340262732766691429837472673950218587973726535398809989
217132785889910934216820055756114790477405738524992834704634168543826973553245
176279867434265496606915364244407517407511176937628063967105958619882100512772
998076470583982481239365441162655995136839644806623504397878259703309005003462
731841706796796413681313993580337930008330622702838072725421637356050913372243
483619681629389283677406624923502785623419747653431838205902745035863323201228
201645211686856374413027689019707537533416555392503884850166364479121064359406
371937866301571064289110297577389576052280961378976649335283151016941958560777
720790820835994983548795804498995110244142931115487725728055147341065647389014
796701040116256038027289656962511598230743573152465633266076598052995181473137
998633250164978997563939915247785714966955682358833606544929660976655999906317
741706514436969204072601307307421738433637592228578204894995590479283940556327
057159887970576223824201324509672708583626409360765425060344489643221015166193
568727820566098052821329439376996221472535658873682785468205907659349951751205
846272503236467928180221512400440269777177282232131971794827832599929447881585
421017919283267322330329473312195801359082313181413959430976667358408824168077
532303482389801616982766140364869099868563890808295579477595817365589268072673
065353335009597339810184564066840490945095488266426191759601421196607769516448
357288820231431821282585261970215530800007801830789410060826286159628985074417
614179493018288606959891961414849452816025410473412485013269420722834368144460
231681970625315046269051955225898205306384538393718224570573487845421434001356
759549078594580403370682169154138510731170042458991621391942619220221406625509
477790252194147012254234054809278230487522435123062460997290534025305413900886
339344623346626154265151396172840663656788313319154462356758856105611000623677
873741020777758112819372088512511541968405504288794722636820501403075619431283
197382027483053720031215397406566440463274583020428957084693326992212176929836
057274797657781576624923986150532777345508187016171428425119272518748065486624
960144475972743566827036702255862746661268029524063930252495989020717069653339
081106706704981846381922609313243910360156131229956811196673187371052686667608
753418340307418448906470134612185856927543491720517074002286929414124028135596
915034721057753747036412194551820443566228586255814382779328800300571565126029
448752998723022359809367330625482306095801530672277540398558873835086692907367
107577331508607523505214332838250945375049101484434809317066116300224711153413
188739930574982842020674894133596010479180530090598896373413792008614100591768
775001738201509004733134623080332247843059903835891225943296725239121194011804
850203556997801544266724070120100361021931371477747414658142634927409259424587
124474343382592554880445864065037603792460015685371655234306475983614101945012
047336206308661328291670602542744549533705973515637189372711338714996910240868
565329959531711396995438939102550301411951154913066769294599992441470958505575
848355305044843900690988066155790346653843113558974006183748546167304776032978
203781567942728682453848409484198325626616139458027120672975387810956775527204
734997608840485098761784199079634780850212580942798527944729020048706116978236
771069933909093782327060210299069857596014398956792777613435174718474088626852
796342406985884347391522178785609395857986283337361602783505856955741202354571
529746731636271742437386336928280816303286630264467210933465532438950681384325
125237268357820564017799565819512281812880632124435224297881707552394101055407
461720063477458504871161376993029255039963111308315833839554374340421719398607
228101615920894873932163599663317786976147026128448916917933018988966018579481
535602444201416464571336321157821463287372890147773077765217621840178294066464
815966599733291100364414004787684465143123800817329454722826786055522817610669
966218624233550621642047853653592410774994032926259065018189142732251332359280
268971169724913292770836407269114473986104446845412657816358494998517466578718
283682334508069742295863595811894939729623864691133792508325859561196246185071
147579807436696778762687645042682174324852073114158134738338881466269344905371
181837827167595645812127546480863943479565783042025093355212551300317463664629
181257024889162134050599028545255302573579319602746647295970929443821526342736
275923254341460503721345349171601944647797872862755863610775895292854885400212
166624375637761007511867008837756149807555731941406682886778379644334058649915
914949564317613115812306599818102648214872990546914613393735682557295710932261
769643442926630396813889870361876113820186227657705973771120606644425269890343
067345400415722654881996412461165628077525896377560664916948529810036885657867
965873948463804463866988352929457074975304287154084150669979269779588918922764
416839911122361277617516218860008178961360583591042343936296304103328323015496
300455960207025027904848016802300933827448853258676515924386227605924686829793
821928885836175460263509093251383333730404357582771017715917554600624421718397
547006917402946265452639254214007659729807460387449134386575103641946657764549
568923107459332536511154440232107356406373319792046108845194765132902982379271
355731171760992044615956242175351509312017908678696726854902883872984275916500
460280171937009456778700022530654353064027294544197519198618504275990320588160
634494990769612102706107506091090336654835211746627941002114436742194010861409
376825044927248570715481339287362359589343729536232619921964954868514692828270
882163691537196775029247847835060099126171208529798334439394968560442860422090
563720973607961769288065983737229650322823101525317906551819796856756582482992
265797130397883743255468842969696916313533026704303011348365201110051384730614
310982875454618717936976422640018291224030029888071414954452417163406743615371
181982372661060297888980612255478446613745437974008682642033118650861656256850
575159400823654978469357739284602845535286124509723037407155672724365572206564
443603498129790749847739194867722168765608516314680737423060623325069358752216
088707743240898820887138593220621100194724841653783479544712657508068018420115
093298917184103168651213016619996701725082334537024396174044079443131396564036
205019503515274548196997501094663415786324626829659757725759830525152901496588
828418900758859772093135627524470551518846885348201080368959713817926944359918
579311573691786492790940045031565946409498155035663416023787088958939542303615
177893629464945024623865805525341700983535778158375506024142191554097890494879
187905285711614756733607530815966756390390926953829278803858124056619680491451
955441353122713479131255225542662884460844370001986529971321939871858158754336
811658942095566701335108567608271773087267494400123722028769676027034349831957
234858568646386318283520022422329472719621418869456370645076365658172662164905
821943241865440609199380394563804039367839427718394121976906323067277135342040
429083576652709588837687776153984246437434899398024013893664763789491625595593
