27312843565352379067917651197045067719813202637362220104217670585424239093536920
76945184281172478059530192586775313680756337908320145059095129819050393337627731
82096754449822330223868760447027306191483018904210858349953482345018450806266084
26590810024681671216145547992919337435393335451052535862451914784857130968777442
39222371504943509531769646616289981304902017008380904697580564543113057927789197
49538007975318843729269794350369223673818498085142887331874949201174210946394624
35491560268561816287618687404063278967215329225351590212775669328400641506619402
72889989914845940460633670431720361888579174551527729304988045021697729867657177
57102069904609468001895605291507903022577609710608544057352554659612163489261568
16721746959687917574692274182263046418544152376654595547198121244972739684128766
56862669424019432269129949818628647029240983419754577188395262620659616755086253
89160797614136337668276828889232780477046179517899100053877381019517664730893568
53788964337200559682521674412419803555714662122097800839086842179762285661762238
50852955235179475187132266919837368843982115637406351185697191359587099888930341
79091045999384595219630533608950195787253721887537982520788359942809354145184148
17312033834584687355022181749887525353097555144088303526975505314361533445371316
91144174713256992121705626828562093326593883682291166849755741769800118706487086
38375077330175406846863519840570502274418431507141005100668129002295103985640640
75409310499552055683435467524926968205849842528154833199385709777467429373335246
36312132105696526287875029428884267914229695019960871110240522819700075730571893
40675455740218751408687883522473964855684826755826813496670621326976237686429565
53134280401937565834689177559873986852343912088075139340092186343382503254268662
06016320894815833628834191243908085137146577373610496096547474029094790116271477
93547508282997290747719507831984457097909043562328696165371244160903058657160961
27469657268171557911262115513164412395618349018344934217750116764442070610228334
67322458289309994322440531348415352705705242824168066115951246984110825265533009
20986153617237413694629133442449238880577899904534094268704261478275975527587761
14755164188637260531176490693907381788571846162600943214181979681761213090235603
48516482186229887579553361660669613024489384841647145757082370258397120426313887
44792036929289105029039566131183756098874300868867343482243296665278187167099142
46741937872150475282045472300798275693907657944633759587812189420346594906560973
68440006504040509028491224602382680862486821891713788331678162789225193858368269
88276360874790248008156321307343212732781929675453756120296255877330342354686406
93501341634272157122906713983621157900526496506718819310070131564247375293149715
48168854318570649980180591614805414347952916095147167665170452365381780278475444
42264833984509441777032529728315405867470326738653614688517155683879447482699238
11585947285934996558137552285963689759000576053438983274371578311741525208562117
31536698782797941896023789375051860612475590471157171548659077492520968924895582
85483360658200655142880695102903548794279730773324843812565869151110288362871204
88743395190156062801029230926136670706954565331124000682866864890025630978280588
54456363833491438923553955337687067727152090768609949918537586273119945232046697
72772922578393011757693121991788664543327474101064948810369258231333252558555721
21682384989897117426932952158789607798939543721147441519086443222411661309740112
00154775200662220452111740523617876534843858650395267849600959828256150731843836
63255788691001610877339361749202180610506697320043769119172788723069879126102072
15210718654366417122653721397158971637043806026472311286867114240290102790316804
72957952325806902034456036713094275276820581549328781485944328369372523939366924
45638384586044035243752465766323469277451930235137936356327783133955418443897886
86146057215551780970677468223557996591596216928678833930297426346537475071154407
52973582111869633391881284677861879190758294748636125086655259338191535264053738
97807076561039990244246082303623657764157652922649113655209080313676911388986114
51375329897481469669106173958620609324606361909764823637195681506904541883370340
38083541732947867668771220438270624386348737161517524726010843816516182504242899
98114008537416883656142541075928654277805761521565974218225625017415509153037517
26600336606658497597327182061516485729949290797424654988903963748426139950426039
01934427825800044863348836717763956107094646864957173966937218398037385261499429
16441691785323180462624091013604448368623068378648828271080736167688016677152130
46235218719705911825135230860662062941575045186040859133643061727738408900705599
17880703541814419729263668681922222988381911039039252975263385156560039157397163
65623833641854306787454042403539787109584340817381831528789116087901585825333232
96442434542719685917617699795660775705550030300802613758059471045450719559464401
03089976611014436450376353106382555847857722410329835193894211997225164049941560
18650680001298441125849277241321986433220671102583086542181893834771516832508749
96885289738888366476279706575721709558443593090894864973110296700316297268450193
54063250412809087462869722846454153907234826359652587428345396309390827384864456
31610255221568907752528298393044239598458124116588830864266013801198049850478619
07253448747203077561460464405180253822185726861968803036388795768370858061929617
82567710824817411147613446182641203740682678069051741077570905255294773575089999
47866562799112937994461981842137100573004214809183854243164216482166224989535918
82930746858671824714621784407577387932654153924261304443479233890811696481300356
71902361802565703755163142663060067795615475710278318430335380563853379186439523
12777736904488325114235547723380869346516289838035990383346358659651900388887837
14615316968105008438592580762673301097520448347218507622692010874292438923223615
04900140194498595401480953571090241916401319844589971911402543263067345986383185
02269286431046746898625913775156959780569856562954581753581884187615017026777903
28354223253088383826487726181757732536616463405662103571065050385570679434379075
87743882548657879906558792549669510116910520267423233862142714537118046391930298
55522205667275863798824943957844316282682573683304438942715589069901108235117597
05737932879892026539211508771826593954382508896525788233381699004910855478334348
42072605247767301304777894528019369108834658761536279694333158215992004510167251
78132294486124436631879329769849518685811758712253831265025063003417581248012158
77056477742302302044814375514611705588803452832899942812875698237554637038076867
90965573662058360655752580740274954513274599915198568342959658046762102766095037
61091084290218193270217464266531477681823174522210425955876810703473578583642385
72561213541146965693837273200411938086145890425419159697903388440036567499962239
77990897838519901033513651636190525191652063107985527468463038717863118927371299
66629451861856452075631490757428216057084380131815607271504332704148503446384557
70596616185146006696117227960135242150265090458838743805710453573095875552284656
68185580863684019741538510753421197126850286500118075215840094669993428098464016
95256947758458860196383511641920940060398314057594352187999755237315462654062177
77036018877834068801514459509179396788351516966894644112492577219282478252404591
73232354734143811395929239997679067265302552641898819381323290706817278765384762
13678868585454228049362371395352123443577839394107102186841224773425260643386484
88712461303429898323387695545178024394907625192678777443754619889569968216764206
51162471004704250230918404075281264268920464111950667216326561279737524510716795
34532154035547990892623679543859816041309303869632022090469682199528827921924597
77563962097262174163245079911500340163937847879363128320674290191060751206786915
98580491882667555691250866643978207477005572056693539569539595044320064440421348
85836063127973440898778750273556111406529385683931156859765466878605446972017742
18677113229888875945898592189051570596878544416002867164756626377634998161776561
89016805209238625062524670569656725508512416566720445260129059307661549290478548
83182845151161994541569569198485117112450013185378572372849186424018303025319961
93872325452762347361012630343294909014763009813656315519686412244704487615070022
60273675740326906138513651668807153204853525868224625692991029912759544532926366
98852617145966851753560558869518496472302791506733790775224352194680861459798018
43959090478210078594105070809431884183963323730534266936645992156960242987756786
47473863369213569464258683577252765376359230044526752800103074134700582429536266
15933714930269195905489455979704014871020925618224551865800449123166154964005291
11417852381883284510354926264841040201727180595583072438546891579511303190360169
61576549256860931531645792797346705320635588988470252758655652522388071432602149
61889080111294016056054052813605671423965259519062701573040465629178597007259832
57136461165356859683760011966298975675489021866172959554590959112348212132735307
55546677754826708294149798286282817293778487446664344357169932533471965990582213
83875190471984660107184137357579631473166675363016358796115113370394641123533728
25196457971478162042572703931152672189080195993115670146172402255959169334380963
05832574630889597153563044059457916720109761284937298023861633268224026400957267
84392991386063231220904503707356783413291983518799648039160760180389504319636771
78868294925125742211259937267688989400251859088148241589623608035967920178083934
04991884773336047498795846740233039450631337612660084779950348778210525944477446
38198550436950740838030002681236962515617730098365783270815249296084859345607650
20670117302247145671746386323145792504025638560419002864229962963880876290869313
78396930098890831741299885284006018849730740489861962596777353856038915141240791
84389957787057010031665385591480726915450550649479084396606440861608938520334166
14878316923196447749001471711106192163603406859134209501196254908320658316655120
77770996976367560151055061568652811000620953763297659389874474264229417132252871
34843551251950630542631229544253837744972358977390864654735329063423730426899397
18941694381165751961577926557641005677332246768149671819120554342634207584928806
33464012347881946397004214056522431611157286090218227164569557794690544408799482
38125817389762778947496196377052696002633905998388899230901828042111284495219928
90281235616745004123484876501446710255586221261369531990390302071210829501734743
18323033433920779887671520201381720812834273718321157412746510849627611487384444
86627772052704452569705050462542491914095293207651943495464198706801409816368193
91419158006841307374330867381359389141126428546640264902547443845950842604274996
63316767240197950139599464360183117875696843354339599681433586709374112600982273
43998419482149625351573077502191667009370374200435984902085114550716801660638602
53990866357908537637247716410027824130379141300638357824714613184339736398864371
73180913418666946718163630654003907835963190605741191773551850558652697477062341
93260719016637631540242766619253400288155839717984360386592281807394965244132580
59878071678249533376486097379225136166502246150741865713970652760528310642720453
35381165158534818312066337845828419624001519233029810524641856655316546554865998
33906307801200444487290624729793600717634611606266658670311323726176525618179370
68537663611265185844815222704826211259621966855611639044718509292866263051924112
18174207321723919954638757833942531280462341694763384513018820536981457983489050
48009761661059401172536077211901204146205863935750811456639503371786017367803160
18819075428255652949485632169492454941632790427114292819777879648286468385040711
45938286731180689623316035089763821040266413418212076947826592157561260866137429
03741306942035327703461632786860791048087711046170773516675799502504013771522826
72626077356763339643887159225191566752641720801450660814607366100276611044529684
69606865298701847305883737806244671099530051602567357311435192412851308376574998
05683958710927825576481705317468480756260819653291815552554168150407711581659374
74242871997526286336606816339071852387310692326142682812392742515825493538661655
46438959335093503132946018517932415494290738880023540556192386424301501558865245
10992087668743744744180826789499599591471559333375254431331584815626628406809339
21223363003509509346658253047707497944030430482035219364356339235555658303108980
90290235485569895849647569378956433457856768827898121352810333197055906980941860
87193081063915505889570813448858423373578500612031162167997179478502554184869926
55198951412402349447985148855743225828849832973636516011989013301992918151560294
31277280636125222808786051245455337299503698405413804408091075960794785197138078
63105506754352198478379581168540469385867438117521511064759656074169598142231463
24421372109060237149382447696121327454546050168246916370729795250418152363592329
65594150344089670935192522440348171787891961172999211051269509239056700498175811
59517898587237492470803357886979410687095358318277022714907756945602951397814063
53022522984566575021295740256239536070919466090056185928060930646780380767451903
50076808728978558264435428965663403057376236308171262319967451537265086470313799
16143188168049489996610797742892861491743682599640167812248990163113644399629546
19915553001675689764422836402645861608463981859450533339126938328175454543523701
52858489154463333271077017808401391414868725826718554932952271039550454600655767
54670386332188782924250419092706574029118552827788578854985495942199170791865278
38938481500301553426298733771873468002133770838218624796037631495392555250996768
10471904013786388770979863626363014194169745550060648293745372214903358878417348
63996547317129206109647934692141679175299977108259599219664308212074521967712717
20278202958186985139653355972915531336704788517876558602814583532567713996161972
86808383321243460749645360898487852672440481770767359340006224751108236129076734
16025998994133224853623757330667061964347210598451712967415757690467235224608558
61404366321195259410263245852080811677649671514883504472736796716465039358883220
38260056649620098891618606838324737936635806952422907565996539666334988202188829
30524804954383512883346232077792452783876866253540523595374187240462953134440346
72369890429890219433356384511249278344097185191732133380817426606511860821252167
43006210977763412178666009486420014710015961327976412530958503775084007605737408
60897923149423802716883363908226584319332739499432220158230920383864571105461609
47037432189641457196773652307086093069291011460835905863972242594490753559183210
75288026304097870408066585903994286890674479672865005338001046609294021629215112
94627204718128068539107638276555759965496281035302932527017912623529056702231517
50935133247072148067243431597756532321503094407564952881718044357075006317307196
42191828642892388318269107875978046916153850187519554682118868028469852628745589
14220513151742151152630563116481414297292501367081531058708099242616897664018346
35024571179836133797177526558643572520142301597226400494903798890386668118603951
29287535837311344913698106172594224839351092020918813215963603058705138136402168
73934412814513729835153206717210389602104385234829921244513488720943796234408252
24982405153079899117653664767955043340366903307472154332953056264781195388496900
21460301584282607923130000458460060439484707741459255663352959499928515824807049
86736737163526121671679369032963793879590989560631708506989488749756252190104830
50640224302794733988730058914680522125878852050728788954706752620529364202012591
62104710517649564947375219130291494880913060822490138994905238530399102406860820
73693141600579434403720342257315028464267272892065859580055526827072769921047371
16032003770309044419456553845238177415212139387292043769656547380226483537987419
77506801547081427725023634073646883529794343383877065447823059140035350508314560
66554517944611799710504660312841357019234966632741630685119849868433888590921199
63780423117967007297768915054696963086787898272148778981302632009226856355421875
98970974858883247063494404788168428430316421686550126696496117127234730107262184
69324783136065360254746886277788296666800586582391973921461986805346313671447774
84840973039121267434540671124087364649987806665630258609855435341458711397123434
12945172021377251418601584972001246796059062290339729821385729593620253303639264
14047556732831306984985542072239591065461539704097371112638492909220267411311142
48118915494889179251962726309973728667023677161926660299360822535341883068947241
41411106722838688579562228308213887236058562615955003450233320180489053862523140
91927510412516611440341815280956186334011378253684294129925561451614236691580514
93184279224999160867795208464048275445425918658547956038384478042103957381350409
65211599823127794795271817689249442867312376610271644669888882399455872904733332
38483572407207563181839904133036838854940119172658705783954549754257133518330753
84459279256260871700318636307940491170248192113912136957383655417245973343782533
91296940975214852273400497704447895623654598258941602708381845445717122052932352
18945678784014362836179316212452531728145080510905311634351106844499177979225414
23628749923366008645368497761008110997256540898021750728449145053198134327117373
23566816089825814128343521559828830506967824178871436498951963176154381003393720
75478715431042520867384874407491816610827462330049628167196683033827463057609148
32094708324618939098017206359217999595379017235689792067638638436781142454828992
68212796151582479328814250808194068698246252363873868503866812098472099872781997
18792087958728408893048588772526618381620792048910443674476258253405351831283267
68400620210121250772967142397298025960402537847651015174932087064775418863862938
91714193367779167416704082171562630750208374561427888716796866228386508973559741
17885828689720581419238277674273859330657163631615193294154056770853315198144394
13444793110141866967013614595892143147190429770304034747779518217877978049649681
99143181427352862968051419428436797109458862835221035778989155426911441345341155
71457560990976651527023925165810468597327115978560275194956449623366297918260565
62063103350279043714664976551649432746068683797670169293202100312556882353389813
27188459444588646098203019871388137017120597701749489903892375756932678169459468
08130401430336387327461323780851863550134603741742506707429367810086096425196419
12474470796596912726735181960458161507472105276693401143619324376644181067809735
67567197920117640159391971231379033291143409055833805440250171199383273645872763
06687489832599166869949602488707514242625153123326711570666985078132050342150056
59024355501701670291105573917994489942127631712332505401710780012520383090507503
01157360840332318476935858782338401974483654646104004189819776218636206178952910
61220249306926212477420097287190658092153908623508112296136017739865580108966594
71509246453926598316270885408316628436671787078038178589256596599640339914247415
64982488946531834555082823565745734447358135470706482021122603075792730286222242
53467294274237363697540429973381493663171802579563133325350374450995824124688731
37689568998511260833410653407593038824635333771775338261831910961449696520100817
52572083046883751853101132107739821896185991804920754935613370969369850030164856
81223823760675392417684051123785219168125915184249995176150601476856554751826492
31973312397893246570991508760899284722243706347714185065553830137008296682163226
17386559034155121940915712739133140828092152295197110026815258999702560497939799
65969167807835792275745916624721263726749949439420444155505221064075676122444543
33316052959446010300289513039004091920890535782988101179651488157716137452198868
33158789311307460339316571912324233335058431386371573651643464517259174660444618
79770567959187535099757298177801297256323593070557897286111932551406164048635697
89858212370553262004052402827479933054741694260556675995153929200180840322570992
22152767553160829022357303453818253622552076328682962177969915860672554068801824
98855498487680879328523771191980525860861045027506480518879110355663745457908940
58808811071936542789735972281386520683086847079548224620975774255653962094347548
01940077320980660295976126395731722203713433056932933959743277701809496597453589
14968309397773038633993137987811352873586445852347364027239482265594794954512638
08536944138861434621279495228236207989573941514128910688785043389362272044488832
09364108496732217395144554364438443587373369686340152993676143909392807381862204
97799449152699741978776818559703850606320632105745729102967301166120834778209271
55543521973614103944518044091895169105217654837490796474470934571210735739842374
71984697132481061151178927923952742205183791818189443693740747835087895472251425
95965905316413873235730181774195273865024589207099896141992716025399973092071922
99306368954208539138713426530257968092417979831685237734391852120461249931783631
61813556047354888242564427641900723881624603309129877337255909762708632012600041
97690998984084162437189872556402290933663568314522651436783021728009603545317665
96044365231800603694742734176818022590141212893827903797987626166508605160231540
72283235668652659263324824079621028845185931701322404632348894422721464742324674
75206019181460698564226874894929758625667001290426759894457293076700963762208570
44318898025082378390258529116874632296545262827182163335666703590325754879805257
54734962513783642293547604909252625959579088422090510057177077489219026309866601
95828354648337411515127307182391334511614580534743578220207300916069683450561468
45862967765539504386025698766577144859918805656059179617052388330065009728281381
07396874327022777891241139136288082232428330798174926325393000385297528183047117
01242859975359041744545159118291612361033859559365069150107095506760386995166964
38513179751596405542055741648157326775996036817648158051232811849303727111027389
36234455342991328139358079386766709727137256686011935356094250548578353660743482
30670165874142109954209905180671179385759025212397849852927216710391689040455636
56683694390720341043447617084412492274731085920206438865910764706284769151018920
90534485933145220009189797826043963244356109896024457847753805874571371503163684
34181172547827016091639969159630395621061405535109232970267435061085560141982991
33245051267992793988617559440881777737123624948152872589037759890350627784531353
38383688913415693013892320969466564853449573506538872983182932492387047408030551
77871806357078172683641858779143664243499385017866083901413076301708317606982689
28688010707590731908236472141161956056224756086414895813571726195761323463878767
69181351119359413244548450349548049323995978738055436897313534785876497734748831
95326166887580545064133833279569753988935290139509833954709025923388042542498996
63874138777221573741323540858421979562472961684856831028441292798545713076641087
93953710456785817246424770895396534093344646046841660204218023452077138255316401
52665728758486243928061412453331290853230284656320189891945075224781813098178532
68232534991330072674922600232993851908311727919437795165726166590189586112058642
92695088675659524679535777746097754209956091930599102035578190063748316653483179
32973182118128223328209492344018619112963104179671079152884027782739392171246124
95883194439403865484074443749732927469198571460947845986145596308431596584263168
94089476433142729712958522228468925472758571633010786671292283982268518286027051
21153059106846673015113101803574176601637578116951783177781929761435427835094366
62196433713312767395964556955481734806098261758864409741267580330677595277291368
57019908819751985084975956653196389857763415091109271458823801834921867795533374
69746719234771256291714761006460190565439414626809907747902683966487745640455139
07254867596915054713802671318449385397147526059321817322648379981052302527805477
27903793975537912485756338507453124181212151420678658699202357374984582370180486
62043491293149373868022828107989228222250285762650189228833685386385326114033593
19552889908257675221100577366635150689251629720478393937744259957344309371121554
09024214899357159724350371416741015008795784970478231660754682613767667144972844
95090975335361503440323819646881914865802863988738164634588985537108678351139393
29587939260885025175810272101211319936216378550907039052932333589370670439952181
95534199204695853122672033795449761601999537380316132668586611425048404421639801
58905766679252857100090950289864528187028525068173667931821878109763311182903321
59240752333664178575019531023790987112044937337830708766179393429520789330115063
70540095438950450649637895164437602169842209754517021355682012730431777176037839
38933181323458547207926353192782534963790963082100887053821605575349278561906188
91663020645762298877612219791137468780532868955489020355821449791588901343994296
27411132788361887416917775875583811157750177784796491372317318493237688821015083
90830409045655142063275669246503011805592015631535767810213726463943484131574979
85698570947645423596238790987947177573233566246452135236878088047704191321102857
84497431894653836885294517566369292820069979231568106575629293250876215664888956
19517414009772981504845538129314509234519518609605165433488926035393508255574502
51837277145929830186403670901510780360695425207331007189411385053019573912039758
01786596200850538677302934659493059020469017392572434525849368135786936177863632
93927470896155604992001387658367332883035360908976138577689177386885123333142405
25004726772043387503229545774844442603317658108258077650726594976493490480112272
13035344818862496712913672495883844766380743385292788418811481835561324586220519
88219920132021089090388035917646112285117923113002092455614596465775123037169214
69174873325710291081291756354206787881657938992630800727398869543524473907954761
41162196992985304754417919664079908552773294494145077856721651178759319891800269
29995082413633225440870114870992632122118692289517001379652025130998762131523233
05962519098394683497025583122870240947823790278448149426400821618809876216279164
51835048870701812403396377837632030361603602247586017840784949719250536918038966
07553752758903701226684042627090230020067104498729734232286084489205602165468386
35347826729313578228767588168811248754301697466724132495160253808544572274469852
31771810301267167186692764464948303677619330093884810427738494840013957397428688
92053409872833143608815612989871047759969132410704349581473778474091070535407160
93339277979121753497946846420869696082003972322980345244112846014251206073703908
36855528653944150078926302685659243899506498978182497493841487321419079894337533
00644738786611992605758880834211240933976087270328270025919332185662545519614717
48407837801128934803529129879657826733985643647294953909051630450786876642000165
83167662721773025884174927991453038095966197255280270767385403966850491204191152
92610805376502717751626388295873382488443723491081925515329220289813469818627903
58380235820681932169551369884888649837274865881228569625277049867029351679905124
10177181384113713624303522443806786130325822074267740104854339396153744770162095
79768554897214347290147353077624331793475035022017523557496903006257034645929827
03555379742356362367356051506227105663189629431857040092117735690598595401958559
85707923407080814969068813212113238176482836110976146066373826404140725679798246
95377530866177460438133031881969228230846971929493700883387719967022966736996025
22949742536649907457132282177258401256754590417704590788274393397176849476838826
27360262901444446395235113006653142470195636630705018484785971285842043533029308
66051880231836039403061022703294212671882875545584749096616485785939950286802468
32667969508384389780888524288996788281025012123225006574431367793234871235564012
47449573068164062979989825231255668002270073460685982768191651762451897293156396
72367751176096501597261626956750897789262831472913742139759382483628795800893532
65852415674124933666383727476167655537644580955590827888468799716471185744230452
05743652607000975222316981549631711574274142019349597702643962457238727190931866
96979698726558092334903118674363678450720938801886836259454576399507575221297751
11133926462698064911074871581296029603114290603240538787747436011308358899284551
11699076519832584233956473949396195700315491368538725149637668547069238569162521
57370851020193064081783536833314620389390127238107086944915603278145544816048136
41246927633168547858986193297748672501293203591705883064093114876862645690107455
42443366373058387327720271441531736506230630515221414255966143718582497428648705
61223592986216659158995538166257569617148763994474954646946182546553741618988114
43365077848076845701894781149941588120156837120624289656397628128911855759283548
48019939810898893681070292520910063095082826430314796736554487749559954082079904
38014690002032972593170168020690421604631502669156098345232519396279712119963810
80698633155481550875493163172054709192894736348568086145471442537141029746183689
02046813969660490615913685870386729845437286710917016365089357821291682088492533
97937376073788560341405271677296453848881710371739414079705583616367723201467884
38772356386372046660930230653228215893378107985545166268575119424776085376378413
75117171025069136653794406456799197158516886181774003981555875372896862461825260
39506773470333810040618458237312106769813597304114639183857706767949121558162162
85270494760813856199053889191657616616708693457432143773627816902688558737970267
91097779381872833950383436647461256406800860596825436141023098058314704744734390
52499058635219613331387676488523668145082382298300186270982689469724364233270429
18333322405182648598601992048032806416178228636090347500709899245553403954513240
15517931171354825747547762389329650524980090075565221921916506796929156758625049
98170030183375757600338421214279869319320254722157914227588799107306476767280967
29664706547880948367596304969293678122969891793122096141912714848219934904887230
29938575450140294328476628092866137323895555581830928941213157952362994336993380
67421029107962879219712338196421450520722302529970768055617967695863893266983584
29429791573934732446687230447282969762895344732498835647335152736757301108580666
49850320360654774126999262235113455857479354765713800772561756984911537200015746
79363003560858019095353066398699071945016966085135582372463373400670681131464857
64996890929573638342542992921644482207219664455387009575081878582507773083103646
87415738549914745826266252356215407554063459038083201932684152658689506258145682
45817644910292209602448203407339715551602103250781093792526613484033061073246155
84289469019075097152752461447013756614182940021022449828095403645343431974329975
52225298384395888542876499330279270110504214242772297749710221768732835427482364
66094633428778669297364817017704458932502092647616871342342714836209746857745035
13634506015452928154587337043982142229096796026604226422458912080445386870915955
72685406389407866940096075891277831236844475420827748592067687413163543183585754
94870056766533804931267995275801758017754582369692539545451136818094572972030807
21166859542385658882885149959058471305939990125249831155459517680253956190652346
53790985849936644795423757592732306535878169674368170852904763875228179797148131
06018745429862502979177567877216520141318951175516129033505533584934542325422543
70003538422037878730809363013199488066962498099852343412518222930993520434377924
25162109479431384988070161095148156304346534955405035503443750409521517625987937
63515261571088796618873698938138054515544362196172305411374231816058563294543434
34612693344468846073860013219916182064169213865968098263051380884547706830383049
27987276339230654695588414173225056219031713733691457453420181803102827555012122
06754200903133983190907987143540961871183372025227642017005028273839380835992994
81688488401509471509308530269016630641009545151799794077738969320538855784990636
15742085490946296894498606851546478624155272830845039015607855867963867703574954
19911716188615021536152109641027359360542707789195425224530544353392915921432626
71007335346271460268447051027185560020137551733292167085780238848605368612496696
92259520325973293347173592919614002768121794996565648707942044430193973790442666
68772572062898734843922351422846233513364424372948705346320433431111163535184322
18404680435746049220984059008231657129088335701169599544532047081355004162053642
33067151412015639269306414528251429056546231207673359578215937872882325786869474
35496920103634622719106067568579278526991373074478345511418997863306994430772810
51107594223641781399060938131356145530470404569821308323416730299828085765839312
16679322173718021943842051770106345029711844866324171369921661683836773997031146
46783757659443758675069682452218037559405276516462297215901920438221876297765257
60260954511128669316676963010148221973329294045880555773070468499915245035200962
40541526573708449089064561750477897835094669199584707947697465783612507178424710
04793898811881462319170269733710147250348104174893729375326963608522512994611293
84499531348881600258043383298406951651064282166904942718726115298098125568403922
38061031162157295775439929983267596629198671796234280303840565429320692043331095
77427919998662394325178348614128456636171727026380522246110707841066681721416902
88499274530194779316016090061727051522094410680378291857404483631960641249394128
52642541037069457399230041701576014159744364949541229286546293800983864048612706
51140203560787742246587288725402896954944625415063567200116719793956609068400353
81719481207132080987987533371139532912470527268032874720553951224671212726937096
06598713529936244122256474620028067183702552334414385260700068259492418986650407
54369734017330689658032636692386796461223130520433269514175184393611936849042838
88590474316916632837857886120497111616727413784222265924036112510402905048953437
05586068765051875081458421443811778437225527178123470258231451586034970483300170
74167102279738007330470325108554372601045063784576330782700896119652243083278547
07593106175601262025154717312776970911661957570057243401992470024709842477263664
98079296139337282025180321545874487589963334024903068016034798955296453693275352
98656861683897881903686804994255508343079689640165925619825748031023166920036173
68994672512740204301363844510874333818184219235109169041096639589407469408100403
81496765602965795063803863083853717572111510166880374013634578186117135120318857
28158284966588120557045538394018608925102439452452703662327422136431161260436926
72339806977471615758513247429025821338290492057143695061439027226417292457345087
80453490289246342864147882947715920041524212362761528354994100245797052583650460
20988266321587284340437710370208999797652226688038014702741654771435185961386103
65387606568505721686415256299830104519300702943895580666102297191401798874681676
