25615181182544551632510008207103781140961335987310660042952821211015666083843032
22501728100048141613870201773392826945092432959823574821122004579447402753117551
92750812399036631440365144802656866296774742582743524958237088779012587737616721
37194997657463627485983124774034167762840795202693194268278028549855561864189826
03326507507882851983696837140033919654877650797615036263744099611880156360184608
19668837074580711511332893791045663848711403442799193198570026760589815261463046
12172089697777735799418247449415135369350201070403528195022568616111676257970189
55785716081180068049997022116140736958561274258678721261308273406681964158010837
57076625895218960063257356596547238542893788788991790128195477275251164290535803
98765886362110363163152293113158858225538792773274669970951938286704851685615463
31079977108260567148666707026126259540487678617090554643253181076301513986899614
05607959550752154172015353688705051735735267669873259514194014246879964124305045
21647147138400669629170547073570788448149535397805941433140984394330670271069701
43200504764386074214574087658452851933109398789601376958417470477553456961162228
93921728722356244976730571801366190829590568620879073056733292001646323363425035
42451895529921730683226520722758549640945792910930471362972453866479078223577680
90055511615629210688593806867106415565415475339434507355338425667597263642496998
01792672686659054038750828536690506695662715082645402258149335504469932589486094
26072408420940288864495707409713047575486190067658189500526304751604738183810371
86672465565926822812898440070341842080050541596919948832076805878340780614671646
07825931722109991747684937807908562098574320377093040469071811883226924840864259
27811891860108081198608264062393201641506395707137794382653103288263937505826949
45764327523164793647550724306052401230652537019848253999645468848206429835673364
20201229430655485124073501878655287377115040561783303959384979234945594740824158
70127327691549307671226262494087094992492329526392457850104061821338542469089157
50225293889124571644284465344162885312311764185366976562157757950157379926188845
00772733608699726072965092576980716450309979278743626383402263409237235439425256
61906417135514143180682295170004406085398159220704257273792708086537131955003890
26019950957504828620511932172056980764211443286778081734979492040753138899549876
82896024052033695902221781337975344280849253940582445755376533801015081288213282
25171660027054524695121936735792083958181271833133287173022428876643338878635836
69412982082749148327060072221237827578988905213498144542779759602994917937240044
81873391869373193076156894273475113410013097945836131421927994321129165128447554
78170617212580975986084285135509585173203107673880676049054074147177266304910477
96106175562573931888196516430225376265090002970871785751644501241936942163244360
28670205804549300577673237967816343239913225734058646676421774098990482566129458
50535804991285039132897501549038087509628948263199363087824803007887001102316447
20394268513349766000284691919194111910665505063798452308167847174635854463377466
23424650386846678606303731418198034258762544352380459671911653079306429360164610
53707687847715926097476465516423485991761958607284753352311156255339447242640283
73622162569376287117703437816447563895057758104982470703648122762689358492537159
25457741097505198630003507192635195643415618161090294914183132385727305580643173
90730865704839544024870691268309559328306628881714545336989202445475552026527741
96268988627853294926691579091215881181591755777312175986133567133593544674953162
49260915755096576911075561638936508876480911072928831559155576784283955962067312
79375762670675416170593076715111527425524801915168827915288036783634962231835872
08392869425507131874494269104236911183788315231822712141463641038128826354316642
48879039198919430689539367637843606169315157844002745637240768928597119185792939
15184383830777558172109943768903565038152135033437439699420892495214977114281403
46886565979006749780854833828416273289877743632104743767605834448573665170354942
43111658542541368808986497217751565363532818194513864599251182260886355913277491
92175826385219790796297698274470566752351339034462326633907892605136244611283570
14307800436491447971204525740370423155714794117954292027083895881011703347949260
22407509538372415711072485235050362448677437565554118523839647599364809477628888
01101342852209580862159724812138905603644517420196616324299790298829839123717264
87363252751058266678192007387997682885494646558767766739487274321401670964328898
95980729680701954705701057208769053769035693556256744896007356337136215274496928
19985056700078754970729489891182006607791607201650868838181797734254119047101133
34767403409734635986187560848892909825142077901117848592341429015352948021399313
69763611470528707417656998266792437210947729961955374866121947371475949151282782
48412304065461670617051940396241371226061321865120729475510006846876116724720055
52474121062939506067494772960392701483473159691989809217097883761241712834533311
47390961133217594311172430228808994821836562497002213822526580755328871864214139
88331860825112257470031384362264214776591598878971364681233561400569044299076150
12778573069473413620811035076254421917856056166823196964600127738123916366899929
07847819922110420409955878523497498227336726232843450165734307515851318255002355
84440971036399054793392091497909351530713140684669593332842801018267752803555757
39465392715430502682558132390607034732449829448222002477842465104968383910222667
28272447218250315391161003912993779074882486970791377003800315495349431952889800
50601006952970057563231802098133938415122783430050357391075228859696369000442521
40058387580129827405373661516191038438599474424871517101275599594684089770012903
85163275316090658451756735888596380609637314532010246008588147830490662030085633
89126858885572810655143575868612493965406976949260467505170709228483795433584607
08056462084984288428805883854457367097454930477123345658408583489820483179941697
31190366393258326827902040067265388176326312695078012755415466789919807881828219
51728913219019773946917462312488853826793138533753636135939402317332636340095731
75402339050004886907769142173721882037237381021785221706663840971779626133920214
26563172222681279930178347831621208415761372070093534800897405936688712898507549
62621537324036643511435030707592603936162571608920110409109483632340201274794118
48862313519718044783856651316197845908191065346876264037049662455732880320445568
50776176302001041735175792723860804406534190336821393976707959738296347830663032
96960260770649114582334998097182577336894991060420992705587727535302837299810370
93634202182008491627732323472159428619254125560583962523238742343423457889619333
31766425349998732922667057590089305747860128199325582156872192446150607155443664
01279753375484452714705239903296495199119679408384903113807052336710437590206407
31220514956798984487301750059440786195490078377824617335772184503353827185816998
75694602270537296373870930026818618686857579277861777910630421029168074194551215
27054854049676127275121899543379031451854618281309256441148279894431422190290057
83697112484554921583296605519727902413187571325331459476385126544996216246912647
14917860928377959979697776122429442344547777730791978760239327054212389667267915
96073684598455809113059787010085985683890677874911212581809426130238397493352894
61812109089690537524175639990953465839201202256999083064020830703324511542983760
06967495170512092438080751428253611188437318914025632044645898752997737289001172
42975356829930568624303398341138468547963063983659215744843619514163795323927555
15565722082600141748664969155847607465714247717377976560597981804334006521326972
40312973295341679687803197779876992384330793915436092367610644338557213220987366
77176985324329799297635979421140033061295644539178737275236533756977655469422692
76875425691537101496115677649753963270698572571290564560854507392632541076548939
84106709357126288043473068358707393623377907448560665771856783006590723724558013
53081526559599877584252702348340792871486219540255832318071229260571260391577005
54522569620827369940111632220944190033582087269249122095961606355447303011882188
28014232187510382465613964758765525309547549503223540255851489674237250487497605
56442277475667848356107937163793351602090445150511619677689192610137541988013313
82144349597548659605082515417146126596542095908332436144962004980921012356341187
95617385783796222792746112921669992343244303417889089547804327702803289793893812
83396827991528772836472657578407209123270526207431195816775142777907235431917325
94720602029525995651011648939238848168392466317361873611243474498308973717470294
75661649328170636727993998356574744760838067319868459200810010973818800948443944
27179074120175553210727810169349096487756441827544284813338752681320451202600985
86429469554994184186894534986209022752466317422295569887396217550205870965517226
48631726436076197066126558734901780029103808805324842716884151883291582026317232
38973593431765908458313291393272737999194787463652952104241226119368514325889665
18175858983780180507851901875148351183055579552088279535932445907521089580820455
51074115326108600551725884231918706899516107788903500222304780815890966656216062
52891303329255102946900532490667782262525104335964249108087897844203245468155233
99171250250965540665146086608518372948819474735791831126628135796672387641959298
07452352661556173045041819313007496659370430765193601973480774053385299599334382
98253115598086148538186944240664072198410975619227470855970539970714388491176947
99248347228122705938797075776488500793540197783775612474788343574809832634439528
72886241319443310706914559371024059247857289067314513795661801466410664477185953
22738747818990407932763328465662935573124265765399166048793195072791699180815097
68711079648483153576669750400776773382544985670298435204777741975254746607515292
97390946614383953247942989345359442669380965863682327062871278915058005888731401
49724153678893042561917478460542410359550537196826682288050349263472191912400046
46255025744479309381455287598636433824686367564839942149306809153178394295621193
87936295416284471435077106514693206463295377833859638801052405516664527856984471
79187374263066353033314897477260063404888749619894718668787163269850545015310740
77954078074634549842315963911523461350851226635990826404352147077894359950052566
94648637866787267852430422655991665125681270364204135236021244195437361147641434
45334524969830673409516943908398075037886594760082400832844266112516749735911922
15955286108151798562003945121970665340014489958845566864600627464167599693879205
59618044516455695890542074083139465408935568830439100996486286769986967987437273
46850426595323978417955922949435033359478280775136285699657309656266773435390718
67755837991624261701250531323063131098495385261172044423744378204541442197498555
48986365786211851020108060410914227496995767287576815549217189813163278042813431
20193493941609244324390845921915316315193576855302263772406536988390976142210277
03733298854307269073897192724442794334353912029273575692613586793864901114800782
56733497226422229921688139337931924606947361478381749116662431558271962416157495
68477480956347631776794096392164465419314760285046935783198181738939573410371521
93599420413110458826267381717826885758253801786331436520705320783941916801005244
77030894313932290869379012281140811903114603035328539778263229178921936169742610
34238902071769042833596478717854201805998787074300923958443849391718322881867711
78859708070068106184010007576794431687113532614493504276116834838481930962702663
03783901129079538786850222160791351797432971933411259811184854428251974327338038
32800997656097896070679787499502052778564909211584039519088486923031930731936911
34265105817605680015240949303586768594524392974569534594881561312471916635259984
22219077426720163853920172843123266299365863363142665987323320481430658000758874
48867911393623687120359490888758729828739783512226579084594415465255141654686662
03071190698880235627954947249633036770335459838486282235282482331163376446714934
22872178587050483059870233659964938669441888348834571816441898334914744560702569
45276420753636351679927033609278313226535854722392684349792292208532094504610051
84803250572109177819314457262332372380184334701365704813573265847551097566376784
64625899717549858818737063364179672367505588864606081319662091523521450404554637
31214550056499833403601877927760594965323996104386134080289889941921926046701093
06806526209758773868220078512728354603298054576353538766799996821968013831723263
60175410069482992691005043476144549404324132251267931374677664399416654825632390
10981942717005875102226454786132809391001274957636174837234853279404310318863803
92526864856295312942210123688776101967521040271852748065630294315576278846233700
24584310427493943060077589413086401878594294337175766319847855740925730701674888
50689681333637557533359503102784872424484969480247786353547833242330966332898002
05804649034732962949710473268299714081395857262518481309297567896742260797473344
52158526968419462047672619537914982157323281765938448867224772687557375526249881
82273568556694407858584783217846566078940449029755277191161232404862325946594238
28467568738314595822975046045649290259306909935631545355945255274841626299818065
45103221347539774210000426870593134067937052028012838595092607152170970211732534
22233051003598107118518480548847533942986417006512569092186316847324754360437420
00381240787426187033282352003577672104297813661698921985861247743163633209081439
64736487753188360541522040355793130463299770896153735076096686666155196448364527
57328851197796611269256486821773411332618874420942592953008938344672736278585553
74466314323417521033979925148673706376487200901808630150363385223712614410524689
54767197436944344788958743331400038226728318003094449956826560688775300081656781
95169715611374266904373486380911342212610547363125172151719422475415669590482463
56432613115531207708804438452834910464895480850905238129236535893179982801816403
30521068727825399535749847984571770768467689348289832853675314442760759415128644
37105804648533339317744983539484693913186730652288224227533509950271905083724056
48025825181855605606961525551780161932122744505488851399669622146642982281958542
65818604172733276829734341645407291449616460434589019182431146440853813481310861
09252691040939342130189853369288809527401249683193981635343743364871150506571494
64305840510664135201444747434070616204752549153045945075688802194137789062011638
44711789330990090747760616952590939996027069124378561218178912768434232369632455
82969327088330491243838985416814482867287657973322505446086383778477788966201097
18792472194063173540617826933385162562877245268394593717695653931707545664977785
21543396975904210537826408588313301170185782434823177182859573122631195445174416
58805793186989929309081848149888369133978751472665687877483501286726978182883719
00525100968158572423629458148253105497013511727370935331652990507000511034164399
09128930996555722592831437556399392242656290718402836815054831690092693268062271
18265640291414893862967535132376969093687077361762019496380898555851273673927436
21770319357811148482915425206371730700431305342308163319158625006182781161063257
89613687293694750275654309366309779798948150910788480956875028553583126960779535
90922147117868907312314550361017802983452109857379886973597151592559808662355225
24908790890051152793164198484546048417955122428820635002629521829893913601762970
20241627364998184513066577523563644249766419614619250942964955723892168178366341
70131050621715535380113140993731222504637412046801687631689019512614905977480356
35815586289899593164652624006764938890008184782881192645495762838468573125665946
93616078396724868659403157413759199548408501888510976169247034643231680642330650
64186330427926155726437545559310279334284521529192112056259685037632211945438575
70069057490767817130945206160588739162843447747425242890043911164671038402615069
53479389745079634659829396443604530370221593839861050546178938017321104803558492
05007596199598189815909555131398051907624327723016769094496103827340816074409446
13188331378407937316537275771283924226600248526895812624760012461944981120308258
45426123724235712882719476982825295047047263236829960995295644615857354795314426
94662096923034713054565469566108504564718519055752301130166146359040003745466679
97854349169421171828973590488834446200173933826844588834750695297784743932194780
62889719897581308019002995677689238337444433454146812529536790983973532451047950
20928279310283463264124807999382830528852705984497388636604577038838062153384176
94211210148670477091789698007692174925948625147437528908990166109758988976380375
26308811333104468444584232446846481513613449554157244323949796882513833410825921
41556417159326453993856003796570111468218901531626303101225506339574923090356533
97458666711038055120049963879323546484544129593801011796705977613109157433681285
48352246714950163799803102300976640679042075433353046928266095083454275952499351
32616450159830789345883162175484213604347879372522730924911646171581515750485369
33003136395274541800636700124163584357056416916504749244654055147814747946348628
34471255124069066716620659999139206265750320249068167244669998491591597324206597
85405750641941391168763075586716903195323846420268529568222189113636609177636673
30807958379864663952214041629364664960900290526220949174711723132543986090710882
73040660836341313462295826863749267891354747601975070275692562848677912017736704
08939873060226026881172689371247422579093995514396028538681387688050202256178566
29588979914185187067503243579496979441916554287432359760911697194937935412418410
16426131447754184812619447157444534164788846428406193188605722012959669624326789
88834549672234124794879877900185352044603302721457735158715418410530148350784211
08305618821631111312892035616631737363598226106577412415160341804326546496195561
57279764067456125163231798179505956757287761562556581962175732877405181139398735
86982774431580087425832214372172146876112347161927180266167497029869695228913874
65762627013719890787534142834481795375182392388404402465836519272382823980440213
50207218005900052555167813370597548698350026934856434228976636284191917218158306
00126378955463969318675370873377043053336458462591729758681740885008402791888187
66146817483375513291547604490805470568828396654504341143084282088305499943792780
99318769090120895958655186955027875602243051142082058426656205858995587534368184
81171886957871690466089212566576708519252434796472107763723601889786042845651238
05282902945911688506891046742778608456363230886216345091072247957806786779789840
62088119992633399145932244241186965777033747111012299294901429386086644176512671
97861772740951862187342690942243561620102387874291735007781480867675414512757449
19542956674895008178426992041842093440790554211900803392970191832131109689719059
33926771345606925559715526595727737602558671138466040639664536985898573274252166
22467204375947995331393073922488435162757881434838735114691991099377622059671337
69550246486583510729725950757503426167126741780843326225467784371596535131136748
90457051933201355721780368320684912446484425186038748700354339954919386329270127
21329239215872461265150158513918645811805885295833849577517870850053323142568253
69350421216804586035083152528128840450050499489557618688305342230480254885794713
88501744066870946859821891136212827953150464243629523811194961319901567994073178
65048490118582428296622386343166341081450011843352125362249984026378416881332627
79539596352666072238140546029301794506841357084226149178009058394243293498196784
93649529119483484563362091023211346900016917601748027536785820515751590816995252
17455567868148886443130732387440883678699115268498261376707693591610227005801206
29009503227271608255997935314613893621288491016110070191642340665841004210444654
21981610782911174739574706281171919886993479605541960048279776871530184955240844
76122479778366469877764805250807256734984788842835988938464281909442628648443486
27441482028581327508732614134577946422694895822834201606929233044029890247125208
01944118672496851572728824856809485648072967179714804756830598406922185100244817
04536975235408220093310151590029650036810530489025721805206883428363135456028644
36301749347119471867471084681311459641289290417356165334423669888521488589594167
49276656640219349023699100561059137783786853264849199565958876608297689658094551
28364989807794177752985051081188824596046079124691698942948401061473039645979293
52098169733063909344174126639505135264723115374700963617945682076530950577817363
23036234411370830405370105360621278358173435520141897867364475581825013145942873
59998077602094370249355734857320983887216191603989191892496986240989936596039223
80774548735558404435506647644537451370045421281182733582664889457253754258802181
98443386652375496455373811368761035079567566114699140002775983199097337160029989
75358937314745110042244649691129647074872517681460489812399904459258761316491806
10341836180597193134405717507258210835305958264187309547460465220371902591217665
57434624576144349509832968867754391977383346191440157913577051683370399838609230
25028547943609348809163343099024066032991375912290792330843754461169475789063383
41203843134659519287307033266220561069488360772855216477222930408465917469659325
80623841151488094735349095369713454828789959230033143336308067326901401870389373
99110912192975754024511097340262045790375216264489108532177786249245341141751785
60807838453306670519134727516421912794924231436063008993423832443720104403324408
72716527437691319256741033434186079008386014434848871357024995598000262820571303
20126597782721204397457130629343561118190077421114393741816763752899945749690527
61274973551110980310813147766027483315974262327767695849399632219968561492586966
80622767839528785211520661570118637036543570790643534941066108021043683637750964
06490997077659302122691218736374687779589964024691456792739878781872503802457356
23531863441631071790463459415275000341373935931796710821899203169326115866708311
01428147797731881736602355119149268619968333587634406311911198410058330476618633
62867309391165050658981445866597613821087902544764278231102494246183079637862517
35466286044880283672081506042800251415732966436409646521140578279930113696965071
71369111307928022111812125697385278665875598075478609039431592271728625822426650
00799989640257767844577687921828018714437467504931856754439039305079672784609074
37179356870367216748901536798492584988480629541475487051372505873673183570025007
72071956911428836672193996240273704793578058028026173462355205668443074769180229
85689444641590870681499407131227179237417545302625161485807855781991161608945165
59476607935625637377316369291211369204794771316047698464259208110604006250994680
70033722195433259487785523135422932314547209410740126792288069385849950796009771
32819928192359039329734195520148636179352979286625476271844828280879842466663112
68745088392020700740120382675943750030434197112770952702811403183177837982869229
20465983103322731857578202743745392231225466823877773061504227947863735083030968
52769279908330158173137101673701724913276900251950548445663230695212368864822541
54439917613373973046967196876837625905744391378457515723491220296772505799785338
34950231441164148924617273592076779468141907631795214339156418615792651629737608
18482437205384912372548323034720597103115082027583270506397744030507775468166251
83536901522052298736604931000469228720627968569674042149789070523694235762663757
59624455407054121420737122073588654622229172754651376696399078249444824144528600
65280944762094927652624901047348287716006314586494867499391672555081695685156637
07163499126451873108591045738288921872170899175043837661807263709887733551826752
09506528653684320560879870324668283488294184166984338709281446655823682829881269
80351335547796539751722566549242825831401503059980405938182446387749078898575214
20596108958082058759070024564822329823467067736978414642905515894894929543866239
93036000786258384968863209863868142953543999133265714475266614792333638382975059
25767421043999429310570967617734965106222269775702789940772368414913689590082774
69453600569278426569503456000240715107962530219210676412628809926879594533000051
08326168670616243490890384598339574765043169076134698883409105436648769059751191
05423036563594155055278409127360501535155234193937555013273793676823514012399875
28143650834384036289357130027824109855735653751787556676797822751611186214406226
83712803258552406826105252298096848631299437390351271798379242485042117673541632
13035938929437755018135197011035670976629357227130453771885633291485313448494339
72135818148759227483622247150709306413581055211148525358962667095776079171666345
60107460206830842293495041220321735491721048025932859796391884242751102939091858
56528044793065883983821704084217397429592905830975054587592098158623830557860974
08650711344776477400962872029147328453381204422343090493900865772418395210477863
30781926575548233171143530926472860431102891719597292487045074509489451063308133
84575871133596305189579022497428263299300046994453985017187988727556351565599078
66533956979405655639087194084691561275978409856699028064363493222026269521795575
98576048867545118486926277402827667981785269325407197182804281082320145189609504
38942189920388915899727260833829232093344404768251655317999823482318059078362616
72298830621378642100923964786274822260633543872850055862689417205403438085438268
58008745976363395962020911684866129512194367072323976036435512167500628277307172
89541092983753606423475336992600685667575833648998761697031170458066583523835899
29070687515186530925677076896620198856577124402618318395202954790691672318023346
19838151681182251122589948355969893348339336902344237223364147462856597442874024
05501272081589184656599920666951937532949781911933177459004210752553445164044199
79476677959433785852723075639745566536406055086900917283207717446473129763327111
09593718042276446687572291184227629930275815888045087388073793823823227397875115
81688173413694711127824377421168106532620962192478955610747419162072468760322316
70446445087178655723301522111779098844816574832061720129896864102977607266305862
49814339018635441996464308052669833171379942519477893413759672805052553333895031
85159117418913782104891509233567662952149579679954012308295501745859134895238191
60008973503925060130352017977458700410856921804797794914271658937423759348084959
19842060319089983780395631934002622275943010154754342393971440977756782017325338
30025270051859307087160817643527206722395439086228727701381224742122665387967843
89820125380392968005381177646605898582652320649628207260984877658018706537067952
11075370052728039324658848818597033421773921910250629628699959675183407525629241
19158207297508496025290653443574204625215918047083916490790127388426396669867552
12646873985527189838765323671736180171247627895791519446766271970146748308860850
60376706739729245375200274270920297953613572622408469142702226616765432423205892
88609963209247518080870247888650759383940567686388308753788420120505423868241348
59735053993526528666123415366469934430991438313334619498545098980575000689984821
08971103833337812567709104644360797772916497885211483461177028952684610798484292
76584498516029802821957480869096335545157557644146440551265831768508816375240149
32391871086051280917476797938391042178650281771595638684212047217895696976778409
03940259716655477329798257775125966840549847196585932577640805983525594023041791
73739890069072898578152378902445112265365470524668919052488583129874324129609963
85930303224773714017916553410934040815948339297169535750985586579947366680326445
92374954375184052168495736551621628685010695601222157599241935209961998130224476
75510360993080430804021959088914170902266818400723999061765065296900905959708912
18201523042751326428838935907346333395522411178392677176687894261948761744092018
73331119327176215591301299394130506788533708512585669345529377676287300615174991
21968089829262341422512542123000643283746271697237198228080038377665522049779284
26974748504385054753979133200856250245229426642491771303180418981329016843507627
70015170747950088906119874802156373128347802243372923405367572264802259756776221
52109229815752605697993642408862046547563050243223286807003064288562420129857781
62606070693969026916844081737747748166412758971197720944082849686579681550576244
08038701786012291466024203994971502633596992995944182123825476731894753092245107
34611110536792712177641408446915382978992876250254173778835976533080741755151495
33174528342116306341487239437446973985358812196595852186737298624321318946793767
78891209677713577633245860705354198116851694033165708387262193994450747815188993
44118314299135853806502704669660220360045663267842227935523961099822373974503812
74024463162757901167117200623984252896236742937861742112964577947216041100125106
93333982040077490097943790540243820182816781633463112549195153233356083884842800
26871028144229093103197334152959817280313131600263505853932737524604020770510349
43637986882600993094075332708673761887938983057091925489055110144703104130706405
91011979354108070821688932072563846922344865496294237631722280467657628403713619
58098005468778099276072101709742564827621375959013699438057472667287547833666085
64651489494483469654648152204753386930078018803344216566745775898609654070206335
20176725523524302297522439019802727971210210765081885059551437159908319544333304
56381165309917649786555348429819766517462217292687066271038604528250291198036138
17932183715269154727069708124630688997801505399046285966758948940414345802356299
69533333365359753786748823019164615681917408462439430350821350893505891640141985
43053983276703562339348484308690742520318590749465528225959938229178734982325996
19429605351966739077305432770331731688580946121851514286175016495398292385190611
52197891747062021392270973278335318283989431576442565095622633603149218555990709
18620211139530178811589856371049216414906505469418961359631412565794806334818270
90303323250600519217219785999474366847525627729750812274469017548016820559948395
91391696176917838982392272919360465274923906849222136061094744266890807302820748
54501217903810129019101390375118218554201494265395991854172013869933164427291939
53069364880853953641239293632405316806546919396758013188462875595642822484903133
25700411005335776145490443750808540016371127459630735225529631650977274866309302
08345563658998326454498714648606171233183371795326745309876915471278176963942804
86989419240072757411951443045412249697183881348072702848811202638703261026796673
86658280210319572827051446808791720596803435813726677245860399292503509848993252
36311998383595652410977876499413333470218240396809499122669500715567777494406268
74927149177904219538188436213869649481988895216370078327765213794660089303796341
72901115888598415327051054633363861239689747857059043559050306737546147807150578
30539830945023791860306143142292693704682707737075968712091083231293668746952765
56169184828198998776878124137686331952734575856303092203945514795739032227507531
45429623036776917140935259331610361361929672249361863145066175225151750838881375
48199331607057767853243504792612920194351876991022623934558789826997100526540801
47840401364002211991409923539148135532398424678885784005357718170788054568159115
67151815472858346540719880707136593667736511182539317067471308374579055889502911
81231518407812225927613868578777280573489519370969927642103808755888281299201690
35808387693184576098288818325007138217978266149637548714679693949405372040867284
91020991735849223036931928143589763265232140675165616818474466527499706097416658
14287517092561123628024178726657176313461665690192503759872309447488754539849521
62399259440189521042997307490359039507055666657874400795021148713411245491368914
15693755260189188839106764582110611284036566682210668030510959589834315598233746
97595677648082493281060366544824757762188394373415873101514268146463516937404960
74350143594626549274138574318458700625691759532161759788155496265347755217459666
97378800590669047640930969207120733854175382344668326206685928915191445216456222
11392909047747940650720050579587110921620762172041084448729081801643699736262928
75510953537484939067594655377026194119641194396388075572390075088291192996063972
13195929044009157376301979137504247644904573297643419815578668644186974422524810
62026301225923391492751390736941725350235976648226744666436197170697960787876807
73953491840591158691169041784845674667310983223795051288549234449693837593668329
73158969559326633934672365558628159379842547773220942087233540873091175773738442
23340261266875624498337308730933487354889358949055692090025137101381119189133800
51355219048037280691986181148710132946165166096335961749015377839509340092974829
85967729772651235342430618666243003786390016571268322390188528444499743370010500
43746758182459381207919835433058846333534954938279411671579031394254573041266900
40767856905146175430723288341840915107371271110551933214863258405437782969215969
51048907057368207307678682437915579000002918263571508283165000427590256496620800
36887350634756117435783967370108924531174261507592860470941063068240377040752224
30598153094659632395076647938032928850851667442710760153813921375295450502042243
18274610379905075544999821122458212364180179956018731435659458769395539044272608
28363137997708186727240072245461046360558785372795374614991570213502886269930902
96596257782125815908457830026920657782306481737189121539481517001645879072881651
36523645160050049259161522744943318274444136807142952201908066672124409672148724
54274172431194271412535900667896487238524380456178660838818943100305228648751758
21159150944962171399127374402054125253156491558591240506357207647449462253038449
08065793287139515745096706045530241913427508554232208894735843088330807841439049
68922287464875292690251464866978657421975879916345408364444849462653116362558741
41465380868201509113312637033804008281896763458790034925862582272838994605926621
55898985057566871155734012865431654710326249174862050536810146047466295982451165
91607670414987777045903183588599717259941378833464154196695408553841382183596069
65797225016055298774278949504714267459737766910645550937477414697167738981951269
52884589334863002772226996691704133749786904754675724751464536554753376056521252
16458013563456424877226531168392577247102248467459490706270248168422660147694424
20693476501754037349123409142158849870786044968764103125192178424750388718244075
90000092848668075453478422785794879630963222145767226929545672092636422721951652
28168257434160359703955679583670932654829079622760225366168183485236443810180531
22317145601038062996957653460842284274865702976276471528350439498427608889541542
70470649642399931234650193854974866908895053287181829576271738663988972753991586
54373201133224079274520647539140582902196287465917511236669477145902646976591280
