75763975889355019168036473193453932171402163478102664859073717095259370824087992
58150645966539827002059927934325473927444999821937209631439936252538429980821798
64352153804307591611049500861142825596259698037722626817106737247785448505418230
08371237472158257909524759337035897733172172072943212688558702788079636025729395
61445963898074039578595593915057426345957694733233907208425761682409044927832379
12769791322058934414722051389447361952935667076589550666172737960557077737347581
40669195050467962014529606966641287465675691371909555632016402767395546749000753
69766608416602189799166016568365054597147596325095461292127883327824661293594236
03798294140843938771491557321577891002867175861320047583581990815912929793498989
31031343000968909728293794835094697778970664777179729763449131089571767196666421
98917564114775823161616728784758105359306359187078422277330422559626641711189997
30190777505283851037558831541382996677127733375286832178644580869009934093329460
12438499328875823407184785492130568886656950007449980729603965032319871125279159
63309264444047385227117397925846035700992580280057860202223446390301344947165560
25651527789501390321974420671569353017254377994932715608019546357239707804836649
12232681864052297040224979692492970416078631720001684495508983772304987794695567
77982978753198104480538991968043453279992963263018659590704395917384525416348325
75599663194171905864235799736315141368329593506826584290544105465150141218398776
17136393988132495939007721497128792855504441282218325559217141128388102064063291
88558058866796164748892037913070270604574582939351686038249339180095980358754403
06261213750351864923729299967292393456359493911160023134881062655381821916230862
98292404152685340007902859709059360039962057637732233939066034068681022194500913
99555156729465907467250886080009146842976190966778108755247594365362793668278092
47639535168957392021821565211380923569187121326718896026411184398931455783294896
69612001695988554322508089252473551017298952100394696099375601800637830771075759
13998048997956334529037076700197426331418029601315493095846132880542759771463383
71696251094174424326607180672520100883969516536917371560703021841434876543795305
65430328616701857057259320761758633215085876593978993562521293549867732791992871
18712399627306865730486746091291739030054537045321173939153616610173295396829417
89775278888717326298674519581626995622012515788064350247192877965265910350479737
40823449284924214986948152501776792082405444864479000298629222261906645450243597
35907751514054571860500223753281090783769591275664158731496555713627314527514492
45994318259876295476350134452519991455243694959588087032670767031837775017454326
40081716490067916496744799209703212829720250225919357719423358308873763591635012
34681965750093310311597324540968858206139048732628710959859066095717602259149331
40732077345319487380048682222759757665247285543650426805992267492589804296084419
76209685541172993880934759281809846431168852360851348716565784526945057616195577
73997746777606463251265342952108513916583408007544773377814811241164001092573770
63834549244972961670585141855591903669483287576932811064771859063626197180141330
11979321833168255468277362756634091021096842625728991584384555467049894236772992
24929492561124507637001066719354429492451293869817426733166621937298508607955679
36391505731043782522431406556139098253439075561818418933455015825983553485780139
75911871340881178374829857717068107169311521511183437750582120074184717832331649
44970452760899221434468440333029209077761752507082763114340770336386283349627615
19039284875513543721011953508812873832713994624869353076211674105121675488565885
48691412428429998771493669394071796158271581371343865134611755771553926270260929
86673230444270866275506875529885451060000381276503910764550402832123354365705751
00625441350071672574949356033494689685246731404608426796714029108095821846869621
14290648918936142988029801229760968053186968259056264423135038308387920435957979
33793580440799170206284318575480574641208492211522208206967907421236365466068175
47113809155414066456535582058164827589415716982575399329465399734971779033803857
67142049515960773986365348446143659477915901122341540385546262831849786095273154
74222279301111406192152837507504028972969575548105929606313580832242115130580289
94089578384058323234738965251124991112369686924746106923612163763686007074716277
09150474579183173023547581431852372857679091927663104216789859636067635388306170
86380569358645941140951761223219192179636140480225368504303822538070860918311797
30484023001438031103999669253502954635760744100681637908823764661498351556738774
05062750414029655288089144989177597327368475837092610393905415792412383640643783
35184489607177034763092342004483560900421075179753520187384437006674315933894924
25873724959589774064380759503705818878699380647676150471167178537036723673471622
78575187941566243076565443833257325464779768198306552749327802301906078335934711
26733639462494144482400583053747149876924780585764822930630609772772906539991999
16657035819436145557061415045096522805614465184961846356254844927385043361203017
37362717093412399822752352087489885491751129294250138461961161528030739543939136
94587496963223200434324120143794561871550000053010494217970959062391458132883785
45523129028583179020401281109713250950325526238515402210287535840719436743436679
50427036391622034861782534791305780978780906371384235036472950585072633610679814
87520057385664510100352726366329678768536455203864585407986543544324430706720969
31223106705791198859029253746011832727191434657825262967579280155393532191480168
29475435038160677754095330019017832345144202808255557749742851243208992379414623
87297387662086180616131133102693945096293166928552358782526327582904128897899484
76527230794595393353666173971683193629951000364296319993267566884773281934657362
96335564340796344638223552209212485060922128280084018289047405709428743302478284
32713165071760180336061300740788709809332235641421404311824499983177456298025636
36586457126433024177597347468847051167417077699892358039464785715733801979202643
63338477252982227495164382865357292722789522606179615321180935727023258479450135
49059867516136892846451879755302365523593942687784620306449278515566031431737980
79188593771608855063514716903146331478834767306874606787775854695445038028283483
86197348003355487848343025370880742433664974565191679440503426475515464276230318
49311558449538886904281967129601901811620828265659952830569621123896572581344966
62299024696934871627901507089470230374374811918263665629463349599963797549632575
18889754764722396672320088268129450166397686293841412479203755448011703296622823
22979850309500231224257159419776764307278117452901369012910036187490599587954377
27130238047798040600457965604793940833794445490861143453270811757724220084200439
88173141262118121593787206808610152839934460054093731743157545062599884352520181
55737540549153825652350752813695340423936047780123243445090710459747559285108782
75204336851217649250198484453270438172252863220739298538901483184204122478322321
75679395103863578162249857518261478368143107846627379231940968053988447277330181
95148112569140224764937091119479588560457210958598801492570730996314145165212725
38861163357783528679589873332177255625286182792224012216686577063163016671224856
30556162126825457527637264255458657373637429933580119552418073325477512399579004
39198564199930818791878158914725632364775787633817225321203418563850334619078085
51119308856427871880117513318544715111085575552475346752931453785150776618950251
01720260894384524687427657234677329499335331641406402979404351279497141367963452
07987584448865103990032093826823011776780153610132945990638715527687418207453512
72957613686719536152605862218454591379610671594873040739818470562761034461255410
71895501586171097921454482528267169224410537814528766760591086957748126229115446
59367673901856216615381534348164945989350158123896970061669980984631209747612926
75232559480063884129991988739851134433578513142631450989458989186979249977241217
55723628884514019007715485601764205759517108662121383109633224007133508353446441
41256027713378005143072290192910050259805098233156670230131020467065951690050838
49124803774025501657868223662755722201781751801321631203987161602173211402840803
77131985465532198705295826554360535887019552932109781680498252302896331295775558
46912424913823242382204185605663600382385093102767633936970735489364290497524383
43596012876912119305446448109236930418471689964365129387652478144477846786307291
55807549925986085997845590146068589102877748431314669753656269015928542380732796
58224692341026655073855929512896137391147738396026793378150570460776452368556573
16563416819300078406855352821573045148680974215285138633667810871845731347574781
77553469658927460887399787728426345346095013949260270452487537415664043359209247
20432701392384115989305637196940847513479647406187351428492656737132985928995512
54887698812263521737295574310798649822714382048387096032098247681836721819936873
51994046118507985639615051674387173872862340691957596950876352570469443118234749
19912628512505615902033914678244373500064556344177479200367989008949393937040182
35743098145065886716896832587618337639466865703708457516487856738808992797981895
44678254524487781871548219943143366762668767010734591954955254891183681526912125
52387547402930544436148986580703786216853123621741072563537302384414465144195676
94900922785260380469656093029263455418769729104472952884370858967693815820934057
37791316306526234073949670215609240273996999826745681323960481645966126723644877
11901335003355314784067791865539640699256627707412574914284275192718503305158587
51502475808862901815934204175961990596085832121522752919202086800940811229840272
78362388701286656650812724668140382911499311530709175753445813800734000971351390
78385516717269518337480133221818716685627186942309119049532408749909802431593760
31263335404175257970895716078750932793513740076852759932194842156042717947644495
25417613764651706103493760883752844626532470274484352983669163860396722924724764
05542353789884511869721592151516321556979821699304955568888821605975376333707367
25425287095354581899435772931801040256438875128237932700362237076684466083286465
77588502390858470821341421009126404767159844815178186480865775109838688079467765
82280880747276163130743921415911559774787733287363848404086883612685221300418607
95653847385252305806287950910610991894746889502498760959329798188005394889930461
15009999332707320724994485811430578483434143703011837191478483394906798097832873
46115824836321658327727423872028830432324545830871478607043821900249850303859784
28415768856770993055133224100204181608772249966622081553672365075119610466984399
19940494160157844408719187738369540233403594353422787259851053564813347431230386
14633246438095267085224692690458167691756954446555634995649572799068551384298309
42888679166269485477852416977483215563637312042123530348499894265479641232870191
33834987512494270012737277165620565622259618976841019389372302959960480652868341
99074772780150381050411871994655896004678418493844242273314749642788790230528868
07499126592565392882717439895898332307326875374913607017237927491036300574491022
62290261233926321770449326815086772404990965840970083959484702936872512382202375
89040097315625559442804204729579426302282814107408442578104960732620736783872713
10579236273017711076450410145628730886824474325227146192575319322040107245330964
49786437887145147749124305690651858173152059297271515348508450963227943027160757
37370578478158062008532594038677724269718681001728447743221414640439707644237433
70505551161080851113754566438112535360676980874156747829067775407707979243169776
10438883053702396818891839321075229033135699234879950042959677479504661428674625
11041835445486246289144241852774429632739779904755972239455622754898595552655901
09862124069479429703823964652295457754498272885284995182093292854848341013736469
79172601657104022467343344373955110831863035143923688054742410564797078711108623
49608420736419946779122508634646719378127349378958026190449185658741809164804485
94566270943095797465141153859456255546493168947250318422209223798745529413113777
80032195879320131117717340431308673369612812401111761484029648907737885650449737
64512314140623383569775067054185524312959532290065058924332099994160846389193217
82851492799492280347284770971811389107394952725588591005650310602393519267843619
95814288236506464952100384995215870907568119919673048927479653380902935499305394
10536233184415678945830278793109605605289427070455255388432871167684270194062902
77344199382851262857223324355083962801204343525255122177179876636169899966057407
46715713360901568052884598430991105435359014940847807439144327466926415903327985
52360209974883777444999349504083523883934067355813369608255043377263676640457130
07779009391918851967822402172045262152998143293895036577731747455485832759529228
96816918396337697135428686855889703612339904533109770564153172264855914779256057
10989612580604591001264621007312195101827384272222521725129956003202309615816650
98978690766592087181491595732399243183548747078963332225592599872680795343627089
82979602665094820405083479159021484911712799952516425268628443940585940981242255
69811487133532210287195805401599394425749253385833409306972218817569033875853327
61885613154376791271930278668130690608465346613083118876819172412245176232300762
64285222976948854748528881172510894992260075461082499544342503043421456836828217
75766272503153209602237413092948594178162939445694299312819761061231286566892353
19421144626377585229230660658180202521685527462708110885836912274572696302305218
65183797416140196627406421648318162182573524430790333220758139392298099450955514
93333690598179280319648642076138335546548408198454672070708544343088744884796976
95013236992859645411809167073848203143458692468995246371597080753144138415771651
28829411948914582270228355914838410791558293433731519619271835431344751660506355
54181557975850823048950865481207768277494591631344337980269913288470746032158426
77419362084527836605812428624396417815836699773095717875946802935011712156509722
04655124546096664048381733811611910269681836087645774441806664262238749429349909
99415255194618372543734355971992872293333284772321876334236648438671976971982288
24508388279304876194576429861621943994091152531675533925961123326631272099419935
23381077811692576145157600161816870606573863450709421778243874752080686982502966
70919753042888291992514751686627828800006628580198520486114184580003991672260188
73407336041623999467765601869480527851015513023959614642124252191532010222068253
23141998986797773249227112319798147478854953092531527098237876805517434952945410
81887292655892781011646934372941798024769332720971295401191133256197771966451531
24492719435617532099841268037171152443185124610240012845693680018497218633458761
62519913990324446686955797773085299049605324508904398211176677806967942555543092
72468704940378676983384337006176117314678681644467430899245481231487061645364584
34639784600378990476169746084146016931296117204078516164672084729323372661639755
55742885667082297846056355998407695705554133325106198472951999396103152984589592
72082218964861536207771295206551253265906831280148156210076856978290568123547941
38268509927163601814657485565332616665922678161816416016328520913583057822973123
77742979613977423059393430061612545514402710414486042171410601599805980515741237
99865112386776231949982859063325805434820011626545737511401429681886022267905683
77908546276577488872953294047822885524879665525000609811769132331546878634783704
83002285699642970915876917601312656082875390966807993104759578416403235494550936
12874291968269604023560501244052015682058738934200997366479411335680979237807075
67666146603760002971173516480457173469294139303745248607525858641513794328164368
09079323066569259090643051062919908806281841907841725357972368005149798856386561
23479677328951378434542016966088089254389693580579554412081975838692696860290865
70223198035306444893012119664843904256602155039448985712934424438290768383724852
25772683071711635915600300514452082285717853522597826174666354692880227758460514
25926184929219620514623280306943527258519893332540866288651050395945354764742675
71929902915821392898759461667513570370101647880359437913523294663520260031551362
66182295282332840408690355531653751279375526767645946802476128529973435671689069
04434934983977047641240979053762250221952750224976725425819111158846044154368446
90899851425617799591341724923807057533849587330641727706638230615944115104549133
66688441721945013661063301142423850579031950612564776787413087726611983464813183
31763460380130374693151192628922652438248052301614787975256602941143455350776783
76929762409421320255542359226355625422691045709866149721593036285598260814247667
65451385431220185347832318575215188119343947188329274830196558655691349222376986
06396908797651064545182323971011007940893105843880786787390966211607487776320003
17458943924379786363672250846479952460401205646047492896103679607062082395775856
12530230699827644782018370421275030106786888201666581215985419162265329367012227
45772737346509144785371577377699638775972906935532594206545164432974155152330525
91344743819002937418702759307957282339785105801547242845681645480567095948297469
24802878229693532895553148901178665234296127726808805638605389148938176820660968
58395008398069484001749490966127278388873508012671095094255341802189643740177937
73204464305007933760109118696509354142054779036739549759230239557333711659954067
16999767016101968867637620081671524678958944359678250368263637910621027485766110
61566056664461520550102525968676968834594165832830043340516970523500604973990951
60663694162861491122749366461784948966676025049746618670812747541710640561692235
21409556524651958856761957923857785863843533316709747704574895085309674756386400
21888222843526750726703475768110650041172764764765749209460775689385096402681952
27798389605246936826934480442603596490949278104821681858196074875086938777440641
54336061302404763860883752631806330315019769290741112692758932001116702212288886
93128161042607630909243105578230402927049492186819807307305470809755028311947122
83880171432642037390219950913331676642877514221781411032127331604074059471913285
34523751364617432734995195698567590632477260039967277243596446184029605090294373
16965465881763513519026557455990305298369613518605041647539780141494641600779491
45641094245957222595723769201544603000455071314364722298645235789961181611244073
96870971399332015107214358036603499775446891955666514671978596875279562296988156
78989722669952510641672043579676625180559437408777735931386211563122447175567544
79903152415631159869464550912252183253352768413090756723889358588813685256388222
29829612985194440846030009933603906512369960831482335420169931752672092760619002
59963129886683237530429784209233688730006228233829374202178845626262802646944326
93573605637978466501083792730200110552592201492754650353303199426249441278212031
44943058491892444592401663004413928088480297511161962708055697396522777690859782
09492866313131460303300082914851486844305413199507589606216273842348386691969282
12706828501334670368442468721991238518426575249440025695080687088580771649122852
72574511039940171622891346465541783884952306471343325910169988730398476004188212
36713825596702640963266773468141083817144736075108065283088385931896811663968331
01910010961880166628390585433729006565190274370039400456952973337670219931480727
03515283871190354629165996578384741187684995330929637882679201271402532591790980
23031605123710023450666983660744288728373355273733407921316546101042217830915590
47739073035311296521259524601004877448257080357587625222777189324157780120191785
40628323048424195036568828147162520153671292282776930158056557500626777692340816
86862571589482470144366551220321148607223453981002624447932066532524148470673720
66877582008362045162794350331463554566634752410178691407231240085018882874515680
09713759973099038100705915391369839578817981830575194144889949450808858079815747
09552258051255854860858661663065434584446061539238538628073732636408266436259953
71404807402121042791665389862755301363983887170293914630318457544548197461281471
43756476792173718084040100180031856224319168394522593113005654613496830788255753
65898812029219575090748691978576655994192495372681932542343876708093763645859851
55683200358395132451780262819042691068234979322639324013618546697868861598568146
18557478186235517301249038458300773307856270265580136351407140196097026037436005
94786237429940674505666803322732678994930342786928228300544157073218074394777998
88727343259956496373672901767355250141111863306412949304610580699775422462191587
70348373578298539798905060342599322390597412528044499653059941073122097271278336
37081602672416293209238242762082293501690199497882959924885699164965857005874604
55024438301417355777820192461639584503821421995836116276719878460131048976017468
37441617357647771670767690153252297282324414467024161864809325992185064672656970
77834280831873642495290386974078555444413026435849205369825788242497857628431726
06734178113992692263250985382728227924333076332297465134432255536897828561853660
58349083009857550950634382070354579383401087797035023241875284599423715936413519
33701274231176606672217987883065092152445896409207919711123053885447895922314091
81157369785696149167401453591288727082021294737246043322074235771632767171896589
90816364224413066028930622217726548722999828353320386250605464694281959960398975
29524132707982125393326812230726888957865553831293941234274389561850571870848765
64398482796823392113034543524828799833068936982214206491405194183805099964712738
59990188919828739723467242072857570441978579904582134295503428558930343610080228
23187378722982906114023831409618814004311697797057708683453205791084870453747031
40995810214546342111607235043325392471491784192018247500729935296322873374825659
18234386063997588423939161892388666999407298382822169532436527680692629405362349
12083949144052261122048246194300563531738976849120294025777388594773661859132838
37599602067096196230618519686976885498234350777305934465709144148065038654565449
35199033071007223977337599052687333907157817529100310862531325272945837091044613
54400086405552042929573428517609077682107275763510524724871180200411513229998481
59953763553390688131991599809547825889384267096732993678162649704697133040143638
81071156045783864277509974378747527325103390939674139647765574726015765307003269
76074022927077612198581353797225476560718525521918140652239252291223143082715811
79521137736153822040992290354019811946601376883564341109982539118434596476594481
77626060599990476263573370699741134513627468457147767858291573632794088703166569
00363181722415104040138023298623828035946450908253149896328071742465686169172615
26357268535331183483701008255097845308467158083663703127557758644252542114626682
97867701578384866623497228033792139034851327843046987754305833223353504794748386
73187479321240995091308746404215053589313023303136266591381148872848840226967736
92807897172238881820030734706131132429433640951480793212152947074233917355146471
77570237460232417004888329163061664253975847559766756451301723643956153976528722
49912571328698765987030803747281970569773315788851722871046567112616957976377993
98624791546633424996530858664180153264842293060936175412043871565186098832509678
31029786195627079546531809669019736352468367073024311205192652968830863188143920
15039709753986713199213040627272126482280735809814749460996875773233374852539149
92192822319931502287073173301596978746478760718918994549591809162202327049461977
08768010026738435850664210782265810180636638485599773156749281295635610001938704
17173483588700616029328629833736238584848428807058003613016525558166487029320662
82904067805598169525770346289177625730376578811022213354207983480453267751003837
93170916369097569414172953957585934971007534992837415669085981714485067518156479
70657227788925836795274358092397326278122070986606413162778105568833174609303278
46782147803554936010612747265625077822968847686430617197348043015569781012965514
34042942267805843867546296744054451970606363116548002625036544004622110823111635
42386509639389095580200782718202988223100692869588437098635442401221644462922948
32536202909601835749936765926703217681528393195406697992556407016427203086855758
90339833679371871348893994876687251617296041219878932420393040144506276303418460
26975975744068405540086565261695186977343897698390937868027479191029995294322516
36910594028234006902638475105605301252071363077848833918927760530724546348814537
79296038988642943609123636883886959371288512163032771528446761564788352967901950
54732726781439730239607794076008517800959022308047585506673818993481835993082240
98321040537677858405961579676700279047049917510268303079818157744718745092311522
12677407452106760806830469217173200936564073919464541861988690393612613538547349
05768587220893799626790773934929585948654845353936035263714750699998406906487516
99771918029830908767068208451928716940062663050474914409361249860767953333308465
73037825597250209407962779618376534772706429265314628415638594239018384496670311
78476427146006509842405268196702046829616326269215913609568943567387999360352525
55365746807247679199358918341492233976452558534553341359200017438178022136587905
05873053528267544448323363820682331416958320978145282303986677191851923294000009
76425362033613861542251543587342122327797677663809430278995078685408232873484250
42889388279270930067372276540283099716801858127265500920245444868473747604299456
92103723231649242193943830542511580485826880528770196074409596832557000352125908
29502491004418841395943089238108979063450399265242918865437248531751697006926684
13187980985937216716578413271733396408381188235369781676442554869564375185977391
71579297014048677449662312857925479433691836941447812733119264817172981745708690
35510790959189221310792966496304715506046955288533867109627105395445344380850955
58505970570044321122921254757258029228681660729511750384729347059407367604521558
97855381073298235767801551748556753444333180601490902259982978892260358921147679
72482096293982647928525541024705511700044595755210820637359473933510028138765783
16181039160888398089878688224064783213310956773760273750111101739498430519210372
70399048810686755056601953168889596820268430759322565698502480405095697790051306
12147740396179627387315200169700840734061264253776611066174259759091174071933810
40755877486228298674106125586823852252713698484621314599962755212792314031019953
18992591344284193975474426269913545538633891327320056968061443868547215822673861
75389875861218391581451632435156676265821212175861657267868522037135423476709652
16129181262220635306175611732154005266124744429873798501070936462317605652662568
37198903986892296061255656169865292273407780272087205713293344415004164260173371
34177401604832807763785913736134564586165876531496035957126905081480070648893685
35235788927345541944367657686632370668405931550931723273889126462312911481319524
59705362845063123068374142545817381801158758659538730674795445156670863850172793
67463924781557358587816525767385182168778587211118152535812556150864794255792706
47030160035989156358999378105674263591170747424758734577432560654087647541769272
76449350892700579666974244700215407056136684696505463755858519970780956986608319
71692701834904139016986746390011029841273665446306592315719793240294103928487168
38613172001086173186756870261988472367773106264879732863840273497268356088658036
28557543130136379224490785650043467941760913061089804172022570260512810458870370
24215418083887523000667665759923913594670200901872769106617869090650894510869611
23983635838294733271219421877048608549183928601013697413666615942007759156065859
28599803398514020703264386227940573650121606785375452336640031745853652747162723
13523590171712209368945240826928698367940309839349154329997870684204693880745427
46302363173918385488627779989968852967248345124053928929285208194368467506148783
87432447092714746513877956089999747398047284429755469800006213199731394688467695
21253097458477345643122076710857498933081244232374336049802554192639281662158552
84834285470707735707027249930035850511881652127904708501988898369676171681124195
16999920751852605985330294195190203090674585588934585851883296089435348957464106
32216081127957911413310800231768423743514449719570444330412999051015281078850489
25993607043321698550792715087863414265745619330243031354836306060453725896457523
40474309146204166220284656760437457754344272186686231673195100308207647632399478
03192779475959382362449844749427244113504169944553176339990750686005247044573495
22590668050077021782137679412219600904310010760749837121066648722165318051639405
96099813971186528842073062221844663147632301296355026641359361696839247407752825
21196008395439180502406614213084538407004702113937681534861262094816193478973338
51298834084075424132352640379539705827063367814845548294194263631147912914346039
33206763854406892683165881815342787130674861753812933824294129394580252862477143
91111745317830111434185182308838228024769861467918883508493044386447128214718523
51366032009446490375133227133785676519004484781226652910790342188908388454632565
50712697427418913656558750570456593602489579351944127445109002924194263549583440
33434827865121959630083648393816154345350784948377367014204583908768064877214812
30057482084342187823687436230733948240347344429158374503841316381457297923986505
05493302113817323132732625797671981076738880273892192048302037048695772570245727
09779352615632970478742761867575692627067565103455242472009583154474399521351613
44842437613181861392683757540296328249248530836783778323709550532997168909377210
71538249423332723573595888369859847589438784064927549464114011582839894926585036
58449952617513299056605060987809004740782528997549563311139165187503599168241633
87505117933550240748908776191913984693060904332159138873270527902461409118148100
13226144998384345389622223224342887125057482822237085970443836607120723930991116
79065835100085345613281298411082372490984876775615561663240898750146226355551613
56336151277868929971214535802954523581465473844650964398559057464015186781894284
94989158992468008673478368086627662645812961373842899850525107412345936299985909
14817662565180887433313669940457226637919586816239582365170499155416447658585654
34053271915244668539437447236536862011420753877656558359510986302150410701850818
87407186083322224237999499719763399272894699745139673271568940981444795685135904
55184188172333169097703483683642803803261897726481880883493389907485221573021255
74111407266684510073438694296678985012412252419368319439942452869530863366585496
04026723779563973269767121658673887825693771762341195380179325492031970436309500
81021613158959679728836993408873531534972182610182248561460186444157794088825279
41694721471369909057313342012709121687748590854587888698981705956963112194171506
35479187835823657599352307425307211623162725776048726083723404421033825185198789
88277278656473732870535864784916136253474768899513513247837910454219635339636254
65813072850272093417859145344456960775196104644690365676947813042484720580307232
38774159087225368122571116392271628757283925267051869852244241768108132486661614
43714246532951987277589805898015954944762954230113568968362600715502837679511303
38916473764847556359061369894620094765289445230833743772075198490028479776718723
19975661279657869837193758508114373487038211102309005857607221736965441165567593
15170900975757002758918053638185719224011405373009606768436410853170876896370187
52116594263328752553457299888090867739152678297445704572224459429238217225263128
80735177822054786100422449893822861345980397072585639906338617106297310242150511
76723039337271633151771674265892453763027863412055527197464958625860244409373040
29319658436397819336505140079323766661609273648604960504169658017018075740884333
75525928603523606883777521232625362051976008440880332350621642236555087146701563
80122147831654696207549164758934564928094954409414451894882661829757930854449210
44828231755045822112757731484597678183794098195807019643173667531210152863804242
70361648144691077155823635068011487175433928258610591482550948179383547729348517
82926061287711053384876538233906757185527294512647700874014113231551538180010621
14042830260316674412444243269663639462046387285955757922465759102149728764825415
69540660119264162855321333926831587867976389305016562865310618759132692976587209
46750167303047658144045421764500807498297485891489900910360594190899630136116726
16976967389941055241648245952069000618982429954171045159257365315666096775988906
35471111233937075492592087639532304003149126073866919451569312931625746808596596
34684670262639116595034531558966261890323992141681284523736452080989056320039448
33989667370871195615569091556732955801766526547987349718293129747274486968898382
03447989104903003657722801909067765488815851998667785909009919758814014243892683
49455530518509659149335408138652756522398437622506077865102646001991532851146291
02228901337174411610285111600468698240331451636848337620655881663264176653331289
29089230353779191213315187711939310384309351306949069268122397665261609465175435
79087389832183580235908130194790977596703747055794570766559716309610913632223255
00170465814348416595994975872915835320068932552257849231240419822495566505950245
46113760026411883157694885371166073752152183029440046357858500602123917888418839
26087514098886006234816338226464884012320056583918710735552013934082367356207848
06681980141378736232662615578832747477941263475076676883694461679772776399821365
65283464912824856790579252503564291002029373601901090776919797594089452738196433
45362841051040706800688900423343997237419000588014694360729119879762829202418343
42765505250634591978555679319932729802055125715177033921035464963915929923837011
58185273667650364602257210211425297062391669555192478481672031591262734153698860
79307357343556806849897021192663578487979624883065012096705983368529583874939626
86751545225375760062940407852353244059751777548493037443082003468293753093482184
72573958859289351136951756604839168412249566502093941465055391969987119129781343
17622248688938941664606231117153315101016752595395997612615797197867925817676657
85835849371916932376099613791565566502332108418199484715741942535029984958681377
26609067492269388728738254596171011104450325582808059613998135529092158146140468
94277086038253821493587016303234329496605564181118316825300913540257199771002197
84251797809384261985653959783646156126592541138101084133179154032790006370903142
77575433359582182233580102576695014965555634723270009920303283621395688927936521
40170515514029538891841864859661807639389796151135638578382891211853404022831618
29780626242487568375101137166039461656049595499042679945563848233077007703508240
84848417709141603826642254530535500112248551589837021606887263501299845520817247
