0256349037 7726337391 4461377038 0213183474 4730111303
2670296917 3350477016 3210661622 7830027269 2833655840
1179141944 7808748253 3607144032 9625228577 5009808599
6090409363 1263562132 8162071453 4061042241 1208301000
8587264252 1122624801 4264751942 6184325853 3867538740
5474349107 2710049754 2811594660 1713612259 0440158991
6002298278 0179603519 4080046513 5347526987 7760952783
9984368086 9089891978 3969353217 9980139135 4425527179
1022539701 0810632143 0485113782 9149851138 1969143043
4975001899 8068164441 2123273328 3071928243 6240673319
6554692677 8511931527 7511344646 8905504248 1133614349
8460484905 1258345683 2664415284 8971397237 6040328212



6602535166 9391408204 9947320486 0216277597 9177123475
1097502403 0789357599 3771509502 1751693555 8270725339
1189233407 0223832077 5858021371 7477837877 8391015234
1320984894 2345961369 2340497998 2793041444 6316270721
4796117456 9757196812 3929191374 0982925805 5619552074
3424329598 2898980529 2333664154 1925636738 0689494201
4712413405 2507220406 1794355252 5552250087 4879008656
8314542835 1677505422 9480327478 3044056438 5815919526
6675828292 9705226127 6287110401 3480178722 4801789684
0524079243 6058274246 7443076721 6452703134 5135416764
9668901274 7868010102 9513386269 8649748212 1186290403
3769156857 6240699296 3724930972 0162870720 0189835423
6903641492 7023696193 8547372480 3298550451 1208919287
9829874467 8641291594 1753167560 2533435310 6267452545
0711418148 3239880607 2971402347 2552071349 0798398982
3552687239 5090936566 7878992383 7125789762 4875599044
3228895388 3773173489 4112275707 1410959790 0479193010
4674075041 1435381782 4646307959 8955563899 1884773781
3413470702 4674736211 2048986226 9918885174 5625173251
9341352038 1158633501 2391305444 1910073628 4475675141



6105041097 3505852762 0444891909 7890198431 5485280533
9857778443 1393388399 4310444465 6692445508 8594631408
1751220331 3906815965 9251054685 8013133838 1521764182
1043342978 8826119630 4431113887 9625874609 0226130900
8499754303 9577124323 0616906262 9194039214 3974027089
4777663702 4881554993 2245882597 9020631257 4369109463
9325280624 1642476868 4954553249 3801763937 1615636847
8598237159 0238542126 5840615367 2286071317 0267474013
1145261063 7653833903 1592194346 9817605358 3803106128
8785205154 6933639241 0884676320 0956708971 8367490578
1630851581 3816196688 2222047570 4375906143 3804072585
3862083565 1769984267 7452319582 4182683698 2701602374
1493836349 6629351576 8540613973 4274647089 9685618170
1605511048 8097155485 9118617189 6680259735 4170542398
5135560018 7203350790 6094642127 1143993196 0465274240
5088222535 9773481519 1354385712 5325854049 3946010865
7937980586 2014336607 8825219717 8090258173 7087091646
0452727977 1535099103 4073642502 0386386718 2205228796
9445838765 2947951048 6607173902 2932745542 6785669776
8659399234 1683412227 4663015062 1553205026 5534146099



5249356050 8549217565 4913483095 8906536175 6938176374
7364418337 8974229700 7035452066 6317092960 7591989627
7324230902 5239744386 1014263098 6877339138 8251868431
6501027964 9114977375 8288891345 0341148865 9486702154
9210108432 8080783428 0894172980 0898329753 6940644969
9031253998 6391958160 1468995220 8806622854 0841486427
4786281975 5466292788 1462160717 1381880180 8405720847
1586890683 6919393381 8642784545 3795671927 2397972364
6516675920 1105799566 3962598535 5127635587 6814021340
9829016296 8734298507 9247184605 6874828331 3812591619
6247615690 2875901072 7331032991 4062386460 8333378638
2579263023 9159000355 7609032477 2813388873 3917809696
6601469615 0317542267 5112599331 5529674213 3363002229
6490648093 4582008181 0618021002 2766458040 0278213336
7585730190 1137175467 2763059044 3531313190 3609248909
7246427928 4555499134 9000518029 5707082919 0525567818
8991389962 5138662319 3800536113 4622429461 0248954072
4048571232 5662888893 1722116432 9478161905 5486805494
3441034090 6807160880 2822795968 6950133643 8142682521
7047287086 3010137301 1552368614 1690837567 5747637239



7631857570 3810944339 0564564468 5241830281 4810799837
6918512127 2019350440 4180460472 1626939445 7883770901
0597469321 9720558114 0787759897 7207200968 9382249303
2368305158 6265728111 4637996983 1375179376 2321511125
2349734305 2406221052 4423435373 2905655163 4066695061
6589287821 8707756794 1760807129 7378133518 7117931650
0331555238 2248773065 3444179453 4153952024 2444970341
0120874072 1881093882 6816751204 2299404948 1794494727
3289477011 1574139441 2284555218 2842492224 0658752689
1722727806 0711675404 6973008037 0396187877 9669488255
5614674384 3925701158 2954666135 8678671897 6612973112
6720007297 1553613027 5035561678 1776544228 7442114729
8816148027 0524380681 7653573275 5786025058 4708401320
8837932816 0087690813 0049249147 3682517035 3822196190
3901499952 3495387105 9973511434 7829233949 9187936608
6923013755 9636853237 3806703591 1442432685 6151210940
4259582639 3016780171 2866923928 3231057658 8517140202
1119695706 4799814031 5056330451 4156441462 3163763809
9044028162 5691757648 9142569714 1635984393 1743327023
7812336938 0430128926 2637538266 7795034169 3343236075



0024817574 1808750388 4750949394 5489620974 0485442635
6371649959 4992098088 4294790363 6662975260 0324385635
2945844728 9445471662 0929749549 6616877414 1208821304
7702281611 6456044007 2363515811 4972973921 8966737382
6472047226 4222124201 6560150284 9713063327 9581430251
6013694825 5670147809 3579088965 7134926158 1613469018
0696508955 6310121218 4918058479 2272069187 1696316330
0448580201 0286065785 8591269974 6376617414 6393415956
9539554203 3146280265 1895116793 8074573315 7598460861
7370268786 7602943677 7805002446 7339133243 1669880354
0732323882 8184750105 1641331189 5370364884 2269027047
8052742490 6034920829 5475505400 3457160184 0725745369
3814553117 5354210726 5578356154 9987444748 0427323457
8800618731 4934156604 6352979779 4550753593 0479568720
9316724536 5472083816 8585560604 3801977030 7642460834
8987610134 5709394877 0029461757 9206195254 9255757109
0385251714 8852526567 1045349813 4198033906 4152987634
3695420256 0802776144 2191431892 1393908834 5431317696
8510184010 3844472348 9488695209 8194353190 6506555354
6173358140 4554483788 4752526253 9496658699 9205841765



2780125341 0338964698 1864243003 4146791380 6190280596
0785488801 0789705516 9462152287 7309010446 7462497979
9926271209 5168477956 8482583341 4022664772 1084336243
7593741610 5367340419 5473896419 7895425335 0363018614
0095153476 6961476255 6518738232 9246854735 6935802896
0115367917 8730355315 9378363082 2486151777 7054157757
6561759358 5120166929 4311113886 3582159667 6188303261
0416465171 4846979385 4226216871 6140012237 8213779774
1312689772 6671299202 5922017408 7700769562 8347393220
1088159356 2862819285 6357189338 4958850603 8531581797
6067947984 0878360975 9601497334 2057270460 3521790605
6476032855 6927627349 5182203236 1441125841 8242624771
2012035776 3888959743 1823282787 1314608053 5335744942
9762179678 9034568169 8895535185 0447832561 6380709476
9516990862 4710001974 8809205009 5219436323 7871976487
0339223811 5403634754 8862684595 6159755193 7654101150
1406700122 6927474393 8885899438 5973024541 4801061235
9080362745 8528849356 3251585384 3832424932 5266608758
8908318700 7091002373 7710657698 5056433928 8543376583
4259675065 3715005333 5144899082 9388773735 2051459333



0496265314 1514138612 4437935885 0709446880 4548697535
8170212908 4907873478 0681436632 3322819415 8273456713
5644317153 7967818058 1958524648 4008403290 9981943781
7181773023 1700398973 3050495387 3561162610 2399943325
9780126893 4326055847 1027876490 1070923443 8846340117
3555686590 3585244919 3701810416 2620850429 9258697435
8170981338 9404593447 1937493877 6242324098 5283276226
6604942385 1297094532 4558625210 3600829286 6497241749
1914198896 6129558076 7709795947 9530601311 9159011773
9431042090 4907942444 8868513086 8444937059 0902600612
0649425744 7103535476 5785924270 8130410618 5462198818
3009063458 8187038755 8562749115 8737542106 4667951346
4875867715 4383801852 1348281915 8124625993 3516019893
5595167968 9328522058 2479942103 4512715877 1633452229
9541883968 0448835529 7533612868 3722593539 0079201666
9413390911 6875880398 8828869216 0023732573 6158820716
3516271332 8105181876 0210485218 0675526648 6739089009
0719513805 8626735124 3122156916 3790227732 8705410842
0378415256 8328871804 6987952513 0732663402 7851905941
7338920358 5403956770 3561132935 4482585628 2876106106



9822972142 0961993509 3313121711 8789107876 6872044548
8760894101 7479864713 7882462153 9559333332 7556200943
9580434537 9197822805 9039595992 7436913793 7786649409
6404877784 1748336432 6840262829 3240626008 1908081804
3909145563 5193685606 3045089142 2896452199 8779884934
7477729132 7972660276 5840166789 0136490508 7411421268
6196986204 4126965282 9810870454 7986155954 5338021201
1556469799 7678573892 0186243599 3267776894 5406050821
8838227909 8336271671 2449002676 1178498264 3770330020
8184459000 9717235204 3319947082 4209877151 4449751017
0556430295 4282181967 0009202515 6158441742 0593365814
8134902693 1115170938 7226002645 8630561325 6057925609
2733226557 9346280805 6834439213 7368840565 0434307396
5740610177 7937014142 4615493070 7413608054 4210029560
0095663588 9778992676 3051771878 1943706761 4982175641
8659011616 0865408635 3915130392 0131680576 9034172596
4536923508 0641744656 2351523929 0504094799 5318407486
2151210561 8338545661 7665260639 3713658802 5216662235
7613220194 1701372664 9660732520 1077194793 1265282763
3024138051 6490717456 5964853748 3546691945 2358031530



1969160480 9946068149 0403781982 9732360930 0871357607
9862142542 2096419004 3679054790 4993007837 2421581954
5354183711 2936865843 0553842717 6280352791 2882112930
8351575656 5999447417 8843838156 5148434229 8587042455
9243469329 5232821803 5083337262 8379183021 6591836181
5542171574 4846577842 0134329982 5945668845 5826617197
9012180849 4803324487 8725818377 4805522268 1510113717
4536841787 0280274452 4429054745 1823467491 9564188551
2444213377 8352142386 5979925988 2032870851 0933838682
9906571994 6149062902 5742768603 8850511032 6385445404
1918495886 6538545040 5713236296 8106914681 4847869659
1668618427 5679846004 1868762298 0555629630 4595322792
3051616721 5919686758 4952363529 8935788507 7460815373
2145464298 4792310511 6763577494 9462295256 9497660359
4739624309 9534331040 4994209677 8838270027 1447849406
9037073249 1064441516 9605325656 0586778757 4174721108
2743577431 5194060757 9835636291 4332639781 2218946287
4477981198 0722564671 4664054850 1310096567 8631488009
0303749338 8753641831 6513498254 6694673316 1181233648
5439764932 5026179549 3572043054 0218297487 1251107404



0116114058 9991109306 2492312813 1163405492 6257135672
1818628932 7861388337 1802853505 6503591952 7414008695
1092616754 1476792668 0321092374 6708721360 6278332922
3864136195 9412133927 8036118276 3241060047 4097111104
8140003623 3427145144 8333464167 5466354699 7314947566
4342365949 3496845884 5515241507 5637660508 6632827424
7941360628 7604129064 4913828519 4564026431 5322585862
4043141838 6695906332 4506300039 2213192647 6259626915
1090445769 5301444054 6180378575 0303668621 2462278639
7527466678 7012100339 2984873375 0144756003 2210062235
8029343774 9550320370 1273846816 3061026570 3008722754
6296679688 0890587127 6763610662 2572235222 9739206443
0935243272 2810085997 3095132528 6306011054 9791564479
1845004618 0467624089 2892568091 2930592960 6423570210
6152464620 5023248966 5939873249 3396737695 2023991760
8984745718 4353193664 6529125848 0644801965 2016283879
5189499336 7592414856 2613699594 5307287254 5324632915
2911012876 3770605570 6095313775 2775186792 3292134955
2451330898 6796916512 9073841302 1675732386 3757582008
0363575728 0027544903 2795307990 0799442541 1087256931



8801466793 5595834676 4328688769 6661009739 5749967836
5933978463 4695994895 0610490383 6474095046 9522606385
8046758073 0699122904 7408987916 6872117147 5276447116
0440195271 8169508289 7335371485 3092893704 6384420893
2997711258 5684084660 8339934045 6890267875 1600877546
1267988015 4658565220 6121095349 0796707365 5397025761
9943137663 9960606061 1064069593 3082817187 6426043573
4253617569 4378484849 5250108266 4883951597 0049059838
0812105221 1110919433 2395113605 1446459834 2107990580
8209371646 4523127704 0231600721 3854372346 1267260997
8703856570 9199850759 5634613248 4601884098 5019428768
7902268734 5565005191 2154654406 3829253851 2763176639
2205093834 5204300773 0170299403 6261543400 1322763910
9129883278 6392041230 0445551684 0548898090 8077917463
6092439334 9126411642 4009388074 6356607262 3366958427
6458369826 8734815881 9610585718 3576746200 9650526065
9292635482 9149904576 8307210893 2458570737 0166071739
8194485028 8426039636 6074603118 4786225831 0565808708
7030556759 5861341700 7454029656 8763477417 6431051751
0367328692 4555858208 2372038601 7817394051 7513043799



4868822320 0443780431 0317092103 4261674998 0000730160
9481458637 4488778522 2730763304 9538394434 5382770608
7607635420 9844500830 6247630253 5727810327 8346176697
0544287155 3153400164 9707665719 5985041748 1990872014
9087568603 7783591994 7193433527 7294728553 7925787684
8323011018 5936580071 7291186967 6176550537 7503029303
3830706448 9128114120 2550615089 6411007623 8245744886
5518258105 8140345320 1247547232 6908754750 7078577659
7325428444 5935304499 2070014538 7489482265 5644222369
6365544194 2254413382 1222547749 7535494624 8276805333
3698328415 6138692363 4433585538 6847111143 0498248398
9918031654 5863828935 3799130535 2228334301 3795337295
4016257623 2280811384 9949187614 4141322933 7671065634
9252881452 8239506209 0223578766 8465011666 0097382753
6604054469 4165342223 9052108314 5858470355 2935221992
8272760574 8212660652 9138553034 5549744551 4703449394
8686342945 9658431024 1907859236 8022456076 3936784166
2705185551 7870290407 3557304620 6396924533 0779578224
5949710420 1880430001 8388142900 8173039450 5073427870
1312446686 0092778581 8110409115 1172937487 3627887874



9074652855 6543474888 6831064110 0510230208 7510776891
8781525622 7352515503 7953244485 7787277617 0019648537
0355516765 5209119339 3437628662 8461984402 6295252183
6785223674 7510880978 1507098978 4130862458 8152266096
3551401874 4958369269 1779904712 0726494905 7372642860
0521140358 1231076006 6995185361 2486274675 6375896225
2991164960 6687650826 1734178484 7893372950 5673900787
8617925351 4406210453 6625064046 3728815698 2323175005
9626108092 1955211150 8593029556 5496753886 2612972339
9146283584 7604862762 7027309739 2020014322 4870758233
7354915246 0856082103 2888297418 3906478869 9232736913
6004883743 6615223517 0584377055 4521081551 3361262142
9118156153 0175888257 3594892507 1088792621 2864139244
3309383797 3338678061 3179523731 5266773820 8580247014
3352700924 3803266951 7421195076 7088432634 6442749127
5589077468 6358216216 6042741315 1702124585 8605623363
1493164646 9139465624 9747174195 8354218607 7487110573
3845843368 9939645913 7406033821 5935224359 4751626239
1886853078 2282176398 3237306180 2042465604 7752794310
4796189724 2995330297 9249748168 4052893791 0449470045



9086499187 2727345413 5081019838 8186467360 9392571930
5119686456 0185578245 0218231065 8894379865 2243205067
7379966196 9554724405 8592241795 3006820451 7953700434
7245176289 3566770508 4902131077 3662575169 7335527462
3029430312 0359626095 3423574397 2496592110 1065781782
6108745318 8748031874 3082357369 9195156340 9571627009
9244492974 9105489851 5196586647 4014822510 6335367949
7371425102 2934188258 5117371994 4991150975 8374613010
5505064197 7215319293 5487537119 1630262030 3285886585
2848019350 9225875775 5974252765 8401172134 2323648084
0271433563 6754204637 5182552524 9443296570 4386138786
5901965738 8028684018 9408767281 6714137033 6617326501
2057865391 5780703088 7142615190 7500149257 6112927675
1930967284 5397116021 3606303090 5422439663 2067432358
2797889332 3244057791 9927848463 3339777737 6559018705
7480682867 8347965624 1461028995 0848739969 2970750432
7530299728 7229732793 4442988646 4127253481 6060377970
7298299173 0292963086 9580199631 2413304939 3504933254
1235507105 4461182591 1411164545 3471032988 1047844067
7801380771 3146540009 9386306481 2666143308 5820681139



5838319169 5455582594 2689576984 1428893743 4670841079
4631893253 9106963955 7807060212 4597489829 3564613560
7889834724 1997947856 4362042094 6134123876 1319886535
2358312996 8622689486 0840845665 5606876954 5012744866
3140505473 5351746873 0098063227 8046891224 6821460806
7276277084 0240226615 5485024008 9528916571 1761743902
0337584877 8429112896 2324705919 1874691042 0058483261
4067733375 1027195653 9946971625 1724831223 0633919328
7079838007 4848572651 6123434933 2733566644 7335855643
0235280883 9243482787 6088616494 3289399166 3992104883
0784777704 8045728491 4563033532 6507002958 8906265915
4985094079 7276756712 9795010098 2294762289 6189159144
1520032283 8787734851 3097908101 9129267227 1037788980
5396415636 2364169154 9857684083 9846886168 4375407065
1210390625 0612810766 3799047908 8796747780 6973847317
0475253442 1563903872 0123880632 3688037017 9493089549
0077633152 3063548374 2568166533 6160664198 0030188287
1237674818 9833024683 6371488309 2592833759 0227894258
8060087286 0388591688 4973069394 8020511221 7663591382
5152427867 0094406942 3551202015 6837777885 1824670025



6517085092 4962374772 6813694284 3500629388 1442998790
5301056217 3754591826 7997321773 5029368928 0652100253
9626880749 8092643458 0116557158 8670044350 3976505323
4782873273 6884086354 0002740676 7838219635 2222653929
0939807367 3913640828 9872201777 6747168118 1958561337
2158311905 4682936083 2369761134 5028175783 0202934845
9829250008 9568263027 1263295866 2921476531 4223335179
3093387951 3570953463 7718368409 2444422096 3193312956
2030557551 7340067973 7406141621 0792363342 3805646850
0920371671 5264255637 1853889571 4164197723 8742261059
6667396997 1731681694 1543509528 3193556417 7056686222
1521799115 1355639707 1433128936 5755384464 8326201206
4243380169 5586269856 1022460646 0693307938 4785881436
7407000599 7697036490 1927332882 6135329363 1124036506
9865216063 8987250267 2380874033 9674439783 0258296894
2568967418 6433613497 9475245526 2914265228 4241924308
3388103580 0537870239 9954217211 3686550275 3413622116
9314069466 9513186928 1025747959 8560514500 5021715913
3177516099 5786555198 1886193211 2821107094 4228724044
2481153406 0558959583 5581523201 2184605820 5635926993



0347885113 2068626627 5887714460 3599665610 8430725696
5005630644 8918759946 6596772847 1715395736 1210818084
1547273142 6617489331 3417463266 2354222072 6001460127
0120693463 9520564445 5432916629 8666078308 9068118790
0908152950 6362678207 5614388815 7813511346 9536630387
8412092346 9428687308 3932043233 3872775496 8052103028
2154432472 3388845215 3437272501 2858974769 1460808314
4041258681 8154004918 7772287869 8018534545 3700652665
5649170915 4295227567 0922221747 4112062720 6566229898
0603289167 2068743654 9482461086 9736722554 7404812889
2424718543 2360575341 1672850757 5520571311 5669795458
4887398742 2281358879 8584078313 5060548290 5514827852
9489112190 5383195624 2287194847 5940785939 8047901094
1940706717 6443903273 0712135887 3850499936 3883820550
1683402777 4960702768 4488028191 2220636888 6368110435
6952930065 2195528261 5269912716 3727738841 8993287130
5634646882 2739828876 3198645709 8363089177 8648708667
6185485680 0476725526 7541474285 1028145807 4031529921
9781455775 6843681110 1853174981 6701642664 7884090262
6828244482 5802753209 4549915104 5185177165 4631180490



4567985713 2575281179 1365627815 8111288816 5622858760
3087597496 3849435275 6766121689 5926148503 0785362045
2745077529 5063101248 0341804584 0594329260 7985443562
0093708091 8215239203 7179067812 1992280496 0697382387
4331262673 0306795943 9609549571 8957721791 5597300588
6936468455 7667609245 0906088202 2122357192 5453671519
1834872587 4239194108 9044411595 9932760044 5065562064
6116465566 5487594247 3692523369 5599303035 5095817626
1762318495 6190649483 9673002037 7638743693 4399982943
0209147073 6189479326 9276244518 6560239559 0537051289
7816345542 3320114975 9948962784 2432748378 8032701418
6769526211 8097500640 5149755889 6502930048 6760520801
0491537885 4139094245 3169171998 7628941277 2211294645
6829486028 1493181560 2496778879 4981377721 6229359437
8110044480 6079767242 9276249510 7841534464 2915084276
4520002042 7694706980 4177583220 9097020291 6573472515
8290463091 0359037842 9775726517 2087724474 0952267166
3060054697 1638794317 1196873484 6887381866 5675127929
8575016363 4113146275 3049901913 5646823804 3299706957
7015078933 7728658035 7127909137 6742080565 5493624646



4126002437 9684543777 3390264725 1281941632 0076848736
2517640659 6754069362 1758879307 8559164787 7727473927
2002910342 9495624476 6130820072 9250734529 1707642266
2104767303 7863169954 2374551174 5652202278 3324096803
5246676631 9086101120 6745856287 3174135111 6229207886
5132941244 8154716281 8207987716 8346341322 3622341177
8823102765 9825109358 8923591620 5510876329 8087993165
1725289380 0123781743 4896832151 5905624933 4737020683
2232100118 6373957705 6747386710 2173212375 2243252416
2635803437 6253606808 6691635715 9455152781 7803921774
3228234366 3377281118 6390511893 0759016666 5074295275
8384008544 6354193171 9053136365 9724905158 4091065822
0181473479 9022359067 1381469051 1605192230 1269482316
1134174399 4471483304 0862484269 1395023367 1341242512
3864026657 2581309439 6762193965 5407386524 2298978797
8219863791 8299709557 9247473203 0323911641 0445906907
9778623155 1834959303 5305923789 8175158914 5765040802
5109479123 4217584828 4188195013 8546165680 3017550355
8005494489 4884871351 6053755934 0234574897 9516602442
3383214060 3009593710 5588457052 5157042662 8460035440



2823678768 5509826781 6176552037 5795655481 6778960389
2749835560 8791541177 7494235734 0076416109 3294003899
9821992672 5708695732 6068774974 2248020233 0752518765
0255968420 7606932299 8858757989 8896460744 3817881700
8154889522 6516722834 0452772191 0699141576 4639485231
1267947308 6580319507 6455197675 6289574288 8179681209
0026387145 2578583152 7761510908 8631740243 6956805678
7301523542 7804793414 2664952238 3370711751 1265375503
9423720987 8466804913 9473446530 7140796225 9728713050
3077258714 8755705025 8257346686 6613802351 4260561161
9740554343 6548698005 4448792959 7028759035 2258409782
6835986664 4658604569 4241390729 0952662499 3290297344
0568160683 8057266260 5727708840 7073471496 0600645614
5407073443 2782514087 4742755067 2230484535 7006092214
3900029929 8160821171 7047917614 5051910081 3267037521
4930740567 8533111060 5835291278 1007391749 9491978451
1291591368 1107394055 1752080196 3053935074 0248509553
7725003670 5466516233 0430425087 4423242624 0463211507
8997336929 9854070416 5626104197 6700202415 0948924118
5609240963 7604429612 0023645907 0644977062 7207919019



2359648070 4892363697 9860198283 0872842285 6475235316
2882791324 2955248144 4750552190 9672046080 6895451817
1220493032 1853740627 2474215197 4030576904 3602686360
7807920047 7623242955 1829473522 0272443763 3902772139
2087767065 7162416397 5178585925 4426923428 5352743288
5633685078 9651962072 5194165560 6187037055 0218462845
4342578503 8300009537 4518292958 4404649188 3868579348
3961151297 1605816657 4509670367 7495836666 6931218817
6367964494 3617130416 0372430506 5848513174 9264055855
1940180051 8090847521 1868224616 9761492432 3831948643
4415908558 0110730703 1120150224 3416073157 9295287529
3683582039 7003389112 1141706852 1936658978 9459503154
3895890153 0382714300 1929589074 1499435928 9408309707
7078362875 9144840370 4503861896 6975811201 8523192318
6865996803 8583812370 3291562075 7883594878 0941688205
5316051281 9015264759 2807574958 1545642213 4145937816
7056992868 2998956119 8235383715 7880480478 7045841753
9466549769 0173220310 8900703033 6291176730 8448450372
1456696444 0146954517 3857434157 8101586187 8383927855
2609399130 5702555755 5906094705 1498093487 7733200727



9757303824 5989466809 6808222213 4848587382 2999281794
0908256652 0958165547 2475244566 7436975944 7468637633
2428904269 7761067919 3391098330 0422310293 7282987989
0320939109 2682836306 1736101738 7812367989 8645149311
7024371282 8588263048 6298884492 2074156406 0714705913
7405524665 7569718702 1735528724 5439427714 8091793644
3765063786 1861324348 6357974112 5852086345 9927803688
7924983543 6329845768 7650165065 1153450086 9572123950
7544785683 1736315571 5352704652 4235259737 5134088254
6160966144 0746675514 2268360319 5980107215 2463551069
1718713357 3168548563 1280857834 4356236709 5965094994
6968820661 1851180860 3420282133 1801249410 9915026014
3545001743 2730793625 1130702982 5049941799 4284451146
4793291545 9955590958 7807621636 6685917910 6543596606
5253525320 2736507259 8912125568 6842802077 2464877220
1099663182 9559552903 3933122843 6486447597 3560859840
7609472983 8954243393 2623153239 9189818522 6418083129
6333546356 8748288634 6561850481 0632288805 5967378445
6200094146 5603499280 8794051153 1005758712 9552571964
1115068503 4077371060 4380371259 5755969859 4936205847



7512026354 9473475347 4818926225 4190352671 6144292848
9985753674 0692165271 6300860606 5437373682 3556588626
4863436891 5321809557 2204456777 1373683104 5807558452
9612832832 6063196297 2852796667 4362974800 8213186279
2186904428 4342630735 7607039996 6943078950 8147269730
2538173756 9492275179 5354326156 9120405948 3286094999
2366412287 8812264191 4850485632 8072066418 5570595203
7503032291 6894489427 5783060909 1085241060 1400683274
2055839697 7382315073 4996108758 7637042555 6496408685
5071942256 3449667324 3065625925 0474581762 7332818160
1701969816 6542426378 7636014530 3594653845 0325476674
9997373408 3566513818 6025156520 2836373891 7101654541
4882674448 0091057041 8616262683 7971120886 1413572796
1109908829 2970229692 1281809787 9895139150 4270936786
4449831964 2013456683 3908775943 0064424856 2301212461
4511697921 9396344095 0808322928 1294270436 5991464827
4998437594 2113020418 2973084171 7881309037 9558545603
2471708191 9530277146 5794555475 5447542844 3440813938
8908609776 0178573893 0751866190 6505018077 1650018407
4432585402 4184360501 1182429907 0232341724 3674525365



3495947990 6333454075 4371812699 3998337192 1848541873
5979845348 9345922685 1506818266 2490078029 3350126588
2497422624 1885352526 6367028276 6249934982 9488748331
0617642084 2901692305 2899608978 6041300651 0902817980
5040587107 6711790411 3021748279 6682353001 9602202531
8557678984 3317586806 3783599687 9160153892 2220236575
7655815866 1140919939 4861599209 1599175533 4178303334
7643131635 0127053906 9707932656 7812415906 4342847213
6023521823 6741214733 1244999443 3415591527 4315931687
4778825331 5509277033 6202901222 5977948098 5539220006
4527162280 8553982789 0658423344 7552821276 5176505726
6326769114 1075034845 8718969964 3487577513 8479148183
6351006214 6681858509 6348887081 4569767220 2016799119
9462417776 6889079171 3686594596 0726468538 8107787830
0216136827 6697026223 4594187374 7673353799 8884403427
0468030425 5169412715 8739320398 4443746045 4781611305
6625176412 7598211819 3966110185 0562880555 9425660600
3231211618 0994622129 3010024709 1334715068 2268430458
6803009042 4286168202 5562140946 0879000651 9109949557
0815816505 8289833407 3946608445 7565780636 6902728434



6201858732 8252924796 5052866814 0850353851 9837523637
4519256227 9549029055 7907030283 9501048548 3592983454
2814487304 3580470533 1508151050 3001521428 1171753936
4913316617 2621235405 5278633080 0208317705 5630294963
5942016543 3309409417 7196326234 1193871051 6157010179
8053551679 3708602913 6675698609 7124120368 5838129576
9530779814 1365700174 7613569669 8614606849 1439699573
8376316958 2460251334 2108072621 7136019430 1808720988
8551415024 1638183259 7525959316 5531865833 1171268579
4152720661 2218422661 4118251546 5748487831 2610347834
5467492583 0872998544 7421206445 0952332450 5087743149
6166555251 7971680209 9172002640 9374921907 5699368963
3028139164 7208963581 7717355558 4859270652 4504862516
4195405508 0134351032 3389813378 3024977018 2275490638
1499964723 3340796130 4146973947 6372650869 2733471084
1568560843 0921316240 4346298639 2084166005 5904598506
4912435052 6476606760 0344441618 1864036700 8377411410
1094320588 9555986586 7007786367 1896944089 6223213740
3411359719 9133135946 5536854466 9236765258 9012108413
7774324821 9181274784 7892287264 8929700323 7187345615



7981599834 8391004126 0105074696 4599430331 9788106349
1392381249 0503061433 4079183280 0406390709 8672596197
0983112659 6014747372 5330526853 7177421465 5400587392
4623727617 3649051987 1336806772 3952570781 3606866832
6139501432 9509474851 5947246675 2720168431 6586608807
5127685847 5554118438 1169011622 0055521134 8448896066
8259227431 3190079630 1158708467 0117654935 3930465633
5622531124 4727796669 0058311906 1610197266 3073970542
5314398184 5737944948 6780134618 2178759390 7699960202
9083965677 2878469057 3640156401 5047696448 9939475414
7460833991 8696889271 1569423454 9265124664 5507792554
0281050376 2203596753 0558601856 4920560628 7909076945
3339208808 8494778288 9485112215 4743230191 3832455629
9388102061 4490266876 0102077532 1091568497 7830740859
6498579671 5261701003 9475494539 9176987913 2354655010
6407355816 9994097562 4814996744 3278429202 7626441897
9391815839 4562708173 3015821602 2551965989 8769376164
0198612074 6675504886 1110855726 7645070526 2244613022
2335852072 2736204850 5728923881 5884938754 5352291863
9971438088 4061757286 2209501225 0651586310 4258884134



3554319737 2985621775 3072022629 4755524830 4444534043
4888878581 1703413453 4252235431 9407877972 8467601815
8322709774 5180929342 1931898158 1248283265 8950040704
8552060998 9378390034 1914163044 6391638805 4965878650
1375046341 6956551566 1829887863 0705842306 9676602540
5302481147 1007899784 2118304890 1046405689 6539702885
5955309255 5863605215 8957375114 0895649058 4415677493
7105859648 0143158746 1449125054 9253191164 6538215851
9737009328 0194530320 5726284526 5804604633 7816631429
9330766466 4653076059 0548962888 7241897160 6022588261
7577539922 0551315093 7720062486 3085562820 4935757527
2499556708 9221634233 9836025653 2873102919 4007041176
9192208500 1511673567 0101958971 0017970195 7812089291
0969417754 3699043682 0256302405 4822625401 9056965077
1058157424 0721496339 5603652702 8333440730 5750073674
5622605846 4988611510 1689612181 1190584717 1446106871
9761017456 5873737967 4069713742 3238753839 0303172002
0020720592 8488785123 9117464716 7374373792 3283881966
2016876221 9134623389 3762599527 0256721386 2211245898
0212130501 4072889043 0032253550 4095866818 7241393699



3819306914 8744717186 6461831119 4260316166 4070377316
4870018647 9960024304 4003242241 8094022785 3330901150
9880870678 2688353172 0076752255 3138008818 7804316901
9007280483 1799287414 1254761230 8960683309 5828377667
6882875786 8868309297 6001011974 5338983319 5258861963
0132917094 3858166153 7417179449 6319177154 3125069598
5348128568 4619377669 8942774591 7091880252 0012749905
5594072896 9659479333 1672243621 5678967769 6670803522
9039018485 7308062756 7086765862 7104769409 2035655930
2535274341 8965927002 2270492331 8682999156 0936413757
0049885373 0459639615 2734629396 9749517480 6269645179
3018719986 7885375814 1597579931 4806608557 2325683743
0528276417 5670050288 0404894298 9958094810 3534833934
1449278859 2526219241 5547231997 1433850866 3732092663
2728243514 9336407045 8968385234 5624744361 1752567669
8776759722 3439206357 5074715529 1810276261 4012992480
4228839902 9787992541 8517499129 6302839907 2963558857
9890593317 7959087690 7390564602 5623533567 2215522594
6883829845 2882922966 2751371624 2217295467 8670715840
9241840841 4755758253 9385240963 3020513497 0474069539



9567897981 7278609204 6228683973 5779815111 8681526598
8460694975 8965481314 6511503926 2637774951 3761557248
1951161198 7725034456 4710738513 4359273555 3871246237
5598193813 2142384415 8192907004 6389771683 8872079163
6174143249 7079109658 1627464297 1707287172 5142745898
3568970955 3462682016 9085356108 9448984071 0058192030
2176945120 7717745887 9551951047 3384184739 9807963067
6788584516 7575729904 3069715426 4238349800 9870869933
6709121083 9445350624 5922432312 3482785496 6037465718
8014892937 9451478705 4060792457 5900601219 6221239287
2001721558 8666345734 9714095337 2115165598 5757941724
4198890261 6701610161 1557834315 0254603287 8119842402
7484608510 7224066767 7876085524 7617773833 0895026100
6438835055 0205456324 3461678594 5194179566 9874968515
2448838475 1361818066 7108316165 5642093692 7052061189
8517292617 1417144346 5550870630 6063551012 9494003097
5916779915 8426049197 1209543227 0267843265 4296572403
2720887143 2199964531 3202587109 6771651285 4966996255
2698607311 7637182074 9882739977 0601991362 0930832307
3683820645 5732563765 9829125781 3149222422 0427971241



4416299512 6594563979 2759380383 8047826231 6042432539
9132851123 0322470375 6194232173 3047854078 5762440132
9171799297 9240783390 7157579814 2681686465 5382946847
3992058886 3165593491 9867896962 8404473449 6802407709
2831376408 1033522552 4271740410 7673565424 4410044833
4744010172 6441052954 7872963458 9864050120 3608024451
1903509949 7449397361 7181575277 0937802092 3666813584
1636268319 2634067141 8279742134 2546220705 4156000509
5967404561 6840451771 7479527903 5325493258 9120483385
7465900967 8173041600 0521088934 6107687540 0424197780
3082885181 2001733695 5912713771 4195011361 3044097532
7919050489 1583246399 1434835316 4868154857 9178632935
1239255525 1021118278 8573696060 2769313014 6966143344
9642302114 3824837056 3353279385 8895267672 0766889712
7443581563 2088106650 1495681435 5879657690 9857765902
7687074536 5927636497 5553449617 3080781609 8710324801
3795136170 3677634575 9497568620 8013996374 5517624251
4778062872 2265971455 4829067692 9571364357 2152674468
9878894188 2075129222 5756509143 5528288746 1419509786
2427527881 5715664007 6372103780 3194043095 8442725492



6998716923 4331890022 1415031139 9876526068 8761566740
2101972017 1960239086 1082974927 6395695411 5303227546
0173870795 6259935797 8530244347 6716399591 4623179312
3998998692 8437975702 4923695515 8729768385 4005227651
4956144471 0597196288 9888157109 4151717015 1811474351
3643854005 1162462021 3117480079 1983749700 1004713634
3252328157 8911355450 4533719052 7506822915 6185003328
4695679262 2620819044 2473340362 5038927920 7158596003
9363153368 8427243753 6679969864 7934741133 1983286194
4146065392 2784099903 1438403545 6504705678 9552024827
1760118743 3564369024 3503085631 3095590552 5039049273
1613311734 9225846446 0902453507 9190184411 2993216997
7045183285 3586480428 5568222087 3721361649 0586303256
3689130841 0376021567 9927020005 3223554398 0465311933
9775459044 0450785680 2139846500 9693429547 3102692499
4758646605 8091669984 1606846460 8729394380 8274308285
8174796941 7287299031 1013192675 5738979840 9136425347
9694943480 3777033646 3495847686 2982590103 4707278612
1862300198 6607987782 6842459338 3563891957 0206853521
6032116352 3006498874 4600200170 4130569853 6515466875



2023859375 1832803728 5114327481 1699683692 8492204473
8057063349 6618711240 9478359158 6962685864 3589141359
8542535776 8877493274 3634514754 4886408688 1803036965
2431755688 3002058607 7325695971 6086485415 8344684324
8996307701 1371344675 1569302448 8548207712 4133557732
3069494580 6726784523 5943631507 8727281579 0157307003
3178796854 4362795257 1902362327 4614262868 7327380094
9774112285 6237663214 9046532940 7202619753 9071740422
2595392428 8816455979 6570030957 1413891069 3684503626
8231053986 7437532400 5270153474 5893325679 5149418545
3780882706 3457295962 1690853835 3537038141 8115573816
3782090325 6151986974 5357646412 1254980760 0515614170
7298046994 8135934831 5056811664 2793219335 2798227147
1576734018 6088721518 7996693502 5270075755 6099719882
8630642854 4812827513 9280694702 7501481632 8972731434
7348528529 5046048832 7167397898 1563678804 7804436021
0900732072 7369749344 6304997314 4257156043 3133690387
6181009488 7312071348 2710815889 8574832658 5420751007
7953118326 8617080370 7093592761 4936782530 8583404823
5100363216 6378957426 2025503501 1686154340 7379504516



4828967556 9835893552 2020173679 5480757819 0950269798
1271148703 4311903631 1224612829 5303820512 8704309294
7197459469 0821025634 7889954317 7152437969 6211281224
5034260663 9926885213 3079196370 2777804488 5792057304
6990800923 4401866381 1325209712 3096476059 9899479257
5985100817 3039606822 2199753273 0160658262 8527582576
6950785472 6034938298 1335825281 7867060851 2656002268
8717811253 5978293373 4779141273 6284188656 1759208328
7944741096 9703879854 7369840254 5806329483 5022359393
5435874802 2398976091 6296250110 4739311694 4910066690
7230634693 1301697118 2063253526 9244043840 0937242844
2820970936 4856909468 9200873717 5325255703 0543539828
7278123011 3980809386 7015474885 8034456318 7131960267
8548793893 3162050076 7526411204 4390237583 3427242986
9965478636 8534102848 8573702547 2550236566 3418680919
0383886707 8790720840 3619402164 6701215348 3797815183
2826472578 6288152071 0108149955 8980338118 9615694417
5676134071 7046538512 1709021237 7788433364 9651872119
9054075818 7739439752 8364143953 0442459139 0317881300
4188791887 1145531482 6746998705 5587931040 2403888840



8385068734 1625071657 2741851349 5208496367 0955542450
4394839480 4597915622 8282483787 9341527203 6226336956
1805556371 0768148888 9361927574 2659935823 5594315308
8793305276 7558747512 3650658439 6947560429 7192002319
8680243517 1993786810 0361102312 5683642560 7959741057
4153628297 1800464977 4857371837 8639037039 0153973749
1165468549 9716453941 6112164176 1071714540 1765190565
0525206622 7788312904 5719693205 9902413753 9598386198
2603205495 8395016755 5250964413 7118222561 4960140030
2303540789 9209698677 5078672000 3807426797 0530307167
9322960156 4862280851 8403352350 1706085895 1291222324
6117830253 1636289439 4607365277 1336511631 6464461990
9902122492 2412315168 9927678558 6373631552 6002503488
4878132330 0191018939 9616702731 4169996265 1194574263
6761965002 4347371727 2902846220 9798394871 0659822700
0995491887 7696188505 4326532118 0221944428 2228425152
5561411874 3401804194 6141394514 7128725275 9239125596
4437356833 9728963312 6767823491 0356332961 2947191015
1571431157 9549093390 3261411918 6547523762 4721531102
0793691158 4874220582 2747343201 7355850771 2243796985



7965491580 6279502740 9771688611 4807616315 1618553068
5669245717 1769220443 6684331273 9893379411 1629722451
6999854685 6221570241 7594711769 9529165502 1168550010
8985761934 6394559088 2627077531 1465775223 8846343519
3765397349 8480245497 6076024403 0808448901 0683878697
2612370978 3578245166 8011714859 8367940552 9046198262
1656691720 2742628548 2393396001 8254599409 2543081696
9103297841 1234022885 6001905493 4275022318 5294712829
6096939768 1373419770 4278121300 1473286776 0571940596
9979275512 4617184349 5698564171 2872481183 4654206423
1871455182 4152867630 5675131162 6771773506 1751124546
3387994265 2912701057 8995671805 7214365579 1835069177
7930704075 7329043974 9499582241 0623810514 9176502385
0418273009 6620171750 9405908054 0895728375 5406355152
2199658207 5735131570 7592361539 8639459211 1558640009
8809755261 0538382568 9927215847 8504174606 5161511337
8833609760 1211484870 0556016581 2492470682 5684427204
5472896309 4203066504 4529864622 3594226008 5549915891
4995360649 8428034579 4927570094 9795945060 2378775019
4706246323 9495495782 3082283066 8408188025 2107663907



4230973720 9162853371 7680621644 6935432317 9178553058
3317142084 7988630340 8465726426 9395570026 8576057539
3478885870 9460058272 3230519108 1175142349 1268733658
5960799891 7329289158 9600181509 1816337400 8060354752
0005151175 1029012299 2487096154 5928026206 0761698272
1810291673 1554892942 3740851967 4330791660 7849905578
2101935713 6624359908 8361385980 8516156417 4769460547
8554008195 3530670803 0896976304 5294686823 3210532878
2374389441 1568517627 1711636309 4014799096 4945635459
2950130739 0036268210 0732637008 2356150691 2696431833
5171625439 0304698989 3142615442 6359511363 4660573786
5495124457 4752621678 9547036289 0483048499 6804037722
5134319373 7344123661 8586944588 0640185840 7314763379
2940386340 4359194198 7235526301 5654608051 8686760680
4316084512 8459160424 4132698791 2538560299 1599672787
6619519505 3176488313 4693257366 8946443825 5813910848
6209663742 6745798313 0122234387 2583124422 0330945714
5754147047 9293875858 2389977385 1521352372 3895596643
1223564326 2628601147 4890868171 5928106687 2708400820
3377186921 5352352692 6347226809 0825989889 8400262081



5217828261 1229313118 2086600709 9686036540 9818326807
5582477670 6950410997 5861436243 5521619453 5302920025
4667367996 4850433731 3349520821 0751199258 9266389956
4756985870 7901856123 7915788643 7446903787 1509500112
5502100388 4531192365 2965599461 9004748466 2064234794
2329670060 5290037091 7557818870 8193522146 8714272352
7763255989 8086948721 1138459800 1412384216 3827824412
7365424467 4883338167 9716201128 8619141540 1936712909
4789902646 6644315609 8372961501 9686242282 5067230616
6720943546 5714251493 0864248877 8598682759 5887490650
7726025095 1829536765 1811823686 1694472436 0783764294
7624692263 1949892196 4644068316 9287661615 0605081384
6319415116 2025779078 6307180123 1159458603 8965625265
5422334623 4454507394 7886902681 5949751311 6885143694
5210216883 1904461686 2976332522 9863851818 8500492869
3572764766 8238555646 3655449640 0631764828 5575785866
6102285515 6485990882 0958689444 3625469867 9523822686
1159699100 5636608292 6791533753 8160661122 4786953132
6158531871 7638859893 7792918890 2998793879 8100036973
0784895927 0625410484 8593158543 2339568310 4239029907



0263443797 8756918554 3408976440 7601308444 8197862650
7947644083 0134942435 8342818859 1525929347 1436317533
7495897010 7287350127 0788980481 6350456766 6769320755
3051840432 4461007403 2167647183 6083708475 0651269307
0766084982 5299000317 8503058536 8213951273 5038638246
0564251033 7775580986 4643398017 1862081426 6307417259
2226000511 0913426810 7467012901 4301654101 0649332122
8379082751 5001003530 0156545975 0832377296 5439697382
0477416265 7106574082 1649960626 2274961879 5334790706
5988974871 7795643340 6484174564 5747906925 1701494998
1009535341 3548908754 8363275795 2240720698 6291024671
7035792514 4176670388 6609906985 7262605812 4082533622
5218992000 4189757457 6531512300 0064445715 9317017716
8863548333 3051921582 0559461173 5771632113 2233931965
3203861990 0511617817 1334001070 5766526899 1970816920
2219464704 3237953564 1186606392 0558609034 4570641517
9778214505 4722278852 9872101978 5884607004 7420028468
8737958442 2894997433 3656271877 9917211379 1616449254
1329715652 8795295326 3975953853 5920950138 6333805075
6136953089 9547584883 0242619627 5898594151 3780515805



0257675404 0178579585 2448831172 1050892770 8922727343
1973823884 6873071682 3024878868 8585510108 0735227814
0537140652 0758107270 8481672639 7709873145 5162646911
4232861030 3693298433 0300323676 1627142640 6758780673
1883971515 0027981633 7477907877 5038307986 7594045910
7392103458 7404219617 0349258081 8990720596 1291586420
2028857340 0911495523 8865107911 3714953346 3976398818
3948804530 0750747403 7228093682 0535430494 9519483328
3347007516 1979008687 2854399629 8157560589 1637624723
0691628711 1113767608 6480323752 4596649304 1175394613
6464337804 6711650555 0467067183 6221285795 0480671656
3042762671 1429999113 4876984470 5037063790 0181096888
6297217579 5173243380 2780617470 4963020424 9291661917
1886243355 5992820932 4391944571 1886321556 3201616542
4705537593 8696624656 3341215410 1403228699 0930159132
8858088312 4124288287 6373872742 8380385907 1029274863
3351503090 4453280525 9779565892 0554562434 2979827941
3489175638 2400771612 1733247364 2854016061 0044337641
4572207859 2171559140 1037832020 1321338330 9638077890
4095723810 5588293927 9637438166 0686835195 0592770195



1536160172 2158904287 8567848206 8291944169 8718192862
7308270444 1630396254 7130532843 8833791337 4768735826
1221162583 6027289616 2455904189 6770247453 8275839665
2299371235 1630489833 0124214174 5578859159 4256059792
4277218199 0855627984 8605617453 6844789237 9690797559
4555154646 8531630244 6232567403 4895845462 2567448582
0204245739 1994253094 2642245042 0268903815 0152683602
4125598075 9752364816 2809304891 2746151196 2315461140
0822056396 7806585354 0766868822 7542650381 2259991620
7601708955 6747446524 2344520176 6165032594 5665912966
7863246213 7991922296 1458671422 4824928806 4768032108
6477994100 4100600339 0679275237 3625460277 4296007347
8803835668 7522003482 4576949084 5686269605 7715701919
1748922606 3520812973 8797443835 4832861369 3956245039
2976805783 2234021716 7655591776 6840375723 4844094617
6293128849 2689936871 3898388222 7106027903 7990019045
5833600797 3927741092 6655739233 1470259092 3389065438
8422351324 1153880185 5923495613 9930223919 6450504503
6935292701 1566305153 3519186418 6482344249 9919272027
2953459599 0630487236 0804159576 0029668121 1168317236



6038110542 8035914457 2024825645 6105714055 4624208213
4352094810 8417158289 5724450720 6354681600 2305120140
8480543587 4252617101 7681853883 5575587174 1542477544
9772221419 2613155252 6910917556 3331932322 2432185254
2218272914 9159810583 6897025035 2281300214 1192486014
2480680797 5369964777 1939490680 4683552808 3473276103
0604940973 3091690316 7830979346 3661183278 4531868716
4626807388 3365670456 6010423768 5058013950 7443647963
9222841126 9794513477 3004924987 8649656367 9490992913
2712528977 6519181754 2796280608 4932375520 8153611132
4033971316 5504391887 9601983821 3858500077 3242461778
8491875814 5964264233 7889793330 8194881600 4011312652
5635693244 6593984006 3689031525 4722923991 4144743770
6963389357 6192603918 9247936317 8008310261 1419548543
6051577871 6004955788 6565797066 5885510428 8246636305
7207778902 2667770425 1268157197 9533225107 6389036819
7628440286 1025880539 2339329474 6720240885 4127649238
6447602161 1626208242 1299166036 2299184923 7822363009
8347811952 2913821847 3263422857 5912097980 5478285250
5918379833 6801787411 2426447460 0225624149 8069140074



0979721023 2785395756 1512834580 6165411117 9267104279
9057939449 7134946328 9504565128 6884784187 1758020504
5832838748 5313736911 3510255062 0102775345 8094391050
0102183397 3245650472 8894768792 9892594501 9875076712
2363791875 8647201214 9660611512 8048709648 8630562284
4083936944 3872169212 0849200851 5583812510 7074195518
7208093746 9424597311 7281172105 1928903896 3703942357
7686212766 8210931827 6366498404 2124938144 0979598631
1422543648 3965499983 4790843070 2176438555 4351257436
8282281530 3222238083 4767951113 5570148063 1820045322
0723794891 8635721491 0624252699 3994671015 3668462341
0515333814 2684770627 5852035240 9920797208 6991453730
1095516415 0331762820 0196916411 5460268207 2366925527
5141842996 9920539853 4330730680 5737238050 4167197221
1273740507 8927266340 6388506867 3445856077 3266648384
5780277189 1147580132 3105519878 4133652185 1907146068
1389868867 1031475982 6461129379 5439526672 8672759948
3359025974 4587868768 4964626834 8443441413 5917714587
