60949153320209614265286837421145409979657214497094093912188722327701225207189457
38581805731700664308310379513607272829134991351520557598013909030776734670829626
73542845533137068776412889019519534926038550667242991628749378442117135076262723
04657347590929974533194005623402864712642867939546436341864194667526186908845344
69606713355591987235498866363290079553600524435481066493206058199091774796785858
81247605889609607650768337172480509628581677119044141613495881530715656059304330
90266022941199317010621133048877780663337544900400579690486811221674402403799812
31439756065048795879089360121700093634605594214737864121311491649211032604040364
42056351920355214761987901083315992917881491397926936844616528454773116370819541
47957953777260471138638790408386734113551361938820160391616616847476241112137713
24683776532872096296718298839135142545659720343685255135197809427983619945865173
26648700289671942290409687687924974912181199755128026472282697545885285583372764
84966721143055882940433203673993976184339559573882741984282937580457838257021978
25780414154593412940931101649512264231351267868104925149377930474868547690642317
22212164256872136660945588670685473809954234661788740416515059813054323408002546
58318310918784781642919872415830330716600846246351534789458359667743095610754340
88524680593806409539708543742240918328526819490391120576569194794589044550363375
47886128041826139134951864872261791937206939516950247988439456764416079812605908
83988217530135237317243940383130201742839462115638584469184238723125145814322332
01516062528859703414881456623506224441067889174267588421947945839527569484127927
65199989273821541771900590323316425151732691656263025309389769249567248048018694
60564625974353604642927114841286336880336658468620790978588235829910320634775877
18444477519852831372702314140783365818416683345414611534431700230075897885873727
90062637491520254978869306696421325146379762208901091798562694834434868057584093
20664187741039569970916929224966265224160592877461920046326155587924322954637566
80313639896884506360644626153982048871086383593019511985329035190810467230586324
72703624771004805033645736898184655601756686698833398197043100195009361866287223
01047629961986485669811385602527965968779983405325890343468667134676975939140591
04180127677735430790627338510134905275838107030333487385266007619511479610518939
84337718391864882050481267863875550830266532315545250701135341370717804382242044
89392766862043988069510561250664629241880531600039090579901436171848188831066440
00006056715982128139528359416160123935254511383221188662530694121455816541789888
58007340657810892698869025801005324466847986580731721599272965251897638837394924
88017691231577582656096744489678230933414304587702138188990884413096036919205758
83864535029847562883840385313571274933730947472407843322799162692565961597566643
71497479077081441124026177307973962057130177139900526788933332113558545408099601
15270823923238553463588439925364364966156652557751361043008659788722346470952345
06866526632755349570252403979632237015533363473521728295777022570467265185040247
14106843187861000859249396553978196154819033469045353354431905161421312761930170
23794766864956250066685627506391597498068317873465602546964479400784482751204038
23617683620991132249402066522377829882570479371075224663834405986460503853520104
17384434244525557370476650302349109803376685705404388518240167034006128641713664
07781271027872147068635701264872338943771080608311194885194130117603596195425098
36565286655020274385796565921072820768464960777083663544436178916050619274264354
69071122900062181273629162441104536282300781186805904540504097901868113289740445
00224959504942067410593873269368902819345349417040570075492384290289287915054044
18532693292873673595796383303758943959509550039713983874565911534727713432971462
92072356767599654103709680006490620614600263506871061911314124115945240897835839
64924012656256147040060110937466207847866551317823980741281068384133967541761866
41875985798366418676861635552693879806152517214974182798032934759690272163134593
21696193179082277721163644094692568086757113361719082678366242909953176081094638
48889752737790000126849736544664891969146838151557132611223379226023629959776952
52216193528335803195356809422460140679530660070536377341174278437599252109151205
15105497069080985820613437651912227840391922877701855295246393187629282077720679
44372599042096799158060113894916940673638465937635161855410498230792264369424687
22887549818030089938503770788947927341558752977944831902070097646678523127922653
91820988533548929353844201001351343718173161128332964581091348071034222983274736
71554907897126291401158236541196650678822576647840827300788037141490211677203097
92381901937669717936897652456954793638385713928443664868402771523406910795783315
38030253115370006664807373953870322832982676027011306204050107978919607348034927
89269559686239499167669194155000163417421358982516524130554197179617723113353571
74654756021289614168412527603590575919932955173673088337167411441994830294606660
88727205884901166967139424085802934677098009371903879242174610556386338276323924
92782731576227456547972766218882002865850487348540856556750643151452872153112037
21064777026986132618953287705923648548455588865779884149872211114846546456551098
90998317608676358841943453888837938019822503189070157021828890862843339110726407
45378459588251598564632584690310463496568287474755666951856309643833278607876529
79143959906838568554140883439396860607718516182507704977403716109501157436222796
86454761539456623296670812688037762202021481765798331021849823860843826739771121
11900531090706889884363257921517671702634506426686910185603163664009576203812053
95812558016174036112131895356455843143930576255168496730354105253981223599733680
85972898527072391685712799616408683124177940937776067582953763976658643022996804
61271735159130518740952061184212175043152039520546763095485433122541973700854363
19326020912224903547991177494766371494141495281531362400426191583790406167214137
80042856670898803259020415468696059056572966107586322353066884326616717977768992
98057258416462624013502314092439817460643077802400390054461985734462402015029647
90865025309344404135299257526589670366512812878506546182088245479319754758314788
90167064282596543697632400250459936087412921966095507882246751081959976997118270
72306881341315947337185895936958308783095990429922204793792463405241779463049222
30325888509431041867179690778193126914735347512596587333040541123632131837064504
68148445329532670944204119109606257566992947818731205313050200452289803239932883
77307416392939523083774406207587617665067073089511586453164989346568007177881557
96974022198106292133591777213223543815375707889073922301668983631425985380843731
35156850623989594426758569630149631110968814624911166941179265446531291394421035
38188747382157446475674552556775830531396661323969294613977533161865447134384333
47201576449535309008719874547995852848799613117759967293277346451695887064385261
12509197104739940693006069054960119332945195250955932678334920892873730108617329
31722907047426683162438438025754830663031473911040317302554927663952642317001536
52388627358088458522328328704833868651049552513552920922252111735534711799244335
75494666482273070853654377782071543835994607567117763780117347939929647128588794
32613911776045037904696586420105648300480041164310470510746319789047923316321018
39240523838231126901356297980706233444318067197871846530305306559006754188728257
78368499704017668167352968032971452011507674681444141025098200145307482649445002
53739065365084076686291166292912770166164719244878165475046613628345721964086890
28100733749085099417955771671306810714081460343303142137267068007757420544032216
12502908121479510804890703948480524657755720363120780935946577967829146127624295
11712728454415287985119702303087349739137467730868585683707932581544985690746027
52411678719472926193829657974219652633585037080883271927784135718208618985247288
69595990116594298728083643467896984797903549819331852076341299674226115424527815
27142257691870255661608835869011356758678545342767966529450561437388075785753924
26636457692567468847459754440587913751168611380449647776813330570748821752692606
13262100215379009223382708771408499862950394145196913559103441072483496648669400
52119610320495281331868832551405582618624390379518128421123836189620153235329276
49796012234810695078306277669283712995020930462689747400674100021231852237698474
80780538810978907870635026627903101139738986205175767092390014108061392476247326
00669995997063187159718315683676590674988587396013487194098951867707437822576414
52592085528283730192191732315921726275601093857863379535363763865608696730592706
07208166548715689293231900673369435725101990951701543994900980664123336932695576
51430250796259605925335571361754615129700674293609422631344379459891342435410736
67046657750183624839889220587037062757333308826807839350807021141879611362637344
85519946526448549616139226065182096893606163444251777676871940367477381196196021
84791422226025095290217034537059990428512893780652471726415887226622018756981186
09028075914035377915322211583046215549302524966037809781597479899599904601380745
31431973280397767475360283770287812127734011619554924094581438453483047687337269
58229375253021136559117186052953763893919343621622916201119566398298507539868433
45027794054525234146334039702571643995263429332974710028666539001269429279087800
06261321590926783828892142899554796022763026536556489661124727123182504258337463
09162325401463556658388522428950985200349909854293882109796643894978170480932366
91193355849523486014020651720574589104805921821646262116359904231842689565797515
86648350032498913171528265744632464756247878063597690784276950291257115060987744
81444090678597921323554938045965034395862747234366559023321369245983939356178618
50051313850402010855257070761374540164826081858807370715244894686897465281550879
01941996731296802174286903104316212468069644381784458253835804728229759811627557
30627717905335574150438584529122295604154670336545009742281975794907522670661411
81471603242273901436692878904314724657173768056768996369888719064553609974408330
80242814004237133303655089903770569318413623293580579017015253811904331656314682
62697199548006749601646602820420690872287222100556048878339558737156184768064568
74419806321355936641899003972824293285194913894361894266751592687241929730801966
36883161336719422519690655727027919225168647194241861674600908090003761022179092
40509341435013193153250780931271013551224227200131958273733080393926175443867169
62394531419972591840636398334079410191947936931766554136330639212937456886125532
92595793932713831068416238641402899947842208105514196709174535448232493329036012
71399878833537801428890629845306450947546426907849795411545919858160790151596624
85867648304340352405986617623864059541109783596109886337837142719666343129382058
62938844185129261040340612759450069042240785931475069432756396409934625844144625
79736665075006170017068359557276077754473430878077565975689144404685600743220725
36010411383616314234917147298340547269075703233000620722446483304305693729206218
00469521056033152702722279340732515052898034737414586209753128943184997835646522
67615693237229534293618603603283077748895821650692587267840849535579735594417378
80943367616503927759504350081927992714169369308550873811519923995666096194377365
36960453605937861284218319403407040391477172109490641541818738577372191682121070
47197705629029036737618286498600655672124531981530234025914842068927426489307675
41243194908203786366715024282955691813125115162255493400612941101991083359650862
64215030978873183547700030364675588307619529770528274137699319550374387020894614
40377334941203267321727438352838842768113130371697240008458248396592385633144126
81125968050937382027438683879524420895294955657130514961715149219447820794559607
37212573209869037208525021338442201125068604085640110067646711186533128043783534
93614357753474205764298798070393404344520255050204917131199423918798751489199683
55336870088666418588478231128317447705835738752653524918753927509848789889252300
47737441044178540333977326701541269038455060757482518826849136562714007587598370
33254319738693139541265759044306065179909628328813732478441132657202075089826969
25005646044734824180359517405775594541837449997879513974115858880216734137474713
29168106776926407057467793549000925649856843337120448415769939346587693260434339
17246850864959227355804115934403166380534126212545758460327579381931656095282170
79757831175610803455291913045223998106163205397897723259649347502222490634333632
03153694033325869877217124958623161811995442950006067071154634493143950687207567
02340644347509221975064268234761387906404391002983135404423308037732285950263092
72340910655855671574720805816316060607674120328851130476193697973520579471206872
79456406863125298509149418857059885564449709982821961621860583560012373626722294
61408217603974285047479872515419313805825624587523038558880320810079960863495481
87939763813682367659706777478184573151108066915362505571696072692855541734088984
53966398967130269486240406399238384459355260095352902749065287767581866457385371
55872819488869180108374518312055791194462555967778891795407309417554028649069367
84160108156287559829627262032704471790554646925991929361024217096413967505903774
85880006573896484547743985102972441146187401902767538443046481743308191563048933
80109010296914358860367409090067197526463394515870899797854647733835931263804657
32599209882602986972115722865557321732661411441098103841125111674891900495554231
95714790080184973057561317862001311111259952954230317893293202396623778207053274
01304718040168445661074448216205504310829633626533527122388742496505303197722455
25621325072782724704885320384051420464594511755689493676995220691944502355473383
97315496802194078898761331936636002815465767057182847072428918289461758938610226
58811198614596501857287228880579553595366240433994240659583550202023184576549204
61411904774044716733005805929771608377660800921865483838352542427949481071985061
75404898306851883162936827716554237484986510267501308951571771952215326315581071
61293777216236055588293910058422311933998491429233883474598115191022326706131438
65328992153958089927735992877570198690408394270611237396673119810518465168661649
40959141796349127309688696865871049858291402938751206186908017160028578485505629
89965989920323628169129526770448335920418964477059953576538278905171768856939229
60903714325220487666338009314674049433955988001694365467060480223292276836456515
38265781828374466405223598262351573304891737899897466118798021635425891261977079
57993054092008587266253747533548936319222758056264186445208450564149363011426435
07779700842907116483570185528054201347976519972920459770752204271559858745814998
74105789793284569827622057676459832575759780133209587817330090256657343950627864
93222102513299573404565925241189168186364071770390252892891119793585502906553692
71429440665244117753386898749407175973551228361566496352569836853600634436858992
98877559842825399924372363049227174945605311470739121165730678765453932848433637
62740627977704626746974459543639204041538594843253847247276009103964739956437124
37834046715069251329355521659660721649895563958588045423527603015175975930892833
88069988544004087917209972268099212509333194832630892488440993861155069626855226
25573693953479849888224915108855768841129437787418270972794417903964644150744611
54809507217298987055665105036320835545830451632391486039097081040222868093017365
25357036854914095171749048929380632659834127517884989557017933149270037204857067
19380396774387341835744517840746796945283305989648238304538538592655402584477075
40987595320644830908821432702343609785331016832524850351050174964035696128094994
42304093168990809356433962712739311736745719488284057133556470000855818956953221
83043349172013802489110613464000759932255499254789776792027452257606297283916965
80877559713118725555635834115842520266904419771365740799988402106859793320284247
44525819191405740388661766427187914576272527509991229458418162931447860179475270
82871574500860023027001084060056896150689652931224607284027279527319317925265797
52994161329835186767636240099570395097428269191705476081855278046705644385079607
27121655452340535861318167207265087775502373717182156229589652775513232238419738
82560747789830626984747187444398183014531729119518562715732837500473141900077278
55946190939570126779300342157836464728696908864436049741581661798767807439037887
27610535152528654645740320231539785670631420376952401618376144926878163595425633
11948061833920253337622268502959515634625546456562330235877474565772222666283752
62458111189340290985466313338206777343038033028834473328460197337295728586356567
36529719463823408325206542236157006696967554251159861604639349956324805618917361
42921033865779099549111531079826295718151052836323752825895082152393237350269095
05000509836711807974549752200592748546988125288675431812382098700377850547803994
69400520426310155335069133135650725297593822335229162457173319366262069346415461
58326171297711699497548873325482762718635715611679754226513611642774654599936857
81535705073986196516522227982305755908503457926401733575219998602059869689479292
23674212878983976854168847142348252924477945459097802732010195756290345806782502
51319072077953864384519341306774747905089673493770797821074264503197613891168160
26749063096097924659632966805395579051665963569512420856529731691933035600912920
52487390568872353079711734682085827441855991708259701211067927389446660235442715
39147141960615076784385659515444614209005053200748923797634768160379206793182494
19768348502310677529167846549817752370326012220410099899714979650195194765310329
21721214077346808387925562337535855496681475761057127320709849158685964676122951
70725691280499436711755189615209571275817708418950329734317950265408071141538934
25516877721004542016252836482084198107257533029120010762182783896104171075319955
74803493931031629788283636239926110386377174646654539203264428774773182931372734
65755094144141334758581149268045490067316628313497358805571409701285376913159417
32138960114764507454236649597286387779622161762025532952707681282956438874229967
80757822462967413573519462820166795731124425569913664368399922072477582353726923
33298176796716784763721728310320052746004005872485677798765390833596833684568458
63681964802415392709389000376561759654520029476571974176282571048838208217345892
79335371276500166277062694921306288442501664718547068809360330803152927388332726
04202553971295002356251134165987004727210526160003043961595700018863087704709559
47398863511757526304641024655336864728081751014294233780118466176396305501361377
21970247879247859041183188026402005693221397295948836348415653150073378190884269
45768118774994326918054014707607869510164094710299504096089966555225566633346356
20807033670335690271540508037534481917546039499305833350604600883085964580738202
57699148695977524836043032453750801321311328345578855944774155141512079793099364
38289378913390058714658451292677836335427853644462654192351407234412987737040688
20015826066845389849507530576202131569245268640056851269921103093963218997809654
90978128891601603752713150878510812847485114320825852402492162512444397892397036
03459679068166693907651202336792850845521089176286155123871711096473011459251518
64186635198888145375160912745928195081977917696338316534590028732124358535678352
08050164677059554379399089476148731318001491287773934691697035854473541755470481
80698161992532737512120571715994706660709058493641284947619001116274288138350319
03556503140150133503656834397427324572284387880480931623804763500808410446412988
09191559944369485595681759665237562723278282115526098020260282754197639612971667
20452785688244380480198886921221387223370917132141217657807953913555365725401879
67896879278146981352167148736970929872168067179403741178053909875726020530481739
15345751223744414988030804474549299613467356878931431792158274816035231912764502
58493109996765309896984112435917777233478521587931268872258132715910775494377512
34824842903458409141476845259859413124105758152450639362155220687843060089665103
54969031418780656876223245305201884093398032822961828704332850900838133419027258
95154101206239138192930928782620113433623503515067911239362605712742091255282372
87838354876530024740810451228697557205179527271354462455557061411696884900371846
09106221567521911690721167141490691265369443537434426112215377395399083374996567
37214727596623777710993290323033909616573959891086975466725997781216636660401080
51129803691507215273732228235255193559387759066465374304384303483816476716402182
15565923548293393308018381808971662813238946723021818093330226644555744665671161
07706814682362457747664725895721440598578816907304968943297876539521336044446530
09851278979904798495437564991994646624507942672043541398461144855384045167678549
49551119307016022302846851237119908666592192039496279770813297503003588206179496
11250151567746594378387875099771703750300091675817480882318933599916427658105406
60154683799497508037557285554548410039258921006150959445842683628647830715412618
78856925244825058884444146216062825799763456958848216550283140217214705663293368
44530201197373119625137555477312566601659780426322766363953961457452637381482944
98428513581185840613657638766764732383893884819994334126540579612573261918020869
76471642836010948257414567755998568615429246505701073715163636908330048078639455
14587180144130673287367426757396785588553368453291183258124599289641371264591081
62838256553550203068385576236833480238865738401152376910680704897300889287048842
62773708952277758039511180795675804257974026182735922065990919094296127315870199
91487020502682747966858104480212104242576929665239400899940667807724460811909270
80669547584007583757730011863708156900359815774020903620185775996766682521239206
00839562699135750599268021238306940998411293881392360530262359782993861410495691
62352920756422958174609559283710394039831623415359686120364077373772910203326776
17590089756905284023748697970346667061800635977735878361640788463810399926591533
31909304976930739542757488413436258200709178562962644268417775683711091604551392
56669259412796465409077183225955545346596263171046649970675937067715992675594745
00760858241572700544455482404168332645103250580079406133120749166232283675083225
52471520701228901127027613944045348533124512469699776928450030594621442903947985
61006380471200647400597678429479643774414867142930813322999281616651765711053434
69266578878196042007478581332713333643591820354088854465434046538942383608899871
70315498184346949570219441195191852273494542670200956405135425928535509368402594
01515649530132270795199971750468891347416006981072866100155237203850100641217047
36278994392191320105280194098135965383336748792281962735990806635721281658407356
60692261358104886879235304789277905632100413000141101990440478616111963445229903
87165249674396959833006330412454617075560214723721738608847729833971554630358855
63548360168111321236379337419615777684767167375729603937576729588216051399642136
34385447504423612852591584711438756201495229496879764976636325768259042925649724
00367779573785571683983939481187174626002703139621368989815953133863383540550481
02056901216585716905584334026376561198879721783489463080732831405335104247357181
75765704716474097424774578294613475566345175708218867072058954573232365683001864
72459237012345281646699316436852325208250410251607124316933188913471249259814679
25268551313444006983752107887065458202632605644551212908193454790005249909708713
29060726588587508715695969991222415697876001584896987505798855869482078719606137
89036340905665721756997360708791325763661625802843449411978378916499800865427650
98240598626939139983815743328748208729907223915931458179617940523978332784295391
41894566290180834573831541131106531108194459099918067858518631524385385302707744
13118960330658810289938151317935696980008136066814355811304292610808554182233410
00677257623034293881874018008185702269756159886368505012056310117947882560280037
01875325617286954763546973460033863028723276930797731949225452659199771360264536
76764818720210584670517229541072246685404976407261792589005554028298288627967606
42522374981315118888401059352332912202877346190184912640673855749797639947722746
69530010692337474010375087132505856325665734968573287817438611610185094518012657
87987339586791884478376237978753259936552104000226761449274231973925630156134765
01195460195132108365606298155330497852168999832083268820777079662521228945845458
37864498159802130713820638826986119707460136058271197928242509598296437634190920
43415688744869155552823690857597580776460896650329994331292484530293737316365051
59508759525310135287917332314614053828296063770697480660469249673791103421061319
78561244644679195703815022714207187462662245703677895152220334755042645073736629
61559096350428987575354103928290443560835298963238179268510843043148475011564295
02912243963316430639692883934544208313433894993193560058884458517158665606165682
23837767746747012867600479609802026517608334166206754174621726611184367592052204
76698899694440210152589928372361747603272401824566498584908702970724476236946174
71122855115460251504521381035865640871884950370097739584724280982901176402551432
96155780995562374621161540672624706466197809400688523879639956833488116669052458
30816017515846168165470445197501872468530132811890780402243124753460297723392199
41919147582388446965960388352276160398857733880540777173775702056628804570913774
93989215029913693075540184046157588747032516473994578825840367512855031936573137
80367114893733889261723152871436462108351520175083684397288028881605079186534260
10133803222684951027405774294376160463484501692660435557323348953042168733333584
19010756251190780481422546373924601133147732547667158686166368610482233481278414
83521252984019877638778950503596042640147339223815238663285376189825067096656818
91643992188647986846922928950257934327631257533947205744048531068023057766616806
52572255823288723190877171507484254044555090495998989467804939982893426875775537
74376195149748380787311324977512995168847369867935779387842489168063896357725808
74541473440672663683646065584574348017686942339253988972086803238578661621566040
53005267666562674061480914612119174536624548998904402489918747967304676393475335
14957818559212674743232782573908932412954534468337743339422926279805825366994374
83646129068716400062653543337641011857164265193951478139213149034420676629733034
89463087144599252455484169616573325170971126979002451430754808034877251582093679
28909793472938520692108626748589286779386883523057280980703840546207472444674525
42411484878903948543393743043183213289103565942592509114102575346002408001180527
66488331963042725884050772780895141259734871394575587023814002694460297127038741
36840652216603717344557016570823164224592853407024311507737702590529336104921837
80510078429431157319394784213866202804731104979529132737411115811169856639973161
81099558854653505570789106271231300218566406901501659665828589940184105020622498
04170641270812418658009636138901810665849291225681042155843986951040452961702819
55094976414586122466071401564254460665908444442785322972516088326525496951854716
77161245059725073340833799238337613298926009571906011862392876117375430022310434
63238488742177828948630558657621797640998444354188860836753460089958928219161577
64268175767570940850700105784398581244536039869319869356723451190571105881988533
71070061975135277799663521848078197333425056267389059596143931260448854956339899
79285832031987802654719219612035576503191419587813512444895710895063410335491367
23923583383264109482433371451693596046807661508159125630074120989125243212825600
69980289634216300642867002538855386329440395002211598501685099870883904707280649
25985916551581922155736487568056847062972545165547632198425143822752964844193045
04667293577709710358353428241871451431819813319630137990987365630640137704314568
50616911919081958078945846851450906938722391510270500871978488336590158934913552
87076781904494384344261646028240506108158043574470162114234348373970321298037455
88189250054970182129226719135018402332672800574614490217321008493074633461660042
09604866543313618668709025969237031231084317888942077970294897171844174601972802
86918680137888692025569033659470961460792982201999673656571160529241475599839900
08495827674634063994780704446148751386470717747546929701453026508169421321770012
48446079849612218083591319281764718770808330007208259969419884013751984548250576
28661678603693366477984405716493330406110100251923278705956928181700571865776435
33257905359371520122339117286519059277680715720463271075818823848655412189372842
66483839838968548532258726901963751144738328653018208533560849751205546572527519
88782908959271858410336876188418263776604178658334156262354994596688150733268616
87032678368566459788051007551578725954746461915975387591197844562014856700023055
65627214578893604754356616419850514124041446709277551467224763720833500100128792
17776945545265290416299256726312787136579679637854766728575338226091156729412437
17619320594175780451632606406412259335668353232418157889843662413716524990284875
27381736502242573252875814699065984878770021491191346957571303700645546723916623
33379249590155234287304938855604757799780148496554211300984527819482642048323893
46212318559924415551870422726376619851292635216872896730068132564913591548549447
44574882853629659464873554276943323737089451852110632405633738062612306827605413
16509852307124702306456466463976174469824460576442465585264047315469301128636517
18746478265604755606028609952243485243100740027153304652983365633287720947463166
99290098643052598526571816336125161604826987911408771448967487420926339825467344
06494151133013722056635067501600890106330533531079524176851249871350738814198807
54609150446632711634748621659880641983614668352080155432242818454255630544820814
41850185051511828114058864545019303356018597584097484530130136199740939940473620
39778365448155895845390543177651756960365631783390676192977695464293291440007480
16628607244270040511583451099361199459041157718767398388635625967995492217698366
74170352977486106841634288960765019038447928717723394525668440292133259744761269
26038068829126786827691841100912777257877368694840434099144498078806327276742432
35875207077392227612777091338736590788606868070073029165138728069008897063980606
42159494678137315051778986132219480440535283184505678188666755815610860872076969
20338944982151826507043265601123045752252019369144708230787288950987746717229989
48415046621116128826949550582889080779995646818272498986852917056431149858925445
64352195711922528370844000394177461267130998894048582189983361480631416082618989
23609394215061162890070372079851918302402825278729348000772377431145114131553661
44698791865912154635476962319317049717889807947557313145731145561560423452934039
38830523352164181772436015397390383767211154373891861066816541105306321554499612
83862949886478815544491843879026923987046988244560775224973766397161306898205414
26830595754248581585662925674599230601791181268519727851801350869840426158811452
02917834416248312734398429559414048597208710271913948857867798279303950256829349
65419448741543126250647572567553954446223992409301964136953608040891234794920708
82612172386110934885750954199776275178832632558052861291762487069219400317037693
24575342601521222468657342400323501858751365647043107068692809027004811724738750
88665477547344924920608315145999610069212629496822140824251084856074120550516421
68951261267122002928704865597161456514097370489642942663900091904881729209633501
87410971927552806132509109994175526805825891247455480167413750201973123510294120
44322841324313737085903039322483770747629498164583445690654815437193188962783824
04285479667622648742716480475898241911264645682029634398630119098547871705465706
03936738178011093458018295732453217306478802996423924587554313720877346182094571
62901538914037453150879905118815592886300126020675924251028142145935815015032181
35651335381730366850639733879883475556610196723943989221474340738324960050258441
81984137364852109601816377268151614872565468711675221255958193369576877483196612
10508299478962939978414711383395524354319438620405220600194052029055865854680389
40068750187462108220339938947210853222717208704606682410321666412047983152537188
14683628148241384328194000004261717440483621439614827292798049848063823826849854
24768256734263039165463648885457225924194390514258822850535503789564065571418059
85695085992297791170793176346682252851351609729731593065016247141746916795550594
40094517506135920914615827817695869727781705699180915823246813738529664533471117
71503184741327028287901373741066353185430211430075296150200964563504274650882003
26667403535162096089675817970270624398587235154295705971252225935302188484794780
49962581596009462386183063257332618879795548461504429022293901222707276957834728
66471591430817074575693640716567608389431644053251199757907251981887735852169756
59409237065171486448978822558400915299230046938318941742423704948927874362457257
77359081797892314110672145667421291505013158257293592014855988062998690832116703
38163153442057695869958765961352690950803676011584594799751685805864048426450351
31418490152728532012347313050776556760138300071913830031350990474148899486351573
49433183055086625522397801161394285185559997353946771610244380661663927423594843
79609173190923876726531728117817399875908508430354462467913964937033848330857148
96017050987689040577903399140099748092666090218481872195595467090684497769543977
37366985930272636772491619908466109316168689216599897960801823928181903350081923
48379191536863441851656736132767095157493383324647003396491483319548297203650989
00007568346789086430251324616360139586216703557346728173712155222291231157133850
23157567280946640178563664131574098846386471770170716075202301333067306976582623
61934141409691257736515542653007643350252717093543423348433383154504480581825697
82930532116335449960993878347644865817853146204310863219273785459078852171315189
21862859935260818557992285084917330746529461995212109461848274957219286870418033
75427160784925453828044330096641905848119395637472550340538608214419925436594795
79925482614608122219473756828497982198309210302626706659592456060267322111852840
73243867520498322954874131588159156965850265485227010385690100634707018070640497
73299621017466496276466087418418346285791477656087609073538784421034604767473355
33645652350582507071717881574008056767478743824691560222661300401866079348118064
36632749803755852159079941642353950687055126687617782207730004293499532154750025
50603276694489670801688477593325871139683740758747446339456435736396722845014067
94942881346041203431496649632364795125052723067447956372536377251731193717566896
81570076712136170744256290128832080964835262775131752120733451619962823567843914
33164953092195416870583182030648168647089199011600609278114549400536764474532673
