380009657440262763659953257132469196866364719082829901609495016889658905096487
491650770909005507488840893856935872803359718235303606496937262109420296991736
223874196185886088302983019988338918461350276049520631305799430910251422718575
011478618447612511655284606640179288947769861454527026175372303761796722096471
205503681751676125399160999269086636102302009746128306237810454470974720602810
743220915838791029375343182313161069432072735824896554199524610805274461550368
323271154906862321787197344646635582007353677151525277386795835227615527433048
598599117631124336713584451042408168945401466673166054168874002993564626980141
416607701295137415080745169458603210199057449864340998099299384223330211581295
724422879354409345288621608739410118385448182794558561029717766336170621308573
554025194098152058191003850962956540779581041321344625455752913407907600043986
275488827051964278076240196081422914265350147230008741526992635421404451215309
120629487660491950349748158135747346992690495280688288954576632624512046219350
472388249553331422529775609678743493805940422790974547311424342998443489223527
249787897251261254455080285250920327583294580434887820686926483576411628370028
478729250032414528273473027974913401076170053901929307634867176832139983396700
204860278282003387716488574035900417604621698861323388997042214176718666531721
819852379307048449025189010838443141045710152118668858853461225609758841788235
515058443502659889238094368267046822416010070504545381310959008368052314014360
918757184900166294089679656855580777007109545046120611298813003941594072967246
476615304860902969815275754879490786580859206391193371966631493518071732501741
987084389209314499525309036481245728877609810266532025606529083912470537158838
191093913412942489044819090707777493094856935519336713403346195086313765615968
660065113971690577350278494740742703013863897856581938711679758118189970153252
290009593946397216750254699232934325260012021664576050918347399740641564681370
668374812320019893023781875240773895303567228020254615415864229891893756693661
533693881037383218167737093183944978333052735399140098828852931062101662667075
347872211633130690241522862285629638160851344363002703914172205855240367227734
907964769688262357531478939508761785593382196403235397618935277120115889013018
171242606452911589774474284951000891667745489134987370884654303588636390368377
405387804043290401183456789392830181832947783063440699613207273263834730366922
256081974786038872484888739914982461371295575028389560706892964852399851109962
505903725391720341797750752356348270468963114697336703413864221173385787733597
040412155443288177491083550460114417817470193663817384378320627981884863054684
008709198814097076397174680643642072258393185190023802557754389149298436359726
771401958679102721255561404733140722496517873098587195039898169864540039374226
954447573337746128157413169081302279103500540120376723529376103444207595027029
239786432774425911465408694468558722995732576405546554044906852706311755930648
614820355951096559899667766162436299310533309675787896575455735673529619539351
169625888291148864465676102003700191444370133720800954292575451625956909710282
244077238572905454185150040149279486344323936606022220806146051635482902969911
290783790348610710913361885294533949362147139878238195626929116217696559656131
275474759762159689306725818648650924037787757696238039898263289337125938447748
357107521392637285878212338923170959935084253830548069900622334850645544642444
015955409588483947360354833943390280430324344560101255222688809170905230996447
635701332987894413279542901788355358624949801701366758490127671497614271424900
447790271459027134209490424072683038829138818471894963431453286560779773429000
758765540033696859214059970271639385661504974103051093412889958733384634685020
197376058283502535996097905268274892562780888395786941274170400467848328508744
999038617118478926697671081259407999911074921577151821105563534357431986377744
481783788850415500560076977849796386827266884812817953889345421934155172196435
780231577581938632364220399228693519348662874125009753257416983863508344550388
915116519776193397942447821898438084402237223752906220092461503490199024078727
127602205609469994533441035398322058500564376660860161308349111092945130345533
895521903878019977739225128993210938906393735428404020146425604463527761118113
652738690561780886033493222276120427160046120314839167521821719958832396448914
198327808394104529627738539164495190218332938495783923744273865190402740070872
640821438476561487447469436730946813551742199863624619991377853620325108488253
036117423747045125133611960099143968862045876143417442818836146838378700522668
751634014089248031687948603540915982485564742735738316327326578323202980586493
515726420895110930871532626582532885986798161604147409704704963917136159826667
209681092035207931334448014745680072980852908579708156203407739077998512378363
716780580379731384859764746531527431088688647018383961721805053135119071221139
998425007103469943417055410066067953673009078376055908100552857901233747184995
559825656697536420980077225526373322888317469069052389455893219058953903859409
369666350747036080143608984923309204206571196429463788082357023424294004978611
308555758422498596505302539041596696846113272155892449654817434243070622225880
281316629391493987641669234051609798683315010879389747929884279165160185999245
793560365321454161598134805543071178523029642764339951345161540143054422640326
249689575890800684644829226919806961028069446235295932399945861451635817443553
869698724953963576873360276935534382980585722615443023407839821606647973756421
268425645093673443844016910831870510716483864850991165882220971809588735630561
449136623628373200307312595628925699479768610712601760635256112242314263359570
396335531743114510885364645100325187576586048977572981809768825337307011107712
749957193055620993553487345225780111799225652596106780896089589226870823509125
374731929400857389941383474988381545199946611714616928597389229241108611259067
618905270036168906662679813895665914677508544178311961936229187091877351740156
905054824494489782047118819998343344489469946840225430278220675352366786907450
602065877890527153189927773081435470547117566694861209142422695243948192487882
925771394854460349366656509697748163732642027930399833966798452442106377540714
886502629107940473249466880046239307836711146214532713700750480508667253982005
675112883373780963271027559611868451785602958265810063900764238265848560179246
476790133603064669440975363355939558278364883994749975343460551622349838131139
925041127936379608243580917676330461792864855152519567424130183091401276310882
043947689576702356041926605209855759109963246047958862819146402057620180386568
731676542667318418445107252926679246512492082050432231205331744633137857533140
429967085343090255902521715373953049545266462089256923961614025347277748065942
525188177443973092815101055030506213981317138620559460529432567711423818156857
066013179006750059751281487683145257127266541840332481957538220173615591754985
978387140165201792860944408479380336384301794117285174875882141245483868750475
017180695603160861228842203853399017341956443883336765284771532284747315966835
467446042556104852967500897679165189062740730492179314152225091710627803706742
233380850349296510726893848228460803491850525294463489993420332168786032734898
805737438093864712677347561809632024010559345202456903100107645096055869617959
142412357034447218668469737924932230240704778481918000965864225770693455430968
116735986339728808809746039395472481055069076436506620558717600909733531763574
436631967865490191126763532057894786309007501959705798767229786652750165809982
509916967369698701948341662637134498203038276290210051362281018937006462817176
347714683959896234413837473144709306652936573485384084569334383361397435947408
259081224948829547193075593568569579456906694778250851479739043497442365333012
806611232099266383861594997157468629343399060495799973460098574640782400003687
749587304667831206422227743899598164750445530957172221498308273159727972771229
250612829845260427293705368852257663686406879667018531007781405080417463199470
092810872677458838425600835815537552464318314172133296235529484791478666495581
918128549191974617750923021821434588909456306441986070540746066103739902050661
277162927144759238902946722025047278814106747491264608451154392032460015958565
793674011183306609172344144909864691482905839379910814863384919847169474108008
642546067196897655323256445038382404744359078670509492464267244760677335059857
991683940025900166878512804498750417267372412035660814737850205452304364249788
492570024430161857827528224454404554215540867632875728618630221246125195895571
942708617990990238748151300800509451866158399101930206067450787261252374715440
592307806764833817272644878926200960470196044615276880982386192205823322005002
825416304601608762301521698681970837669630581001571273810326112416142537425152
258204537537016727779129886322379201983305597243400686970139480211100841532468
621420415729701035894638102363841621092557926847370087819565800889250550775826
379648038571632008850765936303109410660854887021688029051517970652723336190045
489507107606878607736859407417109611378139997488128356962437627728720267358835
013948078831893931922473612959827224921122520032078449278470621831905103228027
662210089379790879590606632409623654445036350746265008485016275369111610595778
222374064923249109438866125258554413475524730659647650467147180159297135275540
725458511326521367896250682070108587284013946499574283602656180384075530928153
967678314709003394985315847517092458727102726319604164406157943700053408398565
257788652631600960111673536840870376496717405035200027562737958349673285048168
873225038516128355743494496120849960954859061432385247550946725582693926859990
115027214574423171307152655971623892436345827375709574945267137219302617477062
064000602131495784421273184910835913663414447309715610282479084251383811076510
025370973542452876608150042226577687804513751144480927328482623887362955684674
141464825693371632343659959111706041564225140283645510870475969708153885436439
439197048961179837145668258883133072072372605945095071277966660545271490726460
360599067144686669815824077395639624400703298587257028189651605003239208810320
441950657063931245224599689085063753481006125363843555025131473840139694658377
996807013568305209743873053493050824452133137499443416733015387519702920972830
400685870363784019456792854220267913041934110507438227350147801062618375632621
878116379703954041554847468193308361864922050217970732573436312194896944855477
799192549349282955672915353421841837416282348679823270993679523713999780065207
314589507663005576147785984123913129863800765584955815709324928693538165860387
047008338005928981755127771263507926549981936286521920163614350612406191318540
301677704324397216918994035002507192820021987267100134135269895036954042191339
934422218850581931278966398900741261907939008681033802887186848775174139367152
143792101792727970242098434912412628322422768758368464661648220724084057982271
109773095561935143423775938952330117844873498858684618924368898723547326628692
407499108553841002225015118202425007912442612511036549707754152430047177146363
458175660066988455581294983132785071050235546447320397813228951841555364750239
588145569404979123869903941516924989627188684393398452796395421668277334896494
665001852486690202116123666373650576562426517780493529502960890873827528951427
316936612799357220948602561896592085480345499643998499283910833856081014660223
240297315495012556288741680261904478540000187615126621888331119854838077180738
308113487593044982281268305946326925900505201928915113477926379208814836249518
118303897536377917689127526587091818373477248640982850178494792527720899671651
572391909807151350566693961468267944590444462131135978210654513088289756220940
607276529245093353554543843855422793892050092338163712767490685425111245055672
574175899131637277128493502788135860844160731669516941484474919176227180342799
122810037717573533071567745966881293149796757857431854330372685167177512175032
956268122135006053497915666955386403544781188229944644315854805377993519985693
524080386441010815868677199061476031528812467091975219572393720237467936582758
938767452597425241465936276330678066402541330431532493735643790502539015549478
612217478404318853194400569026342643045038555476253492546869647941513446893793
874369020758127876757963944905282661376503902973713723948120757181519738336802
678403779646928064890230932678113484113490983786509829974538268082239104034353
004029932213855700805454863559399684590795583865787975834796624966007188559730
966041040700236407995041130061034942826609135926027529414431921796650733171595
070045580247566094784091771726942253971738757005089687955637710521405251391564
674066423215345820058087320321376724069441367422436834502682797622197289024748
508303580860316117756147088011286511914277366324552066737756148357940101177143
775065291789924239144456363668951566444744582900592134633016665803231816415256
854447799744390542519553601559294294793882565153144117257861745596373425850798
204047823233326995479794006836197894958840647870301911286134934612004687528562
776774351557703146972457625469176091471831668843984266949167169348489078585113
013338648036983172409652311340927108432243144144763289468937656102006543910557
121636630265143915413267107076108965562812901598887691948765606523104110208009
345698218183618986330126663063055539914290501927261870795135980396864455058077
734719377332609974692177001905104379410929173788255553717288177407753571706097
620470881524299874069961340402685730865720355788536720247822838931547273064395
934612505313800724918346964770030537559353784692953439506604316260807270443739
519452869250657162824189714716485266549761491929409908672761350700843364547549
665335722597177152504113600526328943210925001085277211659240915125839123344521
228114855621175055870316377709536082056712738626140381203731624684540425326160
472739031476310685418536334757239623594091585542766560283354527930008607233560
328367762961027854428599078442759484573789784953529311480038972677696496570786
994319491399736989314852909003684288792170775675073775803889673745597121820540
230402345012997372016723773384326350833866458391120219809694824954500737243626
856361849862667931184588048486371251342869323783977337723763267903451334265443
903043530752203923682977798522712193598699903638844239648058422946961957685561
452014094760336546311263778354404230016082549947865472276212668945453138251889
225966480080748125617643478545975753376295901457842760748724059557870125042785
416609060960671194607122482536769329898540851137476528687920429994880857278805
537202112538147471742260689031814212793417665738363538218654110686208939483989
597122162135533585989102481190766829477526487289100852299232359187559611910033
495587400023190046665777369611028553806123717044174652355547618908624751874503
586301203390677899089282292001112901191122144860707609948559338361800812362723
347963690010642979270897328181927277950100086174988382228900155815032240604336
585726438432730961471784331615809516661946164702662277303888615838558702246943
227588993733522395103573278777836298778791147794701873091134549387410368349735
938268349502432001972505219638956520481228895288971583535887036812560863361218
519628671771331636454594388218213127678557474290899412992180982672447142309406
212047807527034623923378657895136586355252103173164525353492404737974520782888
742307318399635258277545587043596071620463231835167784093023781370466566329833
398974182770800617588741552008057124791507999436653873107462895972290946034310
682761227989800647702962180483172054348843208755420882367424540284231311216461
745173890939002702543407510223382916480239291119517353235875229040019595041059
400075557057506502966782947992688056953434438877656708869671818994157061640111
819527456930911587059311085526479336099911254797491517012022159384978052538372
356789818879896482964864998298019359786138909292523544545991257308494899727969
326435720529444075278139722799244960121220117532935568084291648761150804873693
504163173531068066629397467583278112029394690496868232706295188901999012776951
800113464727498673611901450591671051788677991213962128817355452899203685806096
261805070351203592679720287933530175340379943313919402470443532641449072947520
023635039450552974600862404187746829096494691564502554658120134194232555180673
194006172776705004682028408879364906080403859058670400556006967701008402468494
248167592563222845623781708792824839211735876360516312376097219377966762032265
226111724740830998823000790173384906828256971990083088844978976917066259740381
106539969113709363951283894346387297200020370161094495483112399109594531628157
436952803222182790041662472632774123942211083206887869200940774935618127346602
897614975514881724104237092514786753421851185223841551717391448098474381267415
412406863574851948122255509862572367503551541109956581219375743408685362950773
639997896394123375361991798051386599326792585117741711942488629769638453122395
585633900733184278340660213482617331234129035996930498989973216949374214473816
042245181675279039574597678537159096321752671482670008634395257401517030982317
492807864101216928165741072399554535733868244071514009396607309399690231225650
156878474448558539272873884410829715596553434001235509383767717806980170252855
294850665846954298611472340468828870605449558664083694038511932690916164218641
325793490168740533734939932043362737302287096134539553199027175541882994540400
414431230690943274901833929836885343258793401197940477288207692764547731688573
015222923566378409391368980993019496008879079726952859619401773582154372502947
846986993491079984361134281979248152897227355481357429236270965776929977684850
606421177929890604036411531871516956217073934034167681331740719957783328897822
078026258292252443755626362495925503865792325471138383694702984966268466488386
186181682077545594742373385034420349636425645665311874353944389896700378673689
315507575661776047325945775028825941718373633222213475801677763513402444548996
605821872091142042901737660165304102413402598797495940129379735141293206774265
363009792096113931346034789156924609253152295167087712066212772104109977929159
302899512097282934608846986819792463236455530032932542363546335436463090315244
232936275764753647174405602897091763295389675770299454210003305190722332566662
979479507842060841848220493573160627392061756071050661623054811912507601765592
764660571431772162441581439891857581368862118943741142213644628950994266018403
927338576266005020339687101012583845500369090894905545787533065634015515860328
437263909134499073230406709175328280071762345502218725164013437956934935571208
468904438168404521095083055344932141739624446266117756799552929180613806971636
220607047812627901438019282807268233715191053994816706078811944984349466686955
057561721222071558855281568340126987232241197804547421452022821032343570952823
032771301692056450123791697556582955928785090987364092412774991556044141962189
035371227596136985538965981956052567800014837693490733572730160797274930655006
617224727858367404709807735383458942605904448737358981765466823433372470446292
344935195358382020508033635811958903881731872664795031075791985388783029414299
810788020002069582507996067495176249398506453864236400692688431604096052900391
574613925475431960355760480233005857391667258790792599967312250351147606683683
873831352060597963879275736428038293602585204578679359768742983351506424421733
547899543792053166074670679883182174476305997630690894243171441575188545990951
111897640620616939197886945467647101171737231035503853011399669686686700485535
673437991587673539930022706190786594804953319782340848978710458052200811648018
212639051691405327631307070244874700232163283877542846795214478175230125484306
277309730467091044696247297400942619330457186603771957593516315590450580960371
589296499302552607905280338021034188007204799374423333555022335896390738807779
715425203344571312597708922773167300183357696225764361556362609566549017865995
305353104025860322299133413943396055419000253762581701931464556197140262541670
874347266637961171267524805742964417737677391100800299212072115377431173720814
226921086875065251276946262473574898249427701699178497467010015230878299589471
373470582968147720028956439387444524177797580602264975027477900454034903818888
690327105915454703169405796444393099465348139254510245280260642781550159331652
673617580939924567682487237028374182670743259157430548151118757398316201242228
128005344370103114965254725697188797082428408630731113752867273864448759887954
327774111018220273127753193573352758145462428411021890470517573891868121452101
819498587872210312123937068637912594527745481792007082348135830913471610872271
564527925490733744657654254312447668353057687518161314014995842098714415984292
487055158583729910856843856957863507032708967117914371800853322373807622983107
645882074741872909707880567992546119812409393791123480741518955796508299690256
726474924772671008556664857051128790168903162531446044173136166999267953188007
755173350561621313299589645883038728701691929013440062042859509113967671269103
192717623588729494052686470496636571792739158204881801145317297118935902048806
798429619903808787264047132012220113978551604568897585747695791316862757908681
453877932793597570035878213664501609066693940189454664642192108294929098016761
897808078352102587494690362749035776267492299080210883088797384403679728014731
962597109834780628198986600746998946402346959696955571775682136013926194208374
539794707776319144503765370069923458074485497845307883796962444516928271809777
284265829512912847298312753009579956673965783677788629890602817293395466781538
450538282218605121671218516633872932394097276394333784523183144301669620302287
629199228840503703944309741205488429393366581566879387469584973196684965841435
549494569318353720273816325357445793815099864913276417783602297476955572596854
338094891906638309677101601113434026995641220821456363712246039988974771467725
668245892631815166487546328608537272187029603342126753704404196139369883073842
520548739914483134273906870752040249884701432599056320901224226697720070384645
197982103158175894108708868624599148507925919856816455545207200845110733874704
062369797429903974283331462301967863049158007455133361442089987080449960038102
703093258651962557372488113084320199702391898889429267246917583711261141954711
361145630677887398861149929524593240125506203392190646283392972243854784860369
472137280737845232828421836538035171881678511586534819136986785929145895727030
930868286642041136797004311896239158533781022013783152420195789816385046465980
822377302352650310367634751420997364527240960051788530072558412288422271667279
874595183301666844368551294666614908759092389700672457496679212358681877280107
992195667052278175898414996821881548942872260203247651393764948514005071400180
047840621256860861051802257560134041792748130638025840588465023236843673525656
400917334274924863038796224215814596855011310079702343541086938260722336541437
800855977261699237824165441322426853307804004192483605823420334514590694561412
168317168900751481329785854063629391038627433273651246062269370282087376676156
625324391146035512174741978075197809365306530855078479985416368520065916176253
853350838131953147585970323376436777618471800775968824033351662144110301042515
151795641653389451773543846927371725174945483389952661288594406096148551247462
966107730150412938092903932906781234796482406092994692575751564443123237787128
563678266911248415294323470433410967747308981029883051527656246947790941116219
818593747527906091048392633890154227340453128016888605572042449107257441423275
261354616972094940608792929185026810255039871014529085312630094008051772849107
424046391045258554974733015691474293915276751202517910884027579365014125230969
446557311401603189701032607534370391451996247948222311059327451060447715556477
442346978523755268995127531341251156384652587323918378137040103699823260890122
220575414044470410768793702693960991218830051830698379454668684382785900216310
057020745201003866405426267832302364491059766121308253580158987480693035122404
298099183169160237259560377010939067153171886664228402232352417840705456747310
620454739682363234411100684517298092395737422725250216331824706928519494381958
336352827196746252988054012085837013048398798710386774775972226778387486685153
347517072883788435564433144235861206203161338938409043731122301755912299934843
061366382943740281764347742309956466971606382522533596221331721897928135082133
927045635897248050986161670465691401638930248989032620733302001147131904180022
342017701973381723003754531871730450185667247608653788778467015864359187521881
031226695312550508986755118005792878404711196059398849518538649924771506216480
209573187059402205975339512309429858234639292621129432293580316438275255679479
193692516848421725170679398567148650649943987825071479599034555036154265259510
462206452714271101973088593909310662687067999571705121386760396512525903461596
744129145444696202402929946863009485093212877909641317098310908120634413339193
008445623388059441343343934666621090490702442120061607238997875314955905948156
520491644061239181121874858650061279158322536013368099039225470822320110236032
866267747679530500136536369021974515382281669353816988030252501630210866981859
979959872057551407192326313003692116497126780138798091901616444492905791505940
294915370364810431943352798730376772093234975678826903335156397319934308237023
086850573828496285702107314891500906001578742600720404506818413568913288356101
459361294856290346244725497043332140754444324467886746577281320089421581291624
142192173428310654535423968921044925941746377737871319596168644266724222858196
777902061120906264614334237176979649178843379552326985832238781262002676515929
430329973705207957826539752219509607114275789351085475590708001060314975598312
093811715394017358428015454321417791736073485308499752776303843023566321195855
062288889325575110828060984691986841452618636046830668274790102460454985769806
288633206076927942529950853364661154164487716108711750181945917766550644178796
221410028167036492958379068624009774973912618208332626480336671644459441803115
171971681037241490784117819735032143239044336681781153257330644423563546797254
919390442322132726518296226687075508439252473569265335912598272461793002979705
459411153069703587581186062075786359213374328374376415893584347865546681553098
292504379381375292824578748350191254547681732939126273240767969049389966780403
081629027534484800152657813007200114856389504484638164296746894024882578447766
049187482366481261351925040898135989264267530240918527058408540202053462237651
739420903321203873558225651872829822271538371409368390452738886339760058818794
394752830086781990552291295801871756189903478777577701490751211231577232703521
619833419562038609425919157321581546658995215636757921414250425719112592717228
959399515554199609686067602491780014224314354401446998173551977563866529250365
000655414787024686665988979504279226790978341834208288884364160483412978301717
604007716193173071073899516304977777186618620391018710562009987938503641370287
034481424272929407871212089193256709146026234290311560612972254958641546164724
380177452622048248673384273062149963092152260410838110111056265953974544769102
222877769888902409988915842641903876947467256530521231199046422491523116499530
880576532626270797010927053996081641988366517413959430028540858466552019582605
851856720023739367396579444769692162622087245594362337694400162553180080435556
030656954759304164295673347302833618989108103084744138039172166180622632435118
278675152077263718241267699978595100746302176001921438028062857217223868462332
509884591822205168617867699648806994899037910109611433276000805528376341621197
022717680018788295503686428375972032814957512368100382468296153359160030623431
756155212374535627414349326655461852329305534072065898380381211396171900719734
017896625780686339414813183698170668384717454167524646247307553617360965260594
700675239492064456551166875219601195086706670350567468728417295506225638624220
636941281547806947641906580649882002310047546765166977140501752785098368503006
061243362601454035441646269479659794300299190244100321213835456435371992523086
349138564839925087404495363444595752361057615676414072555682267432752858980492
136975799862686622515493246862082101100927717400144307235384306175357353116169
700348153266491134345708042357080509150286363341268235852649330226554598575584
757072822789493470154134541842460858742522771631829624791322745628431078884051
233886697286715357741207281436168137650444867859743224777963464680316476523445
003003760516238854906136295532520664810544761180573859868756843833325375197379
358225302495153389942347790001302090011149266377318263274947362542392605537453
524301527265556665528443556565826757331743593936088780291803162487581291321155
485977499941917309491314920986008647434335701198233090568018317247936035909203
836435638691206496507011415232425806988019087944598082433552326638993100764101
082241844747634615512822542984113511287266355515840913116898251051988147173297
893771330868303860901936680498358857597367526715315607963006398297333272904468
931341186944575143000037524600524296865746385382307852947983677537143920133708
192306969307582711154431357645739127931526750935797714404407063952999872779066
921427769746545359240875016408134428621353790782619675783214119920402889744732
616150708384146222728259423649849484724343370435610992176864463858217123213530
187101541919495125967761406139991537470461416338743036817520924094537790931952
604038082870228134857698653435064046717654768943627956062375171665641398305647
641041707434649115507940974805600772011907549523856096612677047406352396717280
526709216207304807855376664028153085619422285181852682892531641480215562544349
281310923436519202752031343028493534560828244741001088438994496176609939671535
160709298761095689304474093775469394900902077383154856828351231571860655163717
568931069026287038086409139015798219117423287958773889340072716844966123770383
797425559141237262521411370850633604394893811562576762094423109996916140330849
840844048306988690743086664555452362969495792214692401473166927042831525493696
794857307962706126676438648934907525835645172558007412155773619250173718444899
860773161798476032579013456871999015873050961053732626044458939474929227777503
216761009857025654637084238613918898370322335599638876318501381220589001171094
047894477422761051014714546845393723243720204971894439947168155110553626970182
625009117638130546892051737033395844091486447226570916600230358334959921050027
202970254421657146801220435762566436240622604090761179764090025408247402440768
325610442519835586501524919457266661545318333451718193371893692415461150909555
244210073423286222115726462269701413846233842379558676038588685525650900467786
387300274077808632261716059979760459455633248108292135328177695632215127791818
713485472261884164189036047206670593076981529013496189531209941615240409832977
993130356351349675848666035813911359566713363273903070909581796175040923582954
377223139520248973475772499111739388215611398577043716304949371871592160338196
602885199973605475652643119437920489292496538265979745291971534744992357815034
675000633541423308227820041505647931635216086409538065926382330618828896317590
869785702367997753047409873106678823811671408939611625130121800331036780265690
318156588530280818054035684879585055264487142928631061897918929271172298790289
702913127112403917569886443052390243295788001875591016713279846252742517610121
760798991902247223760935562674321115238932733692706327414885397750174034832332
499550853567337992808979030601140255310335830543326596910351524549867495087099
401165979769561471732637597221407133003972375393923941861079778676876650354110
000724086586958398144523270530210480598928070460149195348564870382432050784968
905335500582025423344077736043346277476869208815213942656202297416882243490928
666278222395272963132646647849663604030013657485266154108574963045270450172777
052744724925673172609729637234149957867735483135754078398988896429082975931794
211916738345951842255707190719974360024178073894042389796289764623177171078237
795243194793853335234316389491502839505555885054135266583195356950137339622598
758916989823184613722346297303293411599042055614655372561042864639866789497956
354531345477473225960716350033924661771993071583503887727255599024918786983288
348432462151597124680222087606531512182302597661956695950596760082505755927663
154303463741845574300844438113173182892432910365566861105185285081453438838824
070585151997867573070649863794539748918830140632646371608009330331187008909882
795368848386388957266089274363044086074549804376926459685529041302896830639674
255277701419432792061112966052563671371717833698681316069884433976010417022059
003682364811552695126581561404028282725520785155590132539510381797757033606376
201518610082973132600340336239092703296123312285348085596929577555861570215889
950894892909241929481249662697032529469994407184631306603989709918438146447349
353559946631010059610355527918831798284014577880134528263128162443932343151687
029966690875847808354261306647243523852393461261420407007136990168381710088238
302597823446035145302343524300501262218595115127225468621807003262969071859975
025802929974447575831727868598771695384502589837591316861345683308087149962967
169402536560579586500486616807824271731400181942887014539059202692052450208991
413597790725141388725894761498686843298715012959678892514365517327164569961819
208652611321670162409269840615800390678769026523987098391541318290100032254960
462661664934457596458794068635601117586535410294694089219507080391740085947362
306343790586563547513968660314362330500909204832928792518427286901706405787331
591105841970716729343932803174799232720101569767545122256703090064227737285874
697277799531720321788035360152583742090970844480242090359163591409056851458502
