02187975257704492678601117789876720200097787383699
74219701951871370502750319923036974386077434986596
08589253848964999596070290090554284714105895514671
54779273315212485648911571787227374590414712195315
29444663223203560555873775662521384676533050180711
76699290531377420709523826173341818627315660413222
58032397827978329610482529169611577432037579163796
40463570975791719664006094690914007750084960782918
75329210890075442297990882237992421896259064313965
34002886687284888385516959706454562877126972675373
89615886323040754333941631384544006684541651808218
88336689703361422909742824355605557867732748153746
57174078164039163184394768495919702442094996275646
06321702954570613290085286013249836995229236183114
56434694097084510896235478057483999298586782254006
28876632880486754223541844390405303995076434928497
12334837635977927958828727470238052762361835069098
18231143051922786395010750893617132445600096883795
88693464215682490648449128932106915392161188059016
80212405583780736189279284850909008713999549242233
00867797970295575482545826507487045388076817000272
35815227777187744610078008005681922549531632232364
95765682988472395215228238319694074914492349836886
36338997001358588488903217927928435101192449816063
96622859428093716216179397073596629990042675669829
50094763525418549116876191874490755260213007009611
56297032103068799978102943656791013932663633543112
82840552810079586584119761904239883736720726175484
08286009720757360601294884480361402865577752295892
58054187727930070431246129566636995211866359589490
75208277649299939934608517739459803010449436146201
74376145308307648801728665042446285836194942221749
63673376222422430397778860351692805776280704007028
68841349031007143252120126499090811527397048552564
09685970423882931748952292195880663686418312188506
54097898989607139320021409681178443436506825523545
45065582311056067566983675278925161362206482131534
55573967066880222495821428358509105711484004508921
44403266474384926137961486145367581679459693627376
31199565326351704510043392228494826734911792082137
74549055412453017688479850168977897729171066078709
83281469478312558299601539564230078797881848947840
24162808468788066884733048214486524877732314756996
80315323622910652609705080532698765382044537361005
32612358106663654771548976472730516681981313843669
44245848103944662129762769786601855298401659189970
07903213320509350938799169614076208314581963866922
20057843889693771481005048878076699449089496492007
31617820644920289386802777417536594959968985756722
69539695844132376009504687199334971805484756940368
29824956803557769745525108168712072993494779058405
58610094384426055494596443757203937970166469088896
67217108242805420456169579266026304696133424119509
91587413421676419168236181517218009163866478131019
33390325266788467247343409076050429332326678398250
00920203072379807563268906892899576625812008326741
63914883499426630278806298200749024917435411088401
59537935577452808322782431320181569682668326045229
93254079827408228023610649344825260167211421520741
21984668945504115805810953859273288477164549019894
05373777732214742459958976451867583786929110720544
37696844004727451960983032031945415541882226565731
19951901819632006541310962195925624740122087063252
38283748814560092340146290980231000153641270193250
74692700695364220188307278292509619814728546950029
11182327041694728523053985228798983586119036808532
94108726555095000098382545160028798679517882244213
03776343624856490304554460648221799044339802196709
00505353316858078104559641804036316467166825335877
38514099100799841463636623832623798438981634534721
85429379243691388671762315753422126868658941066139
06053192816293534388206677888409686440441154653755
48916209753984638321421332400529112532394644604722
92831315681517420236987749809524080501541100836099
49931235377999432368626111420707582263208521152152
83086959391959286957520048656447899901041677195403
28842760674730366229277715272473950028380265837886
89890887669185291749982757529383227945788762012101
32756393638103726981793697231393707526312345648135
28358064376806110097987510212847502194909273745246
04155809869716509989182841055446749393954961600168
30695695274784901890735370358622923063354871841988
10072481639326034411411686869425757605575453088984
32291963048293123990261411896984392941919779304094
16541984481817058953818522851936673013086829405889
18798216827394823910683293109069202341538962239978
07180662358217887703356771944530404982496762138973
74516379875945631257152314864776866476953319652531
26649491099491156394582546850230059680394230116448
32943742922147808817966045498428179839821600740598
90038846661847978382612198790465523587286271674189
19171379087615303555709062463639510597972899199268
16276488272492158463273230154843227998425926168553
64308960252547029730310840455016304711286277599496
17656954714936806499477488300737285365998363441256
57088828625761818222192995074817838693108622287486
77558916376478323088172027724073168611455235157658
51472900129873142950227621997118861863808395353131
27442890246118474958753205443807185391375171885695
99188150936351922318408404422472331920169880959608
41829190798688129818160228949496234123231730698582
28663802702061731605510405951676859586436000322818
14482058717708658207732249544432422388838622071287
94651302687333469382288647280748561474770088263293
07193305722470173999949485529267140636307505405918
63174186039032728990957828948282423111956066955573
79623395012445227192843516526997160747695709211209
36139178380151529803522415404410406489091881798665
10568691639649139667727266634141667647912076749531
28625789913919868640861556436993758048811420227273
43637324569560528067294401709198120213224104303563
36128077568023126546516868465192242887798687220537
45550380002742799130541243172922543887583985852646
79763297750638855728704454955844717695221590542265
03094437198590713458900081205086464760107785538257
08367418753017624926412743588789936266369314808250
63674180136947650851422665376495352231820097167353
31250768782791220363578713300900992391233529484208
51940078843417859699050698482731592202105552986196
50241894823236372972703733357239426104462723477387
58848746953782099799630782524288733273760371626306
04294254500446032766787247476075984342742421266008
26827437246073740499257537402486351031535983000010
58819807784516073619721513525470960752041640752107
56798530843422170404158856939851504655959149579625
29485333112276104891550650465755864257877889637314
99559726647967826666897010983303827023148663182812
59706515329970090395365819197384594315475511698419
51568442980722613471642549884731476136993897531016
50491472109873156881031060178632045599216628005081
93239287181270560863740167750261070229372852725731
69241514631339727198822339942557768087145515178824
60474832366726986591016391974951455800287998631584
47191034582373228789971265469187771691288990540665
59953798851126528596451774996501242815234817850118
87221687608529999688738964730810790136848754318217
92298587580797940911685488023075341301085627787461
70650577052684674868924730364522155950778048110976
63862050713010200448828627614994075987909497309356
30376690853874132948109798970692031560388695534976
14451213997923612229949587432531895925268592187878
16032272850397628136338704318109238783838852877262
32420233179707388849579395751956927717989553585385
36722816448789377077710060098432985583635067811076
15402037618538114203568834885764346129304567211422
60605534022182301407487670105873906649465534726477
90916476279697473367326111139210893536616867482216
53720025298865086896566291535996167397456855012309
09325206846343747516095062222729584629625488357323
09817477195081726155662611326982505545116744242464
88873286730467197902668687538308613533670412627949
12076889172670209837427009885193706878626096541559
97924961041038582995794036013618309379980860103683
73590650172912332458821490019463981552951599540414
65033349935055318915671388904788877060628976077168
51773113546465632833417935538341344100826127860561
66886356649168377323610760569276531776185302889633
19175954933605436353698939851292437772651496707881
27752922799313090847004042187008914717543390010655
16079299932167464009488204288672622556430727214246
49481077604782950687475849327893637422026560526471
68976478437034308051926833476180566350654687222159
50979120953475916733903514266915280744170238985042
66284418811542749347644620045396613461811315238459
96619382787456021988138251412340038617150004574743
79911933646058342197227778605323828615016951200447
74249873137758475031831919800299345749754191578405
64772482789477712110207524392064199978316173333732
56200887159928232087771273315585204992637609072473
74517300664398596806021358435828307189530708082763
86255400442204790973089679096783536453877784672898
38441377020689588982981674163429653938868760556011
93936422271900573687793106540011952745174208817611
61529951412572630481728296638568566356367397935612
74742905903324550338432608668111924283293118886853
52658655305731621105232268959838373136922914374008
79546056909505858181800258373238650211222748505210
97655993136592990508106103605434637758675996050945
45742880605518126863660603938538972230256284516029
51137952078283251979192684821495479055826829530289
21987187723474891120518175666000402184013766506129
26539419832072446925607522668987496703463253350065
84137228559232958208108623284667994079336099555689
26805933718617364067621783127051294006453669706247
17754410445844452562635091749463379234120889970542
46175443079162935773540783640461548244499063169397
56276202904212749820653413756748647563164951336229
57395750115096095691713456969384524865448421491820
39639333768832788660131273332244394277735043433234
00281649823707724271409155385757312763689757692641
75145819639945565385156451751414037621327419018075
51043679297692039860235199593659287440421104730217
80846083031298484853175211836088274342217859967429
09579392601027379599415319315991761238654829646311
62786522748224949977682455717955542561509289465765
97696551757236737421457140620078890541408784544260
08289951384958814493201147970387574338984608007989
40838536955156316227066825386550044252123693388397
59483217737768600867027083248256761193110043885198
37983541982065976163971479200252216454758403265650
89068339576606449812617474492354628073976297482943
89921608238687778738526862881756493617067018404275
18691628395684792233115959569519446548743952924444
78044058658307881250956101102263093730069241960944
83167558220393574935743767376498685652516581924264
05659906816603210577758585635135079956931875022783
52696509518575723228392250213207600310543596763850
13274009638785289261892990612364608381629951484516
54591198558241288399876915659081366400881402334316
21013174987323980618724420228107533278183786209562
35986099513892259203275876750827257159037262354681
43993968916313243552403918887964859307607584888561
47019671693815401495116973727525174445165626890331
82063760211942984033322852526174527240680898751064
96313207531537048324070835627816679903327468679649
22875666949558421354730636651351978545450040824073
49124761088595180916432465959887759263335743977913
11566314840054718709936364626210682143006492893732
42011812861000021053749126161550319614123450636459
41802595926742493442920909222736565556230238234706
23051110479673418976191432691488770793873320345322
95265198274179254660865946670301407636594540465975
84966223993113399718262625025946091007232123806818
13475672300034804677637472695441380929685946846563
24910398194912179408718929946539915399261342693273
59677632020123410110344780507679797247667411918181
81549731963003876829364989356617907124552010328446
73849819999971169946503401266073735156420896936414
48574935539672428849172483996958743220679749660727
00261894414264766018841990110043464374050676769024
37169522695881414435813120645096225345659179915696
36497811463032374322795211547871587941255518550587
32339331491894919836672981200229715985504076451790
14679262721445745872953914366636169109696703289561
67617448220672748738672427279517781233370516089885
92969492924444974228303992764768287597357581056280
42893313325052470933259827912280248629707062943816
49958799923735842177422239380822719127958012068250
69807280452622692665513911053934009092990557907056
04321529218425015129318741236569963750064433247724
28841243049893510324708789327283658126504566258695
06030426659925075422302481244216965094571298788127
29517632792405402889635918286400227765710301150427
81356293240015700207538981395325444515866179204612
01353094639392827058597920596330517280365492409467
74277558998647180718812933372695539609010501154870
89817765820512022821411563667487136012382608587645
30106356470931480468858159768971970222304725567200
34616739995055384717743178674165996486878644005485
52791445741554098576440407075510828815239221568573
69771549008635708063122505091966289860547469393184
82481197498756441056510636369987264718552440955396
23728116411957802443269046687846944565367467582779
39246735898798528307471995649454526944153080358564
90350021529794252643959596398919492160599735258213
26308090971333798882135182256020906264445303030814
89689387247301333945907207809677247941164903990281
93115156284970291009413641189128529130675691097145
69152107789092414331771415294064543293643159480299
31346729018430139034445470974135521119429987852716
30145342238521368189664454134353462744407920845178
06009894004856839665852822773832241141158523454632
42559175569765524165764839406708386177940977103366
10176209572448513666974361981749293040951245963336
35116787588648444995857690317460733312380405026216
41522072020918576238613024820063469585882969241518
22572166456047957737271970348362335708329084521373
04300338945968773683386780976963706185458629263472
49170505841671228387655330698918042684932385360660
06840236632880962691819129036689386582687780040328
30190301904436440667615584348775863075102165728390
78460439321658904168619794383834760976912954212817
93893563850097264616047476168447912035892369313887
53287614359213805616876245245776980372410014315857
97974706304741336191402429628596659497766752943166
14892033329927131444405068617170098182368672370902
36950897186144914998991028617357833505967980565770
72313445241015637900518886034923883184207089716105
22183432218135458408078431507209506116553783366689
07154591791174896992962321986545919841148453627792
63829387957676235944266906942557649568993457772683
43809091634679692740845622511253246619474224698163
37589912302351299456949985585467164438940122457838
04662001484989576892829606858381086244991513178653
34618425465958557799780856244686000157158298936679
02142157680183594175607548826967101808612488413028
78525030586441834406680183518793213063859177124706
55572493392200565244743592966526943341569232201156
49639063037052828266971047312599183470481859226887
70229799628815800129592911777735216744282384199309
20719104617247743762755923704542248006711797298882
77239226969446555153750915351364995802574117805532
17433806446423428420884644172381482755446834533008
51811558476244616792129430115196081880395930382503
67329432139476830929470925529254103100866804655963
68425093736662157470998755959620484420402810725995
97750328674587552481045584778604026971441735027281
36309719615694242178388489177541424648012377311139
10449747818091751771735027067677050572623515787743
52293687134953072781623425889575811528629303023795
43355844237983987636848635960281083279977182017297
20745483745673544404662980324657505487873236844108
21940498909441369333120553922493870598697843204759
65194858300187071121409278554210130709586609760475
25863542139234083947783944210767134351949068755369
07128393409593486747858370899143945787752762219598
14018145497650903526553358965623908546754298140807
44712439650055086075920820648658156338150944566270
55268096300291334532153683750408536224638058509202
18105680835015050350462084504981871540051014808666
27324469425160485718833449448045704125466479929473
11547387651054642914574388863405643824587686726871
74121207599307997664718921599869873086015389070019
37542025442193999927990575979489187814726704315296
13169590975258210519785512675229969836454252946346
20349650727067361575285326962677792830876378021149
52664752917445136630985978332227018927781132718272
83780747826899842031063727831315517277596390181528
98656756587906208924815638105665502862233026458546
01439304246420829702258662014626331707708534640525
91690863850566227558891828812495699580107233132445
88241037384967512227529534963593232353820937438209
16799902379384154372875592602088209477033474518331
11144731931206566038640360659398979048567633059222
78828394405208171281242948288336552446581774821123
23818589266568407579207113369793450521264807606526
39008566611204762581565536956114711745839067352183
59700587066847742669689400146433985886004078222228
65463349777210492561982455347084372689395259986460
53546045506246486678200242436494274801289060692187
90693007840130972660574762086252746370289433191418
50544269894972472007461908652087208105959790363295
81061837709692262114687629225962188928351624737533
52545136868244570895740250550853526026733395844123
11571767891707960561544763440674444617219683863730
85454031675490978996486945999926785203573252348491
91133459748031997160896178555979012625671465947559
21889745222041947344923019958779319455555542990356
67130889437777136866191885859809704785823590240818
55649194813872367907130331794180776540116118755688
81660742776319118772260043803399497398171361951450
29394400121527567499512230823846718787812344659563
79634307196186520132465549083963213266877996291794
29236806567090618190886641081947228027431258472675
09500982072095452277908515729042960034807900779419
69860602893598122753469496825194492660091276454976
52110341693921054482873960341310624001713801224792
17705782143816294995077360248815209333014348751782
16752038428374228296103618401059452375982040345158
27588310688821305185256552180161661649857200705219
85683752509090311685084350982477035024380106775934
24535477917494140071308413747684577092849409963748
70102623117224037196377288264711753104077013903472
42311577547852869014970657841370844344302659966104
58420816524352799622950409099842268672367272256975
29560230494956546175813195930264289995444600034943
61525055810293193898034242014233096257892316559270
13419247123893026590493421713596629797036418630400
60358564998344835565260511008916669287873711601111
48766676014533643576924184676975181849661134932046
31732808565726707896936922354972015179131881296026
66668183206841015671746225205123135987132010108499
89962119881921192570796483489912205905858633043111
43042963099324494427518708624002930860588780310005
15939689604624735522812095939477407626637232526035
30191801962712132466073581282437655218518539505831
66003227603914564373351958467346011255404382487665
11436613701364781549825589473834910495881770424876
