1061616417 5417538998 9134692091 8467919092 8059817646
2348124455 5068048994 4940134515 1869446721 9491239836



4575302157 9590078068 7668903436 6817627941 8748572800
2183449856 9873133544 2542933776 4209060006 5336600517
2199600338 9475791993 0484531635 8141048641 8922693432
5903666972 6464104272 3010388299 9765634667 3798054557
4722383932 1398889623 2233198155 8911245253 7941099975
1923175350 9841857096 9788026415 3352116705 8250588717
1241196516 0816019073 3792560827 6674626887 0613231825
5493751054 4162622476 9635067472 7430017794 2122398421
2107703502 7839620303 6430372113 2789435911 4102488009
1996592500 7609655336 9973534571 2420481148 5816702541
6392708044 3230211012 3686160349 6728500289 2386147998
2148606810 2094669801 6737229587 0839561860 7030283150
0689949767 6830406687 0457506529 3856564826 5621294122
3186103720 1683773607 1194713946 3651387069 0517591983
8768609348 4022711421 3347700378 7829253200 9358812638
0212087713 6966065655 2452334663 9220593299 3771003995
6545367653 0649072456 5393237128 2359006511 6166827762
2688261647 9021570780 9419981899 1910412723 2336461047
4234572071 1495459214 1472217512 1818936704 1260488115
1427223632 7430643629 3426068289 2892025172 0306733123



0176321087 2303777653 2644050635 3502373666 0980959764
5925787485 8495042236 0789089405 7442331548 9617844295
9338813884 8633698600 7242775528 5526594257 6240993309
2616292653 2948462085 9542325814 9313614051 3163790317
9959675168 4964530082 0358954133 5684402322 3772731876
1460033038 7973951534 1258194433 3472010596 2975046393
9594134632 2836769367 9603514084 0569727207 0841122129
8452339029 2978577083 8823599651 8814959773 7044315292
6242160581 3960114170 6054684577 5211016503 3898461047
0232749540 0963827751 8259081064 3402401746 4158017183
3063991221 3092815203 7805890687 0119750291 2420535019
2381982837 5722519986 6382735548 8552854109 2957843426
7348453563 8739519093 1003694331 9005607593 3754263259
9334737631 6099412641 1558669411 1196759873 0990609720
2475597181 9308243348 2198706673 1754502221 6346615225
3867394467 8968859030 9022082714 2114897452 3577471554
5290523493 1902821788 6821924076 1759499761 1312466597
0802237183 6204354321 5579149641 2778663097 8800803837
1388942091 3071916844 4394252939 2071152853 5805430507
6081924445 2577698938 1547733718 6533691891 1400559505



2646116412 7523568320 3260282382 9921383290 3275787807
8111542108 2634433634 2941254695 4888314369 9426183053
1497741160 1680819442 1222201569 9619208342 2864711773
0046864405 1402717552 7246404465 6826767172 9349422325
2906934447 3725883037 3554456546 9576296067 5839759540
9824786761 9944809334 1705784412 4912064220 8938307474
0888599066 7421330435 1680780996 4002771490 8899192683
0027905652 1926531108 3116106695 1637120136 2879465032
0151480277 9685073373 5316273746 8774169343 0084389106
5210994908 1900554669 5440001990 9891895566 7979760290
4044697166 8681256692 9203148000 3297328657 9865358897
6243396052 7195175678 6198230284 3444815115 0859779810
0142813824 2229832962 2552069524 4894175181 4472024665
1470618019 7051655317 3443124564 3242069998 6546429182
3590140804 6369490676 6345268994 5320618663 4875575115
1701497097 6564571283 7368131952 9962250618 1990259498
7763150137 9418461240 1351330093 3623870539 6565353547
9893198123 3214119821 6154979126 1969187883 3915669510
6463815036 5647937915 8886382646 4850231011 8446073879
1996429716 8300232463 5700562235 4990301517 8474857082



4578233432 1499933335 7817352208 8753855765 3888060349
4464602241 3198353420 2724258109 7803727060 1693126644
6122283829 8015854231 6860383409 4147211919 4406640062
0261529963 6981023735 6986542197 9819453962 7134291516
6836663147 8176916440 9791577361 8993673208 4127701424
8445187212 8822680206 5071786137 2977670499 1770416167
0334228925 7685361300 9987449351 3675949011 3697561629
9294430578 0746531739 6790219196 0347262019 3690851460
7332899504 4679775591 6772545224 6833094189 7158379068
1803972695 9748721048 4415597135 9024602179 5150839340
6240135945 7672560917 4717120104 6773953007 5913659973
5369941410 6191721312 6947773809 1092168803 2888270104
9374868530 2802103635 6315919799 0461385540 4221627532
4845239787 8644057807 1162944967 1270869105 4505914068
9323298546 9169129047 1796011687 5436358257 2114797005
6428988781 7734003420 7384953146 2571788788 0800858363
2356873760 3972941336 5913571803 3063754016 8015375439
4111519450 3947402506 2365476641 6616579036 8978647928
6355291796 0522031060 6581104504 6992410573 9078934306
7298973853 1551305400 0542808506 8358599859 8680808515



3972705182 7976604337 5804691638 4956895542 1283943253
1338072261 8185846146 8531661541 3439220358 1018858583
3228366886 5954038370 0460672949 6319808537 2041109694
1740044820 5977153800 1434970092 4750059200 4794176499
0257279605 7821696446 9080929870 3768186647 4429145936
3296142542 0122241558 5281768417 9062778170 3375876389
4944521210 6482885151 0403656618 4457536953 8871918399
3600110698 7027386131 1253683441 7650437417 9353700039
1704670886 5000858156 8453947897 6789452552 8462269887
2103216679 4314487759 9678574364 6319999919 0500790446
6971280532 2237484701 9583903509 8822049479 4638191409
9996943270 3020600958 0724786706 1966807069 3104064030
6451764620 9959694394 6305242073 7779863424 3775169109
1401565088 4319809806 9811070085 1320455086 2463959575
8174010209 5241884495 7977369970 3215871943 6844272051
1279039815 5143337097 3822918960 7100944935 2920982618
8419750225 8182568891 6440921618 5927077578 3970937047
1363674606 5233409007 7403970347 4069891008 1519755465
8326549166 1954188567 6749504303 8875031327 2564016818
7272198880 1284638458 3528222499 2783784683 6534942547



8901072470 7319297710 4539222350 7191514192 4121130716
8688364341 8857771788 9216143425 5023866248 8985694309
4494232355 2676445171 3315834099 3249379030 8597777260
4437246409 6509180804 1720679516 0818117888 5043731365
7128099863 4919404727 7284822054 2008172110 3839337727
3444625325 4181807807 3262500690 8787657389 8742816669
0941529132 9162325219 3536815896 7544628371 7695080756
8521729036 3014657263 5391854989 9170409469 5809109652
5285271303 5144672771 7106243821 2145321661 6907736602
8105575660 2436061565 2092531716 8247135368 4078120004
3408756420 0591618322 2474434704 8259008950 1325294606
8470593899 3927743787 3191321970 4493064999 3657597872
4811257394 0185833765 3283293368 6986946546 0707820949
0369348421 0466101985 2508435301 2566919756 5084795704
0527541829 4213374374 6065775956 3023862964 9848640615
3703833435 4873277221 2052906019 3218782593 6392179582
5573326713 4082585800 9317701096 5044923968 4052920423
0276654886 1869779507 3262289552 2686559513 7512964678
3645626816 3919690871 7485250581 5647570783 2371814862
7411673783 9997564909 4277827797 7256618830 5162027068



6153151392 6925038230 8356154222 2028961713 7909206208
6924553789 0752788071 6997796175 7803737322 6514514148
3863624133 5697727601 5369288753 7057182239 9975643646
5467838127 5147726683 8165597166 1888008046 8765491175
2006483911 7226208562 7221575817 8138490662 8093517358
2185840974 9880320047 9063958513 2691441878 9889577542
9780226839 6739747822 2015007179 3447510455 1982297575
7063928717 6031428527 7460668769 1975914749 7890436986
3575729247 2620342251 2356685042 7123178117 6586600401
7829986736 3656524489 3229322148 9324560827 4123236868
8453298164 9822601018 9841155352 0778208814 1849003914
5326830187 8691947585 0477818466 2598522382 1944318716
0232185968 0228963756 3772878658 4403972428 9784338644
1446473875 8473465425 8333258319 2350495254 3822911540
6470475152 4436564388 2104218794 2682226604 5292879272
8047549789 4828230001 7476194445 7535051150 8007059571
3597053512 3304405733 7095776424 5881807767 9174692382
0589308248 1564153492 8873144557 5509707551 2197815017
5832649590 2373440928 4787237365 2700064850 7040159691
1573104639 4470104057 8227990316 7983827653 3440777606



7653495066 2693952663 0743111721 7917993099 5718459379
3304528989 6794360127 6754184357 0592613179 8963744330
6550066982 0214155480 5082039343 9222609359 6079565717
7459761666 2246682420 1521168660 3986979147 8489163219
3306919898 6857607773 0187618489 1696509383 6622296617
7176883246 2063906452 8885061659 8937555451 7906162045
7059403542 3146208287 2716823474 1629618856 0942289376
4832967920 3514194607 7772827568 6696890166 1615521986
7565016480 9301350509 7687995678 4912058428 6934104268
1462661181 6919631219 2260773695 5334557356 5655766268
5018600784 3223337526 2925909571 2716213408 7938085714
7287415764 7214392656 3665800772 2249607078 1560667780
2073527170 4501627977 5271206310 2586021267 7315901872
8581448207 6170907307 7231598327 2364698411 3649253290
4858824178 7922365109 8781042186 8621244963 3860836584
1880141851 1458864840 2763330011 5869152276 3666148790
0053435927 7080392623 2154449929 2687753145 4121957491
6278523457 8137987284 7678584794 2973528711 7292468763
6474014923 0208737304 5324850906 6228167061 0908795030
0101727998 0847861479 6874122168 6183674823 3632502732



8427571788 4488522542 3166448187 1331801979 0758979167
5704125862 6398832507 7227430246 9508654132 9559289338
0033862162 4886914164 5115737088 4821832246 4261448445
8114346474 0017060078 9839009922 0642686999 1660893737
0553347668 9878872793 0333114690 4759985715 7295335764
6603540201 5596606868 6696142706 0772670189 4709469123
8713342116 6405866129 3451093972 6747219391 4365865099
2438921405 4130548467 0475839283 9143416380 0593975309
9627833333 8367135188 2740918605 1143375029 0815152675
3065371718 4904062206 3776603399 7145331734 3175744075
7932222879 3023365858 3596388198 2519443279 5712493373
4275285333 5635116964 1819753827 3358721278 9984475907
9113969296 5922516412 9454449203 3508766919 2617793934
7094645792 3156936314 2171478374 3056977072 0466294319
4622050193 1374483084 6711327066 6772921174 6035163206
3190647519 0653497256 7141743573 4602393793 8447983998
9150924028 0304866381 2005298340 9911849041 9223062825
4206902866 4140367704 5032237713 1890375411 7525235399
9424662556 3318656324 8432120239 7840736264 7132422481
4384856549 1910663604 0278397671 1365343977 6732746599



3022433651 8561863649 2213321425 9621123917 7680614126
1754333622 3657525038 2402487900 0117052229 8791079198
4030642878 0099493999 4455294184 7515873124 1907052580
6007063669 3949886066 2827241013 8615534525 8612116000
4969744825 1612995631 0686977646 6849227514 0836134162
9736953879 3204461763 6583073096 7966666069 6411749769
5239771648 6958354491 2411643529 5054730515 3777771151
0645713890 8751053628 7805150670 5403091093 1434748983
3140046314 2399484976 4221389801 4579910953 9947033946
8653282367 9511470120 8725920710 5232093056 6090695964
3332125611 1080982238 4196341749 3904397402 7376789048
1478865095 4902674834 2562707643 1026927941 1668166046
7902717486 1638353927 0369951694 7106745446 5446232112
9457047288 1157715453 7218386173 2367523147 3945100468
2020608014 5927222558 4948795651 4666676331 5399727994
4158624558 4563106340 2383432599 9831023178 2680118400
9956413322 0666377797 9065537969 6048811069 1971887613
7941543824 3152138058 9931300510 2164072253 7035882472
3748792099 6489597055 8224262644 4117612510 5491482196
8486932474 9621292136 3586991591 0567689880 6487204287



5444150497 5845988421 4454736725 1568629108 1286971272
3439973260 2728681836 2345836312 9283903744 8153559736
4068125581 5034364659 8348027693 4710317567 1475988076
6833496789 7622254125 8770138737 1444004225 1840960069
9741585504 9836992139 5943292661 3343799976 7592438689
3583602637 4721155789 7699330075 4804771186 9275420627
5921953015 9070927590 3981638679 4484764938 5227297601
8742577512 5138718890 5948103209 9882135820 8167504010
9660967090 3398212090 8049896464 8164326493 0345144220
1001710895 5181264725 7644334814 4519229371 3203078652
0941883492 6092520279 6265736570 2379971271 6584983953
8628489098 2014651634 0398514754 8851381738 2111389591
2474552654 7057696578 6483374231 7692822322 1421579798
8359857779 7831567014 2921299228 3073506656 0621612653
4242741659 6771378277 7476314990 0984925540 9904492072
4727229704 4893816012 5726434444 9763721733 9332370461
7252659454 3454170823 8178218289 6745522732 0492244812
8731639039 3203682826 1687979361 9399055196 3834547860
1977222520 5705769420 3107494418 5618775631 9427865888
1993843706 7556309190 0851126720 0008962423 5220574827



0115293984 5732039149 0884954572 3020894162 1473578743
6517387286 2260145583 7224102863 8028323745 6761422245
1647089221 6242376609 5322583370 9587834917 4972488694
6731140123 1441853753 2685049820 3246121838 0928675266
2869835429 7659418998 9787303823 9002253638 6825929863
2998828599 2514248204 3226384377 8151861153 2294033747
1706462792 3355283767 6002999738 9797103457 9324486291
7676238125 3096012222 4662468179 8338786223 1130302681
1895269360 3163854278 0114215358 8374677160 2797277853
4789560594 4364287234 3346396955 3736750457 0693088028
9937325385 8384104381 6963388573 0813705216 4753933142
0243884369 4716420435 1284280841 1417933452 0578779083
8271944360 6288049383 1760613294 8840555798 5263626341
2996649822 4352832604 5280518784 3574353059 2066123336
1024958330 5618976931 8425558146 5469049315 3018817630
1643229054 1436786179 2887598171 1231800743 1793897366
1900982813 8798637391 3357573159 2830224790 3057771398
6420891294 8384984422 3452806734 7013652613 2886041285
1886063688 8402072158 8051898112 9898817213 0696556773
5353378695 4949343648 2037561326 5551560091 6800627838



1710683746 8681306549 8114838012 6205637127 5920917217
9082301046 5197362985 5143377736 5243379484 0714095210
0465467468 1990873244 8254133045 3697735600 0354977219
8395677419 5205262155 4493005593 1666645670 0596793755
9131846140 9879044997 2624343965 6054828962 0240292253
5577436812 2483667312 5931932362 7577855190 6282920918
7532527365 6770297928 7145200029 6751965787 9792342411
2618598105 6307889692 1455337128 1783174443 8482938308
8727359836 5167936072 7956791959 8711924558 0601735687
5989712335 5020795889 8143185511 3678418189 5153463043
7408416019 7870535568 4249686579 7111356268 2271307504
4469835047 3744869529 5323369357 2372080589 2807870023
9850822569 4575366836 4400233117 9791847934 9236349201
6364344555 1778011213 9457685413 1076308257 1876023954
9559892524 3889481270 8255368651 3328942039 3426713312
1703227954 9583938410 4579463785 4843170397 0250372339
7977706759 9972812388 6479446179 7147070314 8263075342
0190200834 0069220455 7057967314 5162523436 6539987664
7254460842 8926642260 1855178615 0099018932 4734055047
1063566845 7118579611 1994032602 0188584087 6046262154



7797454656 6456985822 5017624832 7086752112 5412835070
2479517121 0007933954 3880018875 8143572656 6844999583
4694053211 4881283762 3169792768 2543848858 1349337751
3562006955 3107026042 6632313002 9385001558 6417224971
9925639998 5737994939 3749896881 1753353657 8890859138
0706851507 5519810397 6746934343 2686432885 9768130756
1753409663 2555327672 6887111712 5324932024 2812397574
8854095596 2507205073 4659587651 7620575951 4649021831
0733362832 1243400439 9038245307 3206569652 4660090293
9622368111 3659971755 2051456317 6984484086 9365995673
2630336866 2366166133 9723217665 6783712498 5679686982
6782124966 7847745375 0606356570 3903362128 9106330486
5264212066 0391961896 1142038221 9729443726 2661833494
5229522757 6790617147 4703271290 3856906532 5514474883
4814646107 6515968643 1098289033 4437247971 2693725568
8135840415 9708524538 7748299540 7005016494 2792836606
9004431024 4365444078 5454831436 8979082464 0653393280
3153723475 7219213649 4943301289 1263131470 0594948789
6146648936 4719861505 0083740958 1818834267 8800216103
3447116057 5255905722 6228673721 6239445020 4876369804



1778041634 7933767955 0828756550 7168183813 1148015146
9784752057 6989423364 4091196029 1737389788 4678426370
8481642421 9328835049 6329997441 7503760576 0438268938
2106890727 8766738151 2045358103 0038338053 0178592159
6211947217 2743637900 0326289232 2896947376 5945774107
9263444834 2656967098 3368625339 3927917746 8154619347
8221688355 8105101822 5984330593 0937080808 0159250595
8089157285 3436598198 0295885339 6401282737 7896433318
6291398369 2003959894 6999201291 2402384615 3763572764
2116110388 9001708477 2696945854 2637347941 3835099806
7096987206 1712098484 4801295541 3495228107 7122288647
2736864512 8585421964 1544396926 9484866065 1162740888
7272873093 1979126735 0850998128 0670030864 8945100550
6026789855 7824490210 4621057826 1849952796 6043518603
0319598462 5080746229 8478166741 7542119642 9946889832
9107262374 7679411159 3668167362 8843202946 2487961283
3490528669 8135629524 8861155351 9098386735 6218174593
6295322120 8723782061 2504285618 3473214315 4100029946
1390028219 3854940005 7675422028 7503082213 2934854149
4769766507 8604745000 4223170224 7419412192 6748353323



8672288724 7409829311 4769639122 7782288671 5729119479
9423599519 9298833361 9334649024 7112401466 8054181468
7270503658 4080858641 3358866592 6857104808 6310089429
5759044995 7282329200 0553095208 0546352969 5942408589
9478932381 1512171334 2522611188 7592104701 3754081787
9267262741 9292879097 4770284786 9933163279 8760972857
0169479250 8923060748 9801631780 7250836797 9383915377
2794235145 4295608841 0571316975 9815814977 7910189524
7314048273 3254535451 7162780204 2381042354 3122860011
8446139946 9806567555 1160446695 8865716277 1114819394
4023061129 0700997677 5634245960 1454422620 8594974572
9379094443 1001978593 8111360362 5752671437 8215391224
6888624716 7287846197 4132532297 3754295262 7800388309
2924020057 3953917340 9774185879 7178902133 4593819280
0933185155 7597212652 5523686571 6619109318 3579120994
8094257836 5235621164 4246964906 4567619565 8500587618
1848521834 8989373070 5254577090 3887833583 6979496453
4350710163 4225005823 7282318515 5160688095 2145116372
8844345582 1945913809 8533945022 0902211741 2010051756
9511074517 1076910113 6087779357 3312883552 3705759761



7441420754 0931559479 9906633634 8969226592 4353912311
4373290877 5811682615 3762121708 9086789384 0277685849
8104376463 6915274476 6791195861 8672803144 4517610702
6151540029 7044817719 0450261499 5204722351 8387377768
5689033038 9698033495 8214975906 5659588036 2453374966
4567587324 5990200157 9239237600 8755342890 1845745681
3396912395 2771305301 0083274063 3074460707 4222468593
0661761229 9471041622 0623925843 9882148108 1958958491
5906712213 1994077968 4649114776 7501555852 9902305831
4146575418 0963713832 8646448978 0493439874 5682818119
4848842232 9062097452 5049005489 8580627412 0600769741
2650419441 2945205245 8519300518 8395544186 0398702655
1582517372 0545251369 3157134207 6152706425 7328256498
1554241006 0179205789 5995288134 7135991584 3458797301
1609950760 7074496768 7358207178 8143491452 8406321400
6843994071 4534904992 6352572351 3634000799 7864387400
9751045233 2227462942 0661003137 3035614072 2157413007
1980813383 9133902707 6564343654 1674726725 6131564337
3296841995 6918093973 5108473008 7832840382 9300169978
1892687778 1146429239 1309385088 0879205275 8510019848



6341002265 1857416516 1453283729 2846786433 8126081845
4476902457 9145385943 7358504737 8827853297 4178514205
1219080017 4950555967 0918419392 4106576337 2262303281
4283047865 9199083675 3417408423 5704513330 2909890805
8014406789 8440946122 0771611879 1328578232 2344596517
3626414724 9775192766 1704131544 7300118073 8546198015
4220104687 7949235174 6647248942 4049149229 3995514276
0026684430 2549191497 0377506057 5658631176 2922171565
2657381210 6158273697 4401961774 7949818111 3174200989
3497258282 3478910698 2526404467 1862058337 0522900118
4665599650 1012668748 1607246624 4832902213 9377542351
2461216298 8125254310 3169655601 2951495964 3966789397
6779123190 0316180328 7244661320 9109309282 0531971247
4701030267 7910243719 4816887548 4301003343 2739268669
3719402155 4978302283 7541371268 8114123086 0970411069
1590440820 6743652743 1931418796 1783607404 7192782744
4797749816 8133935278 2881648668 5489611800 1772060401
4051485926 6008924538 9120356358 0838222662 6541267695
6491868696 0996767623 4188564582 4504222558 4301668839
8464487562 5256952833 9404373154 2966230739 7634961679



8741675124 1480698838 1932263103 9790184108 8595616120
1340729165 8212367390 1373763694 0835481933 5911427575
6256561307 0625663557 7473792043 6746772320 9843199559
3996469333 9544559253 4946805042 5587331508 3211379348
8547190015 0069508117 8504867728 7293774692 7547845298
9697621552 6274432593 3574137910 9001733775 1514948714
5509448149 6181563574 6640861458 2214002917 7144813365
5233822659 7470500672 3828021997 4521436066 6317046301
6743930485 7739201622 3725147497 3048507619 4405823137
5931877793 3398464160 4250401625 7726661152 9981522159
0008529624 8573793933 4587929190 2291684232 3713469251
1023709355 9540251742 4997033606 8911550451 7720251202
3928482016 9124876943 4256186936 9281908273 4553492297
2233425868 7322852775 7745251951 6546523735 5351434958
8813726914 8423981141 2188164603 1928242953 6125405439
7375180993 2008510464 5151594634 2267018988 8064048270
1927675778 1234599180 9659390522 8404653675 6823149085
6793986225 3708140535 1511570488 0907548347 3261321669
9321367410 3698342725 1774836142 3899042239 9297852356
2039809889 9360413696 2425489280 4210348081 4800411716



9674123137 2428808575 5709160928 9260030645 2790730798
9403877032 1802001475 3918790086 2402549623 1948288659
2328039079 1315379261 3027205754 9961515023 4740753602
4714660853 2146875799 1324383485 7320277957 3083101183
1266075447 1957749798 3846031238 8899796069 7846230391
3980261848 0579920197 3136392072 4594780809 3448656764
2594865463 2273078078 5920620304 4780815402 1294350661
8341672381 6465015390 1539564193 0880994478 0977494399
7436578756 7157765918 5990604584 2682686685 6435818621
0078183185 9422358698 4189296711 0743656609 2613652691
4586981261 5888313489 0943503242 8417528618 1270600650
1424342004 7352991338 2194377406 7072639177 1057158482
8833347963 9605287413 0049098728 5440650473 4511077282
0113424711 3858434938 7427810977 1809152090 2842043951
5770311283 5554993555 4862612587 6237384125 1644121269
8495571320 4387104037 0587754890 3089928355 9112063306
9360365022 0321957832 4357426271 0105816188 9974311179
2252966080 6683293749 7807219231 1374566164 8339242760
4966113812 9043406625 7068298720 5621808102 9585983390
2010400924 3516223467 6257654152 0266189134 7766800505



3374023266 5204803104 1856856853 7824779472 2888320291
3637789902 9557619220 9371767917 6394385221 6094013698
1231966145 5705088079 5504701401 5903770556 6773568006
5202623848 5598637675 9375971888 3290478347 9676989977
2682464789 4571798249 4983396669 0743652759 5418590852
5069521933 8112260911 7555525552 2387617067 4125269782
8836888775 4774807586 5937706253 7311303120 3283002133
6361640301 6297611815 3063015153 1776660456 5590368986
9210583409 1952855232 8613341353 2888223717 4663718836
3229623098 1964361661 7074967886 6620843125 7368173127
3288016467 3097637212 3724356552 9785362193 6831149674
2530530734 6808176202 4942417155 1299285581 9554148206
2749422856 5207601119 0155778729 0731107492 9758983710
6170670704 7389361070 4774183715 6274520575 3621739415
3087738159 4464369767 0736941143 4718837938 7099597016
7289063907 6162714354 0696355156 5690817605 4089913934
1547274905 7505925568 4683459003 6677340364 8611629730
0061109377 7624906106 4980117125 4138049573 4915504648
0841145624 8822581137 9088613037 1155112654 4698104587
9867990197 1740334317 6500797093 8344009849 6390493115



4294795425 3055335034 4642621803 6632885002 2505134166
8950999127 7612453780 8223628289 3227347540 8599036880
0483836115 8728456133 6661615825 3712468145 4338785872
3047390157 9075149631 6409820485 9655911728 5267197076
2624621376 4464332404 7288388557 5345263456 5449797011
8257273592 0284497529 3563251208 5101260617 0044401202
0215385053 8505845165 6289049477 2220182417 0691224130
8085142914 7987928248 4809278125 9573269280 7878179183
9974362999 4614048673 1605488466 7900688653 3014656799
8661708220 0568000105 4492110389 0377831253 6746631646
1292461917 3510967493 1587428070 4960601520 0447119372
3590682611 1504338756 4259030177 4679139209 9746492297
3321408271 0300687587 1591916837 4692922961 6756173998
7993648351 1221166309 3100067316 0942298908 9484949081
8119079393 6790761333 4931787627 8771251249 9731376245
7588568634 9370956031 2683033376 7885267014 1484445256
6253997606 9941904378 6415729782 7527187504 1331436555
9976083374 8204564219 9423046997 6302347796 0157710199
8747369482 6716861112 3270720527 2055880526 2958761496
2908693925 5629267415 0469732215 0448862443 6000271640



2675536234 5261482941 1728682320 1017523617 7246909115
5170325040 1908882267 6098483727 9876080307 1026834476
7979951284 5295897694 2909441307 7818764964 7159415644
7637715295 1266590529 5245386917 6770455537 1612268970
3529007260 2805353465 1236293633 7733834858 6805781270
9988380782 5752128196 0092942673 8132479973 8560175665
8348145404 4863922457 8250000300 8381835006 0292950294
9057904038 0872710703 1706168349 5969852132 5909908674
2403801713 1693562481 2510131754 7923696347 1895741990
1250653838 4215162977 7300300044 7761095359 8850872297
7268409326 2124752440 9380132377 4818757995 5151222552
1904914937 5411810954 3259304110 7554604777 4708196110
3656808789 6669517478 7110138403 6722199389 0862612330
6519255078 0249627251 2042486236 7086335577 9687133939
0621264986 3307349666 6505416622 1855315135 2451533730
7617809160 5391518804 8628421544 9931978042 7845216033
6012076779 6705715199 7934506946 1164538978 5961221347
6353511741 6081505717 9706104640 2640679551 2793439559
1959692058 7856618740 4508477997 1097798817 0051871222
4401856899 1701189921 5774698631 6872709344 9051868322



6414014593 3409574561 1452806743 9877601968 7405271306
0906858599 0629877981 8221800781 4482240563 2246378246
2456355658 8521322747 7256831071 4623728852 2013021270
9706949195 6769787285 4037391720 5326302360 8007318179
3728357244 0663019980 3098753229 8577700903 4271193048
7308562643 6930917247 5011003088 4101909932 0185162381
4275684095 9695529562 6039260107 8118853019 9070254920
7999255743 5060549931 9346394775 5889867438 1031461034
2145758767 9059203254 2732051332 3762096547 9754529499
4066643227 7430875039 7259791009 3090912540 6153845396
5481541807 2755904072 8947060567 3222213595 2899534891
6225213479 6003003453 4119140944 6799712335 0278284308
1068405926 9027673576 4491854015 6981148035 6621006696
7750621073 2155731484 8844944172 5211227970 7697031053
9511483611 6710644897 5130509461 8259845719 1645255316
6260938159 0438362515 6029987703 7518189898 0978631641
3736766254 2750743345 4648688588 7149933510 7231189648
7510963094 8901956192 7188336723 1558327823 9366505818
0108844239 6032965267 6749183840 8750076202 6459655866
7262757709 6522069047 0045225480 5942282068 4165171121



4797544752 2112581199 3020036776 7982135842 8266767854
4997933211 8832261714 2878676561 2766726688 4209088474
3632606275 9476235952 8239391093 6345928559 0255060608
2499931128 4995555579 7086861947 0915492071 9378044148
7469981182 0862229210 5886581928 3756475136 3450500967
1083027765 1908196510 7522992651 0858945583 4314567692
0118255624 9516682331 4218462507 8815531763 1359217601
6174418433 1582920718 0620659095 2869821069 2646891917
0690677006 3788852550 4304846914 3875139990 3565909029
2201182226 8527858916 7184274218 5203963941 9249198713
5470133256 1317931778 3465779065 4518175500 6745681339
0641826944 6229440315 3502662074 6520471772 7123546118
5231094096 8544272383 4161090324 7486918882 0683694389
0491861685 1806323473 6877687667 0262541322 9285577016
9879858476 6551322013 6436103449 9852829139 1406875306
7964838336 9564932399 0637062442 4199273256 6292934577
9693077604 2528662287 4549336242 1879561585 9941117825
3109785027 7653734397 8781793825 4091808203 7245335652
2051584482 4771387974 3681278254 8698286356 8177259870
7094201035 2826301815 3154036873 2804253295 1240932744



5376541561 9838210697 1170849207 9259712090 6370176708
4068143961 6597861773 8901047483 2488164831 3048621125
2732504677 8583501517 3931947220 0199969312 7101864156
0950587959 7543784479 4458096292 0709818584 0575560778
5043400930 8895402619 3385543563 0639436727 5276667029
3037990050 8627094644 1166809402 7860060939 4396058143
0434874792 9025836308 0949972832 1912613414 7526874742
7217219010 4779935189 0538808638 1809506951 4210046137
0667479991 9213942241 3491737734 1785631504 2825830396
3951486529 4343004796 2898841585 8428871969 7703523594
5105835063 7611514189 0123958977 6941555720 2068349028
8132630242 2549833914 3164156457 5174750924 5513636428
4542652784 4131310455 2960256249 8519546045 2703135145
1353972542 1481713147 9089929523 7417091651 6288632430
1719890037 3680267707 9804944518 7555554874 8312979514
9152023621 0783034321 6509140732 5519155074 5637201495
4587143074 4001163608 4114966390 6234580038 8855208912
0876750651 7405773311 9133721170 7022545638 8831173909
6533957676 8595075348 9659557235 9404925205 0410575707
4662656892 5925124009 2625617495 9899745515 1486252499



4754137817 0518160474 6979653341 3912941712 2856024784
6867693949 0216142568 3121250982 5410468196 0641879262
1938034243 1299855349 7692713941 6821021963 8575679471
3612294986 9347113633 4200104593 0698426881 4809227248
9128723861 6976173629 7477419813 5867780525 1801862809
8205747388 6574584511 7559508770 5197526548 5962508032
7012586547 8928725555 6554466929 5961427417 7617017619
7402964539 2850849603 8126661812 5057798430 6632990660
4346048758 2852821640 5169467915 5898481928 4933063034
8785688644 0025448466 4222172514 9921826035 1727180097
0480512393 5237213569 3012599273 8619633943 7695759585
0269057282 9758839294 8209902620 7867547312 3023627435
4259410692 1938856264 8224378758 2701953221 1602437993
6658943467 7474602644 2885547464 7708155548 5310670245
5628198215 0484289533 4930752991 3617250295 5428716477
1418574114 1751347731 5333981283 8755681279 9386780596
5020371631 2078220160 8027721266 1909786838 2633013213
7721476632 9284359120 2802039459 0843572067 4591393446
8248099549 9474299180 6953036568 9472840141 9261618228
3286577160 7453752741 3433008051 7956581197 6961347907



9637419120 0506496066 9646255790 5868405800 0127320435
1786528625 3981494901 0331151243 2831866179 9156898804
7608509194 7915540908 4335619585 3331763925 4856145095
5797715236 6985454934 6028637611 9254389480 1097954108
1896480755 0513250401 3458854337 7007159015 1749415932
4953045589 0424467262 8745004055 3257427100 2946323433
6378435965 3846730888 3431982536 5080315213 3683687828
9797775568 2656476885 5025864103 0216838755 8835733148
7894923925 4523392778 2833070177 9813896151 9630253108
6160276812 0790939430 7403999154 4616109692 5495111360
6328576110 8895940200 9925867690 5126201600 1392186086
5196630715 0585297966 3077794421 5993808194 6211984790
9959301185 1677749019 4643678774 9892019656 2359567212
8469866758 4615592412 3149699756 5574528520 6374429753
7000331348 6752510617 2809635044 6612339174 2168946079
0862035791 7676654314 8446358618 2367447851 8036856930
2120110969 3898452594 5583324613 2663904421 6477454399
8729905373 3243982887 0431988597 9119673491 4855977397
7490511921 6966885365 3957240639 9560657170 5393052931
5674416407 8106179189 0009266133 1408589108 4206605523



2425843227 5172362529 9232220412 7678844342 7266829076
3959982948 8869994022 1449007242 6500919113 2678768689
4108623773 6179726612 6553211071 1922353468 6870222314
8867437197 0556790989 5793330649 7270548617 8944401907
2947434983 3448955816 9072839707 3947893086 5271511090
6797821614 2874581241 8262858963 8399251280 5437054182
5537047766 5599153670 8537995355 0109107374 0271915070
4798086303 7235778397 5947595505 5407528641 3146428192
8490267176 0342727181 5528158461 8881580626 5693697294
7918187615 0694026029 2918542005 8443404161 0489824899
3676978357 5644323167 5482333968 7142741601 3791822345
3012673059 6080643562 4580145250 3427951808 1949622264
6166300248 5177138074 3617141445 0558999042 2903427434
4606886031 6867471829 5899900511 6617103996 7186809156
2235536114 4391773939 1869069502 5523130439 0724359851
7625676364 3221541288 5185589490 9832105889 3499513701
0562767500 3847668524 7350320335 1672316438 3096109537
0156675281 5577389249 2779920126 8174077537 9008716225
7907748210 1905112626 7126767881 2334866842 9360888255
8282736161 6130338945 7496293645 4591330502 2719031740



5515635940 6794094633 3333862607 2100668414 6971348257
9785204341 5777785940 6881567445 7070180531 1911847360
8097381557 7557750015 6956852318 3939423447 5864302831
1729346713 2091761673 7575146554 7475319708 5894493826
7788308080 7007388175 4117820084 6083265909 9194932518
8495413389 8183610327 1350033268 1873104638 6409338922
9337613805 5364610649 5897799799 4389300957 4307223611
0044135887 3149865997 2707865897 0757425294 7914182751
1859562834 5193331278 4379970960 6067026048 9778810660
7695197409 1386028860 0779889958 4692306229 8959231218
5580407370 5253817314 8554655654 0200965725 2359316263
7058144612 7415224331 4024978773 6425565052 3117115734
7762256450 4053830683 8131170678 1844936096 7641972075
9151685858 0960180320 0123798860 3957841593 1656181828
2836292722 9872529278 3928429300 1120168467 4273028241
1646686936 1052044639 8823207604 0850779631 0117641598
9535995514 8160528867 5479506968 2799172344 4822191536
0211464856 9238148747 5355588218 9646017719 2179437595
7122972364 1536950928 1363947474 9703142187 2783749454
0953158518 9651080836 1774845335 1677255576 2327472906



5848207881 5716673009 8152519580 1703597033 9400510895
9202494464 9179974038 9647267528 9294093108 7156771497
7826563855 8023296252 2431318292 1340649842 6647229579
6421596622 9082720004 4437160675 3134461715 2876523962
6535345793 8029773373 5632507577 2018988971 8633419961
4307964326 6312566026 6890734428 8218002860 7372589775
5096472690 9053781275 0776504814 0473129006 1375999592
6731626329 3355621203 8499814164 3832212219 3118474693
6543242694 0847601346 3649534072 3340801103 6518318242
8908815711 4783898168 0548841775 1499334044 5724969610
0328960473 4182132815 8416527759 7204518398 1914602239
8645053567 0935661346 5129491545 8233197561 7947586263
9824755598 4672902920 7188390952 3593133527 9134627358
7915713300 3327019793 0248945056 7091196547 0286547700
4872274068 8697009637 8842690695 7257094046 3442727316
5391020537 7787020654 6543442521 1161693985 9320789979
1248010235 6799209531 9311960274 2575933115 8295524372
6517252307 7782870795 2304851198 0065293453 1333963099
5580311237 6701293943 0693808519 8957931181 3737916037
2591560701 5187660188 4214598454 3986908844 3169611311



9401116353 1085401832 5704903547 1680167568 5438291493
5332342508 9670220853 8304218934 9547089808 9448245649
6522567303 0383063525 7165893207 8043576707 2165125563
2085182941 1227660260 9171693880 7067562556 0084413458
1073139531 6901851091 1037449579 5259807390 9561925919
9368514155 8730445876 9182084366 3636828177 0588257191
7409796958 2260602239 1801425238 1839958743 4862231166
5769987549 4908281302 6691127006 8501427907 6625275477
2376104068 6725997363 9062242735 8764724778 5398458846
6949757352 8763963381 5194704113 8170456044 5081756372
7069717123 1616762455 1261850194 0097133057 1402128866
8540836573 0536113794 1397538539 7411664026 1636270830
3885953069 3125004798 4884257911 8281937686 3148864846
6683481249 6300308653 8413630854 5606332831 2320499100
4835593017 4284206951 5160347342 3927859010 3452498223
3345827419 4222826373 0133802885 0344112220 4230593278
5631479402 8993567556 6141184802 7599503754 1599276478
2424416621 6034799692 9716677508 4878374965 8110284142
3144664971 9531233202 8411175208 0183212460 3798471334
6810914700 2816273559 5720192627 1110318405 6474151520



1260778806 5828807364 8337001739 3087476767 7705127386
8428715663 9732683766 3846274140 2942012213 7979639367
2192134997 0698587931 8820083117 6082620818 5561043502
3348441678 9137238260 7005310863 6184354917 3190164236
0106877927 8232008429 7855615614 4199628459 2534360480
6635838245 3705907692 5688002011 5801685466 8029919609
1595144319 3919524138 2628555336 2167433325 9322770432
3120123861 8684939529 4140424727 6089765563 3786268100
5260896353 9829362126 5822036925 0668415427 5223086485
0929439928 1819318480 3206331045 3311398560 9207697511
7061678254 9361757700 2592545343 9321366651 4257412901
4918175262 6037966675 0149542659 5437425497 9000483877
9558284076 6505835534 2076890063 6023605523 4854579435
4216106504 7060842943 3001076307 6740105420 3528673330
7925839138 9580248024 1277771042 4151094465 5739894427
0419499386 4885852139 4144305870 0193925814 1198945992
2114459717 1482636289 1815470500 9015258580 5708676555
2274588272 3805784675 7276242955 0540037361 8815518260
3036526813 8424350721 5334746066 1185642725 9699879701
8195510293 9385113075 4619408954 9877368355 6634704717



2314797934 1131194467 2414055919 8745962092 8131804544
2409089063 7195079261 3242290211 6306909088 2596017289
8275834248 1747627944 8352544469 2897207911 8080759529
3810921275 0224301593 5914775326 8687437921 5058665515
3264711373 0594258480 2039763229 9435093746 9450590346
7249943668 7716815052 3649019070 6620335386 9371840728
7975600603 9390019708 9969540039 0159199487 2333181790
6008655348 3772260125 8685267189 4524718635 4272017648
4640563039 1339287573 3329887378 1007610807 9076429959
1671514908 0731367479 8737019608 7379514138 6827451293
5416757012 8872183095 1358400572 5225141294 9279554729
2275407889 9441153681 0179364501 7758153947 3093304630
3807294688 7044283683 1187192416 8920018833 4675302136
9442203058 4216911870 0758207740 8711188574 9461581299
4036739553 0189775880 1825927272 2917187887 6995490885
5742551097 7231455217 6014651705 4269555831 1463582568
1426286395 1488130074 7920698222 6809226969 1089469701
8656844902 7704831299 3918954564 9878194449 2853376446
6049909884 4807723198 4277279408 4097493048 0736577578
8343565298 3675712844 7687443544 0940064278 5267356111



0549804736 0181627131 9929822508 1427857042 3457980775
6914765012 8446320239 5530098829 4699463054 8812920577
9193992208 8724826598 9141029045 6240245691 1251248137
4841785665 5520432800 5073695621 0318920127 3941570678
2329198437 7364746068 0298074915 0750226938 5324422919
3389686431 0146644303 7589854782 1363614428 4846886692
2137523566 9085509252 0049860919 9996696251 9205535745
6114255592 6506282549 6499640315 8023067895 2545391574
7182449396 4460256279 4294063888 0238698629 3531926861
7530778800 5829270904 5096717562 4101200632 6191832217
6918512510 6154242386 8384471254 1667956637 4174373559
2314216253 8725376248 6358425219 7650428930 9938191312
4583648496 0088077773 3144859391 3146992880 9950259788
7837660226 1062371206 5110943675 8445761972 8803764791
0010444767 3261015740 6171285476 2482539609 5087796201
2656803956 6010868783 0516790508 6958995925 7856981403
6998878651 3068666855 9497119099 3299775193 2642613799
9248708644 2584415568 0656661228 6376925837 8714304846
3495041795 2799512849 1771923861 8070280474 5052595584
2120451376 8435843859 2646100588 9172409780 1140549788



4314286556 9175289319 8447107623 0134229969 5112060106
0767699175 0621610624 0400178671 7000095074 7872744865
9605557945 5846195451 7581149913 0650488461 1067555212
0698789713 7860139053 8738791376 5784815455 2436773263
7763950090 7961019714 9561555143 8007365635 2757678328
5549268154 3042298495 1638550200 1789484592 2784120613
5458663079 0723104129 7295224570 8217719963 9970924726
8963341333 4463053972 4509247869 7816708541 3826834591
9934395639 1317763939 8575000413 1568157233 5694642545
6004146172 4540165129 8231742692 9276956424 5680396859
0328411905 1665830726 8492295673 5723480252 0261947115
4511308807 5062159159 9223387486 4740346014 0316854029
3663915600 7748671845 3943929914 8678212485 9183177919
7451494197 6192106229 1995786609 9908160780 6236088798
9123249255 4346858518 8826772954 6459248861 6495628044
6189992220 3392833333 1824759510 6172356887 0831817952
3154835356 7771780143 5006310852 4077168217 8360975194
4870620901 0322139776 0320763207 1730401069 4730193187
4677112048 6872165636 6316038128 4728422789 7676633667
3326175176 6200733147 2777806150 8968270984 3535228312



3932749740 1691679057 9901823944 4414308238 3047250971
6431857530 8424550354 8272785581 1163424922 8714335105
1931815411 3001546390 0371730034 8744288494 3270439035
8585271371 6244407440 2797785694 7416236616 3958161465
4264474521 0617356141 8850701880 8396359911 6906588032
6664697487 0696162587 9083165739 3554525374 0526541192
4997654796 9827702577 8342089071 1317175762 0541600810
3683720939 6353662382 8561175766 5753270196 6244427354
9818339751 7874372907 1686868174 7259377370 9215453036
9971501271 6188043035 2556491933 4504387665 1846920407
1332669080 0725039646 3399379596 6132033682 2380379379
4824572573 5649160798 5354796832 8767891356 1127142210
7189268570 0453581076 2520546795 9691068565 2883271634
1172915913 9657389839 1237342788 2644923963 4473308602
8008983947 0965885986 5262353571 3268065665 4105872663
8391429982 4855642727 0578789693 5213230993 8095288757
0986059988 9011666809 4779594095 8868705264 5462107879
7583914820 8156805019 1763637449 2618693316 5259975467
3004695930 4536242694 0840215053 9467714838 6402201488
6466694498 8988809800 5463828311 9634239157 5988941145



1342285189 5892964028 2276795903 1376927324 3029353567
3256429355 5195488244 3666397163 7768018301 0899362147
9567888170 1769838324 3166614339 0663405036 3297893792
4876126649 7336565092 6680631304 0694108390 3691359125
2935730957 6970547107 9168243954 1088732402 8434516221
2728459437 6490606848 5388747899 2665010567 4892215520
5301516741 7317550449 2040693413 7418402790 6457445608
9806577266 0742737902 0074091256 7504108737 4447188026
9344963251 8602215254 2573120402 6658252419 0988898258
4772721524 0334118646 8089012149 9367088434 9550810438
6929110444 5896311211 2142336862 2269270663 9046587419
1249215847 3550046950 9687552483 0148004760 1110416314
2690083865 8623078103 3960924067 9808604642 3467457760
2011678777 8488229347 4292752698 9972032204 7406182761
3682357282 8431960345 8082652779 6311097584 0055860434
8209215876 5072672281 6525594110 4077936270 9848272410
2066531299 7988594920 1221789359 4631394865 2428026753
6071164909 1451217285 9372477611 1418759574 2012806116
2038461433 4802044832 5672417034 3417970265 8280159477
9182720556 7998383344 9767051383 9776059612 0937090034



3220127805 9587131194 0580334568 9642027873 8869873150
5537945144 5942618496 2873741860 0466410992 2790629325
8157867071 5335085917 5300195339 8711153265 8004293635
1143373001 8576814971 7386529597 3441809952 4203940456
6064196576 1337138425 5511496398 3539981486 7765770082
4373986319 8328779140 6380933502 3097943915 1611460301
3011895585 8971794606 2817535203 5274839344 8303931182
5853819996 8003058733 9281095738 6208887720 2317843534
7463616852 5963030648 8432025192 2143587289 5242545800
9681938424 3338724518 0251934525 3548877280 3005997046
2124196196 1847009617 5770454392 6203347358 9000699733
7648533848 3629022519 2611995941 1654700818 3046331265
8496808704 9051180404 1687172027 3173320026 7131401459
8395866820 2300803103 0664397401 6231181938 4303531739
8326063185 0362448769 3786693301 0904319469 8875839012
0980315395 2344415405 1044933079 9408230848 0361127028
0340330123 8137623334 8051423043 3769760880 3949450646
5531724115 2778310462 6069766686 8000441345 0895813404
4403010583 0498814169 1439315498 2024638486 4259541250
6978538742 2750319306 8002381007 0472167876 0166641617



5167614304 3771968818 9832618239 9888628961 0372882602
4759345226 6860720154 0959295981 0577782914 3145458973
9446755071 4827739528 8837739052 6758729272 0685483867
6731077380 8379740434 5232127063 3557801093 2652377599
8374392081 7789474094 5086345873 7790776269 0621253033
0184716599 4367139710 9753634193 5608393169 5583188524
1641530605 6642989717 2043248590 9296891168 5126475235
4745123650 3602196115 3430797560 3514478042 4289045276
3100648250 5113607516 1157632217 6559470153 1307731266
3097352643 3967990449 0706086668 6939546743 0181054335
2352971890 5529331084 6119346905 4204528899 3327873942
7580301311 3959948185 3994150150 7733465443 1820488362
5098145197 6094434326 6901688313 6555112478 5852931530
0712393167 0939890117 8690015847 3858736738 1700930709
0032620837 0261315352 7349743277 3534260017 8895652789
7126831249 8551412138 8525069269 4331181773 6328741718
1685176859 8741140939 5267712378 5259699468 0029344302
6443829605 4559998531 5950032612 2030774210 7749280242
2308323313 3368917876 4201118119 8129749298 8560292330
0967988213 7319159007 1597106421 6347648078 3494106907



5088186295 7846539071 4862236506 8490345114 8238223621
7897640643 1269206008 6651411092 8290677952 1300805863
9288085433 9856994422 9897212983 7370337266 4044098759
1872984700 2948849803 8468350292 8385003232 9360530459
9877488193 3716878134 7489290008 7399839707 6623566525
9645623926 3173858761 0465058275 5028068278 5044914410
8683460373 5688805550 2193330879 2934581509 3559898740
8982162204 3009677245 0531932945 6203917408 6012764950
7645211654 5057317176 6194590509 4168022454 4719673922
6594295178 1024318452 8203169499 8206483093 9467240351
3801630708 7995541807 7212917155 1756952409 7191970688
6604620123 6591088245 2992653203 1510492244 9497459492
0420816049 0318264590 8081477268 3055702653 1095458314
7443951258 5808552149 0389537946 3647026686 0740860552
8866418142 7681974135 7882068879 3243730388 4651834547
5665648035 2753872983 8811414483 0847484030 7779266032
0027802883 9645689908 0140625583 9258963562 2673407386
2598108988 0778642793 9276352602 3932160026 8397585443
3296251292 5558629660 8526858341 3672025649 4452812289
2110679232 0298745903 1809252331 2097192397 4632231229



8092645655 3827466881 4624038894 1547139794 4477286416
2797474922 1980638487 2509817339 2753123056 3005732207
8185090875 7245575900 6107616190 1562185638 8246336022
7932578416 8451086359 7772532122 2686859355 5951089943
3759866262 4007149096 6972519360 2943710139 9924952291
9188689134 0113398486 1959298316 2291736960 6116978487
5261548378 3936829712 6454057460 6094882294 8194910309
0882598396 9922164372 2894174374 8738066073 5587169682
0724997624 0396329394 7906051478 6917117654 5185031064
5747902661 1882906793 9195582740 5874629222 0749519754
0375583437 2750983943 1581177527 7463059129 4651277675
4249896817 7105554759 1413396305 9903868042 1544945810
1599598783 3478179234 2566956236 0844835083 4175397718
8928250025 3167343477 6779112474 7346088906 5134796480
3867290391 1850604667 2373275688 9368580005 2512220396
4410461172 7674424616 2056830456 8751873016 6724888454
7086280384 3765675779 1756290655 1908501947 4243903460
4855554232 1350824898 4487362918 1038108251 7385266248
6809917160 3554480339 3330518461 3737167273 5620869865
3162506124 2541539315 8975345848 3341431904 4710155955



6215069889 7416508373 3174508276 8873428398 4242838945
4498206757 8463986150 2984799024 6522832930 2277259650
2112225050 6053993649 9973564107 1012435256 2463130481
1837958737 3971572411 3544796353 0112357484 1881984662
2673982580 1010730215 4697036563 4341374304 3852056314
