795820608390963282620830936706323770793370528975534716173771738635978064002426
244448210294773392896629895175478975465079145845247618691862834443031063608662
251279775401800173647373796630594990068687576939904517784320974887535104405528
246436958061135014934014293973512105734179152861547966613023560518322225609101
030230730684693856970048894045116155492772029437986224167680586932209178902486
787482341944629510650508174593481415019087964439175109270543742252351897822491
512371871614131467282093307386121193373159737368122885218280428272860105926851
223412463388220916475660514471715326737384868499405301221698466093190332397253
717441312611129865670364282631114601047844155987307307953669638066420878535397
037434612346766646088543155000089919001676730138630820946218535933783656625758
454732714739488551614961114004346899681877831136200809871446003353897586259675
743750829353845811464521146707022192131540110258086477968054279265554575100934
619342862869970379278804437457352319318314435513739000945465920900161796450283
727586388033877246991162327235419077831277852287410343030415642346839298292476
159659394423331946341850529195490180739482965548325158279393018861990265346806
692787118775137014145218432598934057872019879834590560986872280396108309589565
722269656947489376758771171599138294545720829789204495143816278401431863343394
611057054747292927150151492087106859769175224170545854814523336623869381293382
259218371364395860041670903544018437775465982100580563377685690828945830874830
408538765145857823067942253184485708194093264581080930980894346051976567271578
722238209168937781099561205665975466816043057174471654341745460420343127960675
810044273782465330104671489501345700668606133906855556373852837468752993346569
667215296572474031313193587342098104457048783769597325252977289247225785295548
969395105518144058284213406303182280946485968760457957698112020130277358933508
662820904817139960639721818977158673346352691055443251577510276433739032841718
069254449470555668250823909038514596170949648850674114736866729027184173748799
577843535914789293545600593816694410050061110838018538996323115688582883485403
509773256372393461930179854870409338694217624537312224362182232666245197431181
186377545652424737298511737549019734487831722837516354392564504467743595574016
184718027109151794283888352418344181579300156619990470311544268662454659229635
187935572435990866987861193664231120162768123894163173470121498095892678616746
883105656571349952172225756392031558699038334559351668630188467690170473360157
005527101052451040021636097815441185231747735016843503204176234532948694688553
831476136085328592148397820562799518875893214075688196409145976848914707291472
427607701680101074012137929728413387039112551943138919291718452864204470156566
403869898904085046682456890861325353470025836036198692391010048565892660963030
279441376878119444343065092838111646020281651865612454085347447671067440914627
444934134714281134703711627274784755003636434377444991218075069908191246549314
379652745592277602542835821241579688255514213626819799942935221809444695342606
237588779495443916820618698480656860012873016285466847540065319836450462431815
096167790837968352472760735819175112682311511484160624547598946054249547790902
248994183404381867628458725550754193224930958704070106801873372064611336555407
263641206263642513641124526314882534976696307484918111978701712220703375337577
352433076099834375161354779722877740087542362794008374575359466728472177333500
384847937660328504613606067578523245184911020032118354756875270905041151205543
836029411355461099906959822855329963768516271469907488405723239918139184628041
144186975264458448664607129471716348828158935208565557476357706575128141328500
143777573843363035911017683071017166889229162984332632053570254955595830564559
170237343169391043316320768962649227890176492709087836357198362250850117738335
047038969769101352873492335826286622766603382803035953478679287237132490062105
017625537643755494793515841495676990279795874576881932902699804387773420512936
398418579608022425542127202324455065525064400163632019761405361459522969298969
942994120939077418377340866786862757521429952430615007003799897808489059893216
952937558052802727842487086746881854720511238448416197971090215465605091401697
823964703913729020178188957171282879803504980563155103382039704336544921639626
293997852596601195243219349596665939652709395437785061741920011781884201504625
103826968929746111257412997683949164108063288038359306035467949482103989507189
628483071472316704422802364075608363762105150513400092048829151054997272865806
940085406231030838146996715968277893505023852192593460963726605555281238652303
889939828218464947977465937201652559144933473358283242449235545592782828762691
118487746859424473583720509735833032636244984774067872936971127533385070564713
510604739320626014000262393925513766554020251711526768076241303952889997878866
485573159906796974346060643483104845507350504608642164840807904729351974187108
126957046822530513430940638084919154901176577820309618198311324813358670882429
400748907810871052478782855566243845710957129434599836638504213480752972808725
580908928890762658038100975724542448669193377841693943996926080461052840722876
949396201745220945637270224655391039429128753837998827618874369057900350177591
558045557295144791102686294020582706586487623744829211581956382110179620240687
116020716940877997072605250309091598823825796096497387932254768300687304514941
261359919714936141573642968612300548353940158369284443426907921203280600331201
400306014505904032199194128551342946242143494178176445679945766108900458089981
554313091329247763251586548360443113067906454351871295343040000265238560342580
660726025466286513827835392611334842020826926583137851695093386488808880078588
516093666643387824009548407968424645682407698025094184155809790205277345199906
646263130911774294796146711408011001338710943670737431971506554393549315360433
537383826109198623202270056619303667250709974633881375304255417821091280594034
902431650513508954851046480167444268554542457351558132379001074563887872244738
853512564683512695677168664625567790628119635309351504831082842358034474111238
065955513189187857834150234580398192525004956034945935016761766006063413065840
680908105800291651088920483909103857862366472864422704247352859031300712840287
053629011702085793849533442932800426202692438740310269882221315972645844754432
766356673477014475441661858465740430811778387533912672462018336617485276058871
941752953624522953204123100847471911813440356730538788075692642357889590913062
272564534193274948474774446417377172941241562517062422940239558124643907288856
209966947475142018734388074493962294335212335186067575120318258459049394156193
433657090489860071292174640791416339551984050332626439071838903467734132364262
664814477970159119473451942260262130584774697286600917814745731997352169112164
254715408083350462051167286155039475888200753548153894062410962853344655600948
971865035365846751835425851959692089980703012101528597475260537654449139211044
608574805780550140043190863259537288443941553761789905341552405808368886131108
557844183102844503903884324639300972867351923505527264558639311143726388356538
877208191198433096965647653795336995979935273992709705174951575074389993225387
797792048244487988256999809775561903094427957404978978002013747344335133268849
688585746806461698267350831516599649224829199642905698520511175212612469847757
201947296551714668055721381369206342156109315607365729716850979690662419565220
227007370599650924951540070869046798782638201420144315329399174243567066922650
433041153660631089603790615520322524461176965968607364283371947702227251858981
899408450698870770053127547053283761729722084008712105727278790701320128925481
110213183799722593522031515042935953591850622776914873115357190137299355662622
933921408745943833847292163100120244149059604188373197324712536991283445593343
396043485775259608584966726846731995723528785191338071820533613528962154122756
518946570768677288284294952399042356805762581900754377787943797727795935968432
889468674583518954738668888535148225369514362103822157187411827228417531452690
953091433098946743769877384272337914642509076436731934068683382971387498471947
671161995068014365918386362266031328312315990857888535564914703036598020493630
948087117551370616995732753539882275232741950751420578578957127306441427482442
894425284024635036645327146088683603715997126026962865154633754289213677392104
213409319357709559344394822245827959989840257868308867138349491278021615067014
264657467777933373147699772495646972787944197346581113332967276326159060661253
476045394061790402840234807070701799428734377250465092798820598505004631484645
278504443004282464088784648177365061862366382330101359419819430045359345663156
842881276353521050281851849179648152280419538612725124899177776716201419844547
581078379926101661218564429225269135954059971781709102180765256078279689411900
995698081374547715499120370233814594936462473903414511737782935182150672850979
076304788919761299875400648295296465935724734868843262970827877980251745457625
835817088433365003066531413036624144311779845365608813987874406131560367047148
262486973866330330126485321059943912746320171951744626999413933765570891966715
296645830807375980066410222949637115053217361535225325254420179234630954753667
077907696085605058270187485686689560518686371698456779129801893430045749591734
618927956792056847685067637497090890378283673778207004572629349843881107654775
751371183668130228454586041200949759178165650363101103256745611288367145298605
383003764654858426605724865886588797606449097467384304730274185324160352310142
030437850370971381045591857790052698717940072570401158050255731373527806636945
093442318871853973095866464690823191720259727491603903757117936912622238830576
332543292182027648592886274935145164080842791563498384785404317391148103655622
972589411212236471750492640163549078296160790036616773268906161828517584394565
998601689685432275214507403602061729238729399958769452383625956751437977427893
109898805307158611524186539239154113092346161731618384621826225964597278217280
768891474220810014777464719291970300273387427843532959605221285169157944184438
961178798241226033399751905496529255835447079817117933420355419604832866662273
654473525837473849542600952350395994449818225224265070567494268395486394611932
672384622934384767677944718344736628433080236851417172767763077234749822344241
882644212252357092531742021473944324000314728945289020775126654365042543669242
137900891121242309661763101387165934657315087669413270570879270859020761088673
478506095843251705213450335002897390023576807828426387855251407590915287858726
759791288252505097682413571985466755160139382250340632245439833488363725490072
735553499415765078229201942335306884276673130752916240532575957239175823955888
440829730346344653352055106507059712685228296954494522473882797037676367825493
867223982161231014398224851908034053110117482575782807753644675517433970630780
070463892530621481181570629681191589099513666988531871636251229581551456247693
690288327273081830449773248463722329915662662896290603101018994508235905342809
524756999826260220025658669043267051781898651096754099354461417395126003763953
825984598518137078273580174162209269668236265715746997504698990366701848381617
615941183000772872741691676612772268188615456468834347521214016219294705850639
498357997387619255133660874382625143185545435997345227885139717084924489031953
682105895256640782058948711596237917967430598858783510251244019338104478792784
496348062125047762522203800682651506258057067776372855745146703534279650897466
674897443247498966994658258161351178794155714776961577507289078952715195279842
013164706054694045093271329049419926818735244064453978718060154477718473545108
811942145295674483274725874009458982556331598141487800755993994019558608553785
834962540840887488986888162517082087057739792052573906620991020603681322556703
256796731801265907153784565101517259681598346130994036812352970678032126057136
907135012294006490761827529979197523180210070044046469987711388618341763972276
687668340957448093330603123739800407718394912922640886409681253364902735921556
513255519069514321748927250676676870239582864984014839715478963971486022497726
875739311657231782864407465254325637304884017082664939255988510173982119610763
494734874988562620819739280227162956397004125888294520425140069021075788091736
725560307873042301158286944925222130731865287494959911042639142499298119078075
683543466842829405566832252918844202395719882342860892127329729694435339963601
429819508337210640747666950895314428791237966877339914803538620076772547980277
457024119603390653315330426644840731108181956598274319229132355409251854256742
954321209298039059761670855312829132258922453239189501560371135638770396775526
843958739485928655682497126147070148311636407625505062002173710800208305367506
534634543243037505881824818898939392714026228518477776495304227948289845525407
289696233106494993421345920993196614868814556332627242110698830513641230668821
304825179859139585391384393461990356615119767531195588606684851522931830051924
371697881253965990633077970162927949483561345823808996505033987270111853295210
508189895751530650139226689121825130497161868795240348506361661433580430421202
998551019709978810405602847964279192945220757791677749930733622487157901654350
989294538691729334072796575210155749754924075032077396637107619382134433509844
189638995019973128812815221464198366698311823659509195293903507558664216085179
821486338710931745258514697041937805459313249254724650305210191143502631038634
805192883661223054434652444684615362495212901422385564300603244333746479239990
939774924375748257058423914092362913255497230466924272589625119414495800953336
925264552092678646963732113027078744415771851864601555115650701648731350991644
540576960188451947464766722495210384472780383711268548222838472252435338781876
729805805916191361838955943578229736057772352148984068603918619617242169879600
210978685302261045598803449314075237177173724738757764791268347005345917887964
098034945691167181757074031546758005626316553642982930021285124840879508741968
645582299757890851026012597686607332794293164845142701933515725401712195789793
947800891304924094442049404039709482138905155318980387000937544069007794020298
403677662187092740769898441275827184594680395348360109743590504736731418104064
925930105141463162352660885383633135229198368753987664754696589895300384162026
569752312854659502467747837668077898052928199134218920461345119214766846190916
480576307799365229378584743384892060229329366683144671200649344722129894214470
473002556751171499671544962011089760132894602597980333132458850922256106237157
175045143015851080544092629448402950945066637119566659698569988298707170240857
807091579404687791383095762335358011076211625529969461487179306616118093225376
446386922002198487502202461130078077257037695646285806078491301508831753353225
948848781139886989257178425558743454444751804880659082370188451857171039237954
688965023656565424060254481670539255990701920163931862188965768163861279836182
486043543256898795981791124906270370147844261757654086799568975980502960453798
950112452558818165045033501046579693002767512372546219475714804175836167354685
290126307841627576818903703599030717001182680249027207066787984017771653008719
661687676448359566211929328693277483515165660203648480005241700982775840232606
777407902161095274911309495113634049114501581034645610064827645953608569006414
586489108925702434339315558272309938907001845532849850241318227138739833938238
709319047574438601824608139826449870760807558582433754183845557388009380606122
905541807684668910122685560498487203884823400761470758140324558911541512909975
684142374123092780918659141358671222406013049303852574316210660806013320769583
593841689316969196290672088569774484653197576469831365643848008626972320408263
785893803682161989263409279809885437902634125881959978737337865772855335391927
285987715558689405096931593429682147892821583924997907067733600483604541375709
091188627371837258141680473006698594364391753481136815870431873532342597979216
013018231923987930536447510140890895575967486001835123921310217298870382254127
406575454336367616871472153827199961728187139205583472252975913288933179572637
702139965637384056944326554489692444283878282539879892670523514372473526207345
042664132996842686983028262149207420932068680594409677073727986132706171424457
115277492869424896766511432853913547197616317751420227187708832510415248185586
621135044202120390542431090616613137650943994536953019749943621540160924639576
161174137517762186953999087005968113802025046928238177425546609782064516931224
212129083307664103115623618434841873002038866906220909716519778608847799739130
984254364903231068220268653417501199652048958975230931542451506383371615377063
194677206585375563732844994863521843797374954797905329247426836738000281756919
639905763285121123301675275295668552796012609875641820510326203404455945960095
287790672324901601952012207614828807384244531187762742200663988108526230688196
573535506264265811798413901444610814495807443207314864851693984197781175795279
770375485301004895865340745578329663319571549812143254504404969871943994695999
052253929415936443799852474226344511338902765717059466914576230885232131183958
303509107911652253006569950685148226220607352171210447643171057834369305232498
313500836551058787839001405557408640564713261642391470182386224662829019391724
297780208199002122854709487668686623675611833561863395189317471283264459347504
338489446628990005682498711199949272797615502895629447265841872935228323125408
004464819013480595696381358632537469650576701646249408741927905474885427398228
326554875038062191384113734389612523055680102119276079640392881338919048590640
038023341683684156898245129757150965365106502979915636847150969351302835204491
914453083063780068981646543448942035706312974883844878625880160228817243031339
968533191342874756954210563721477683946381723770265020274248225416333079701455
009303993352762856316834414746913834500850813935845371448185632231462355706144
805475162387678156151422335775278433347309676145217926997018172914267293396601
254961025761854612453159176214066289134481036949703832545752886406843414036761
905797460036630404587403694338231692664393985908994300262622084781545224496580
779974859633168234424035099786843652652382646052967419618023791760920676258913
292412695916285445468554302857260699690662260191930200739441138013852112389357
257516882951271694266536420346702599081460772212023040255611428620753158136922
769799259163889365445640857953755732332050972221789700992945565141416513065720
131426919361580794819410189988764815068512895875344890818843262531585814518519
273554334501857834006309888713945940232594482233154383873296329025698968291699
596915270788600282041978726480262715212766934616802851688061435109152303767155
014047589895639312931651946471492881568741319215148700113341972043029752826181
012848448991572027206677315919591583844206479427095990242488025317592845758290
017190866819677940556228130573166729289682446351524067005602488432921186328209
799640572455843295471721645076656327963680578013721890386680019638931368605754
413148929293839584834056860396635366347641982222582274405660401028106796333169
078072970153987757023149383914586360347034544135739492880067000854765152823868
240914143560136783428164661342130888851079829109223578552266978000222269440052
395718258449873089404415910616581663742933369471806865536790644820407365679424
320391424489890284525390684733591218944170483568754082173943414973855056012566
818059174120679659833231522827300956580244980153971520357063471876454465232406
773260261095785320858718962318707627821879680357866531959667122335289080278651
656237634056773440784888077692700413675910055035612672986384643627854693012813
882111972497495424139343085130101443023850961523285248822030826414477970868165
428144396120426663333897491680574524051367980330374550592884510404037824252010
627602688263885354015663394008817732440193277860316493819243687290323583743980
755168296327078141283187670265709298521836881523268636029359890103441250428154
436560520194835470588309655756833731026245749570995667717728972676342618548367
593768824974253450820254749500245224425212459815054941261506166821690525120943
035355300904341019584494455028996238107326034508377374604747161637009877878168
910243818705709180103055328169366544138483814893703687356369785033336644977299
470284358532733489432134846103284151630633191670661148063909658482958084159068
523623896115729699417609023140882513317403949483365416246008478314505577339620
938515938436666255349762999754400525488342688855866377228233312065078938142451
290803586609777882873009280054148554896728724647727171769129684996805261678179
462555300998904517073400893102111916631121783995627814218003554771656392050885
164152655676784976822325464407016855999306650203115773200355281565129988191200
714058350406719050497914943015647178514866567990319577819239747739276749443202
345312051192112728186482244293600960741733366481458384165894398745749008370885
100492401082779067878670165773548612054163260898249507653732991932070870882970
251391656337008562528638749871538208080813903830436691368283014852198463141357
980357320024969232147182660877340598300996067774139001810232446666896001006310
093079156429239004963935056122506886842617124221218773497397286231337006346833
587166643474511569233019402346730747483524057794495140390273769134758207790879
731247534536933886049400262117333996618523404719351724875711032247265249899450
095161245778521728374550019011324506824775267247925607558620918808428212314590
987386583463159613489695284398894659452779103336196588220904934481637293302938
817513895255232480138238507021301536074410176887236126717357342868977623576165
901534823193807516500545628348412368585932478946160426033727220001551850229844
323022307872960181808046924626132177138255728773589615276296854124329039808021
368578916273011209712059600363418203229500113013033772443128555829455240608406
705659660024501072760620143433882532530652493719973171974429511007274704642033
708602779155620010970586683137332782760370600235889754406064730265069471353791
988372334929434831265343477549655125436661715363273320748868121602569823796679
227033030935256019530006994866947372101392640902903153411719000150161791628503
963949547431553097127566597623507943665827912946659087388736264595215950048525
191588542402800339751339800991239678133136984103142894034892321893272642494014
607465054248897377362841934231802177359519799007282546887203479651524103115661
846296024585981512380366683506038071537328205836957963199111301684583527326497
773179069705194603036195041155418287550901177380870238808341381095879408748590
088388852591075239080940650095523380424345664177419042061868149826496269861943
244615487229449132033048912129156981660568041098002384872998012117867641296959
151688176092480281011317372526260047658982797911222742203026138800062358642542
480355155061577619932536646918101876289067923800217779666349185198068809787578
051138869464604824534751990688359098587087809428524886940595755644145180442877
445757387580035671993954228567315514551013650705555527918241221147656506282634
803271307303281754991648031818893562812818541729268642985933594227793621213458
307813480775233019084943429696182915119831524947322951871019473946731715846140
091988518598025011980250670169589934823504054360551873242976916649260372089279
098989570979643567213144323110651217512328556421008235823432691461737920554473
495138877184103538962289500541717192343973384000015012047500649530520691756996
705596501898911255445652923373862788026245065060635322199304324943596232321813
492607561563214572890024187071596383541577104080890709896847955130779476989599
756870901872487773670869244025896964115104609063871717733825110113224320576092
506338774852009213046516976930771377308583764785926933757696495327321838551344
858608706045115963862445508750575316607858287881706903771657119998710469853589
466931533275151784358737333057571462315087057816907683167182278780144575263684
903843925685383923211502729010716760228894246853007286907100967284633632046575
793752523889080208723725478049045338543595841500155571743823815639948447027271
239465795812293838281297551709530030375728989793272159839645629730531991077825
279305277552684281789000338645955550450984690356238235475384685849919252640050
078687482484744326202050308778540026361405373301677868445918470378329540808816
735310945649108278634552848889002311631973582933948119206932091602493695994291
296348942182840464315172051997223020398828356244275515756065754423012401752322
697187443954788095753781176036661260510619370772794029416228772836806117290342
500872281725597180468240983815354634102785572954668281637314669637518501296401
711135269068688848048339327068849374853474844173847060959436657320776419937177
432502654000474732264355531814909594810237736672833850526242161911401633349280
197454466077593195770746760004075056940878460852420241340501402549886587760843
892657598776615053731398643047900368367038771701816174512956397043226745235969
064560616433558390797531269717686617719461299799418906221438883804945355055172
635448312562392755559665613123565329689426376603649242494812978124008714875750
625852906809939003704683946304684632498438409977688804874165994879279852300590
551994645310554885631837025791190820333275583292672788127509865096996103946764
519572407197246287300768443504730155771853874991350584372599469704424297412172
188185900131803512676073589431599050342910180665256986077009938872417560444197
409947056735753370267450095725610634712342725849419842481401673487096351614476
790254769404905149332557797955967313767440368144604528402171624574138181568072
548819828779862081259245464564396230340513076160201207560241592393799360651351
738895112114144612523023952366445417224259825948989929498334859662931308935496
755338199763287885483542206322943286202606078595664486914165052798351066608834
518232728398337131240853612722057826784631295179435412793300234514884276211253
482199902485560050365605750444922273070691627810781768572447580935746183327578
603397343637718794818292835815237696750323967333865678180490826616113287903394
765796294315394058535086694678674237223916200517789927478672956254310968690132
737925139436121454930368334707641118801844552997125093621636891902652543509096
929597363409707805091907032789406374734442104411528524998482618789416181333307
881427538931740405178513146740065606416496986698207799003528651729037213380519
450852945317699983309738357197444524384882291005700012105408983794524721523078
325506946853880570976534874157159145591746378784022319971112906442608237475532
478946531226235529798766849993688178828914790098573299994808740356957760731135
377379328264945452259820671820903162572494231760453535704731737528885899480820
061130164584140945947731222563988363172169662924892695026866217527321905042288
583579676834335117282494503845230335827550179892748704068845769547420187503786
565394962495360897770768470033186637213153894946503302155569416979887136429586
984535939583654092371652907950277171219807775411110562176948646251347289770554
862780395981607032696667819822028317437775363430611065444146765395690850275922
644420694716299135111353269641156436179223430374843837362226890095717303408683
100502066520136847489123409870948059971847049246707092168871076980407480574377
555925212946969934962859568161378285404263943922589237974094314451222426346889
315896606096382950089676063037904192811728194070660659524219514089850818037495
322657002667659933655649788554480529392096902344888835114592013451045477636733
294592337475950888088968249766734449316211852287196326279128708815142338008646
893347226865450781372110531305152727510538236647344207746709381642915524593599
156772903142245494763969550183595148472010009572053674319169081309110012830011
683797937738324736406735786519110739535630011669447588937081520439538935644895
912400833166944263298544548220658583841842050906072249142412283254563223595996
865839694091360955625326899228186733664491168670076909547900454170654380009739
245093604750576446153877271569613143596213233479435817833289809986714583338700
869523015195533199498857167568414503151837389484467828739321753587474538916654
556986300707143486467989089434438318278514836521379811634319006956311179772534
985688970805278677565837024824741408250943136414335995986344153065254992123620
947829808259290726009908987997434948045201121028898444069058599792354821589385
077093877795898633671501610832225513477290838822029396541329882400138762737150
776987849082295322087686539848149537458189414586982120947729892617978539305264
201419289087328379922387685933949287922665554713674145742122029839879233112875
997117623119984654519778517661784277516132271636076489284608523770592665835395
483637150856054256037455276027075621070694421206195585189057981850998692188363
200389062408621675505244829480840794302430956375415076626798398101169505327723
741822139646132955764995229742146598662254427205941728482438309462216785614146
178041975756266848065904918318421782192057332318457882343704980032757366580582
187197516627165558194435266203934227307691133095059314595267246688862057642672
062800031244132466523465621052370095161412978921086499141331196820665057476882
775943207605069794986989553377056234944951315966957517180485132238866116078654
755671943029781018228104486277498401336777492875644755261491549324035419771915
507247824525407310138073364122064367763903450812142712236711894317296936272332
489327031013262992510232058541655014477682413912127822460811925587583575346783
612295751607719037331013964965415113453288143152343317920694955496345914866860
857687171169268754458417406859280309062218671537185823675950789203589693501467
331785018568662745650061836103220529307849269951555900828512209403442466197242
875590785397088535940154628067263520987468004633418393373396985405848272030742
223547787976838988581398334639887139902976882979244409024278104653921850329473
527436337848151675035818232373296300806311053013078147888442582813695009632597
320455132363150524024236183895403133311387967741607247894688704149687637641703
056636154577765901109672610165960350785426902421049988968237364570775637932636
675374047725749578210405891682442399996114500224236977689908335192624607676635
734284256773561653988391497968648052705231897881582464691650414623402018852470
538266380884492606684697411817457680553589835911725793988409244094609371400838
776791613797924525305757780825812180475224207176031732023365746317943674042379
328021061415470770787552429505898465302644070860100832585038001800524233876988
710613173579824080421729927055050397785450969459126838741679249909239764770785
249926162400382538848009146757621316463483587977240156644728003089104742321605
793578148893434154754983542689921682206491591258605695962738717299863858356772
112006707472364098636914293644408410549360491191868804869591266630698299709618
618858359938415614606425799731828525112955882623641659702739143991419904628564
725082654199739546291524919236842987134381884255878851498377381604505190996803
019819700484530494747878410786658332988546264647098513152217154149196208453846
749516574705399778698080172535054425916964024265298088647470422528663596917578
195802814845929879484067870339107590329403426094761065567709882735322997223669
764374683637375102724236183974094579446655755950889539728920533438814484291475
639130016839767063598904416675055355512405752891304984826377496491031995858727
290893875375561288167620869137326468342162833146429513843619448759802431552216
881010923707227168292099265376607842421353768156279208089245568815994683250073
163724163176642880213667872728919949613459105584138820302152740488020734962295
536015024191293370805109214508888443919253651267322692694127670525169820717552
838593326146540864441822043457755736257327206131500516972090066271475019038783
618177487904076182114898849691347895604624943261855851982471892512369682939846
590523806923972425175705433415404193350585147325252142270334397769965808650046
745025540416441303824141361887594617895065600030986507946111621217588773994744
190427973470647343033684866322476282618789721049911773184973258747107863204307
642018909583147749495953989917280379690893296511317589931837554541949160202051
076913932258274064740238356448102978213419195122452796319082771922262186682944
779305153003034016735612452977091023767608348458456321810458152254958717602779
576010618045920501342378416734889572817356605845872749660457844523358721207164
584423090497801779292422903243254315506455264703537881069195762146668979497991
071290625891291210448747078546767078312705687222135520877924817141038506194617
375456620270590983798553709146402739176043133941812582218367093637033023214343
639778965079999319224129248663203389222365540819532644839797575949151857034775
044546185777876103963293955557750384646807705796850862887375282040109715731785
190761404166685464281760960135414434595601334711210326938725543257283532175823
065943442568106231028977477248573464658054726304321446470210656661263475053647
604489814670377711214734271037698560088679999157529136427692976957661119263284
248519749851452215507533932658534365762197889016193662784383032871638457129936
478997396081558523211904738179084190869667985240258361536997734246920916930256
078100403896671546316362858452125812870378600570034913619947525018040204234723
476500468834513486561705933585109808217587395840926067400737460788847776653643
742026318783123906701611339094514258491546244331702484723783410427679022405032
234045702090758231892952817620592088263509208737732741899079118604576914388051
621554280263669755898985052881124662231154776319912218174035752105949831386442
931236755290677233355981279709716105622912829906947211985414467491095256110619
361626779529061695300044769161076339015779161232721841678560987017812889443078
364790943915045382674746788890038777246306425128619171751382054056345066285555
475695017541797952343110773267462785418170921216287817330281981194170923707591
940596236730434794830837860815396542642437013470731210257357802035208854989534
277362165835571513705604254279311800464877381056520327785426993345561033537887
910898361628061362678629262787352983604028628051676895847370571118953303748279
