25703900198475231988349660189955679784615874408169336781892820792892806323593948
20221443899096774847532643814163671150327857860191350791873580215480232620148557
47145738954436952379328415536110314372757857131510170176045329473182311809132962
34570789277033780173505270008925627108383088786620575488452373578567191356217938
39638641970166809566739424961338924689472946276454918931611446959750387617769331
45175333223677406931375087373913803951569876074011200439591240256927663901194090
96890855598418833831047965577859387129048690181854812954495249910395866516333542
83677583845573390871952445286205401386764085793427935667471818544179500163422434
13145768745625949588950663880182001903424597273046733103481013963415049233524093
15676068984689857464501696069626639365961258992867266428576557799909474992700931
82164579045963647973677939317283816281898858556139580177950854279124048508034956
98097911434639723503553251071145636829320755253276288695894993027311023290304266
51706444103709533708053752507452249300854970056101282168873692014327149791031547
28868711181447337919494979580997871550367873738460419612770831319345956900304947
56317592356279205037163140644024106198106647109647516897929343145663348174631906
62780987698501548420102463769520715486840339043151932089342509234122656306849311
38332667857643932008705571342917297464388135995207164594599118343752478664474744
49834746656473264371991032614302430473430267170661084165021196851783660078090557
57691091568907074146875890158380399306788507161574689007520540476263640263868855
67859509956152805613850698978488239603904163581650545340406252114344444073543655
65948141105444161450657754418362456901990601766666037154382642629900753390354384
98849833367805682679420074094973972415473692172759974167916240827504369917473662
48656965271584742295866214242116694563175906659106969891257566333371292278535194
09134017088098421195211777380542035106268147178695113639714110399137042669517634
40059876103923144358020950444053697139083030965730560297499221664520016990057713
10362095123189098488133845368115678657696937511194399862014571815529402514096249
99853373277567264685075794110593299355751209160840555129279610610436395318280254
40175697691024942860175775735952206378774624464570170059905459963099731233037294
59784135449938334769350028564246765122416109116141363732247518096602377684410959
38595247626491260549657960292967989943455542442649117927426782455676481785381962
30469446335370938029246835918381184461069790572804268137569684331237204781777589
39148407885161657051263336413772066885923201354845005008509736434218599605809450
78178796471325909330166169317786727721468770214029494809246031655260895126512548
54565165087571708141942658024966778438462271263896302035182406008560783081855068
07528890032134077587241094336391586638291395078509225890693941106234778143270896
33469086364574541160470744851770803087949314485142776934561661296336975561631831
67282631070735060470423676452414629410088748776530888621674118355395313315262344
12572303251043539822800416565515357025048689686907178116005018717612404053306259
86397863999919483827754993256937525042990238072298589275807458306408610655256253
65927232748817260932592216621966295575602439256437051868873222070704926803765503
93746179140831965935269757599828103319530523957307626140378083278170736020152345
75774838039893545874561117385194044996960016915973651333812585677873982011994541
93322063774297320704757527796052362005328799914823662758141876687011280480025648
77555118456426794881394125678733820659524424114251861203250697654933179045054900
92700443900902087762470115420768308710317851468191040093705599975816249924926393
37444608344556134635971731825862878303559107936751131681531942538236535680852441
70518283732692850966466521415988104651010396651862819985791376576194970907320222
01073640662930305819400676477475268205530098460840163061231757412687564380489354
14019825742786741408499562168811023074836368269051020580962577164926841060925446
04474555603902725553114856128417595249829251799863529139443377963463756016072644
97630771488603864589212866215510075558245998782932384156005895267197638641921109
58698780284429038967524245893330406721451101835472204725341087535501252672446307
62561765083031394012695218853336188684557100792856995406578233337070252989878970
45872723213832362995160744029075861588026137238226359673653013492572863660096436
64385964487702963564313384832096344163439160774743688511320846271036611515673526
26034366880973529534934472093199348030107693450496908356772703640132257406492000
81376332937231655774306802590645583133677385114973875793632652885661919543310735
58169504575840628678158074247724462783528286046665324423483115032279821096495301
38272050742910391723713139048050361932613348598849976325419539373111149585847125
73289465310656580265087903032148703679141033968457116762045274757640286950900898
37770301558184309991713409639168198963759438181080260144831827348511496107083716
86866330937960562309289498909483121798291918824607821805420470027453849996308846
25447314552174375996654568145579144388110303738886072526371044239553160301038525
66415459273279718792575803005897945673475483886875686825167700082579129321429376
87218053182507646647798379419151550071784557947779740806066726639609424949604736
28124243234953794832525297993318321841123587764081861512142085854584537347570147
29116724032954183989172447238582966558316875372349585380364935408114085728469596
89474871912326330513343181025639668516748525570174263692648713235328121561768646
21605952777387247592009711573935284818209967457883894579115240645751815333618621
90104674221578002077868557262883612816053541630520360134648992377801502892968027
48264491032658241231815699726827685602455698613803263989364378534415528198035307
29526291259577580084706756130253293874970010627997219922997208324606532044631819
81296578802041434608836494766814061520865392094942540044931773706891898298389474
93136488163298188518886284395846154965368752143058394224160973020562299673130021
32208567778186942058351675256366025012013569300311456441239302042258334691037603
51187980744201775372644211772741203709953300280834089338179620582327145603476694
14887461511900935714997153250331337225799393819850771737486480559557561374369084
47422470012996215237030318467525906969447928893826362941931523302316835913347288
34673551915641249441942275207681466763535256057095660631585461856175401557038326
70420888636120646524340158581019776963973648014571287288857172495571581917036207
41009379154010466352969163976711044911265239655077032303995796621552057509928495
56660051744931151060956266675700446977530116385998793504290450292627036690307806
36015239542614022905558130781569000967576382067417784776902233075428655847873765
13140649415691739803454699606331473344892198101487355908912961491844279737467415
13222762432443573758526411892910324857572329771326769809261026420381532184776457
45909916135955232011007380398942226052996294433208599681708945329759080648196986
77151871868050757075040927750944471110303989459557574891944581516332780448704250
71607601329503062511161451581149116064737823190719010002298374900033889187891972
59939332466678211044730087722196187538050981097879949471731426283720648460952863
61918008620641848322188515534073511457879550472294052549609565295909771415538492
97611733998235972325878324105443786285787664226498722187460235563003291259599267
23025474712291979975242682267938724938777109708415725041414731218194372053110855
93738724495716225169420775637954359831663306110809157080105050332033986229567546
51439503868994412354584183441264541417382466648651135821411133451473918901156022
37884209448507360345396332493579535956397109334486512287274292626487628816079572
36284720216736081668232555977086835038238197647706205087649578352620031735466034
04112440540407867320272858821823815110170444317742194955459724271985421279660428
30419799369253844126847395990810012026966504307262992767851562638151618079124922
48307665174714640568245530058754967306425957958593837263886709363674560979099802
06638634903466920751157247035510536852415536913766941970632826207839769483235295
02933051457802349891246442894918523600397210614224719220666950531844572041474182
51327088540864577479368535021746167881170124217548985466376436224959973461436119
71807637142938794717109975116440794316664018687660843704199631984959316714318636
77847616516767010931787497467427498094440655982312750663991155857101476116090587
11037484366564371180972171137426937650811041424591868342234656196132280757317273
23286615982617878387330715560324893962990634146137469700103213288575233193164306
34912149429128691627780853083609289078415857429197472268899062324344550421477480
66035849680637313090405182076174760050218311618861388262428018539005589046562155
77457120503922744556382452961149476544646090689714781677601708015213130026893249
15755290248833719019882876824819990407685344823618654281553638656996681929738044
50961255934963046272595688819733752978662483904688028808992527681832984820569811
12294765355715287567571036327848978857742885196733081253349458125289554203036884
30973361774223786980423048078506784432930930149621006346748483670634322684975800
85101087974250937189608497032054161952324292571504020386647093123468276850128957
49118387771760504792924867317198514096414399966169331620454941855338236559495289
86310512447251358063598940440751903520602887321487843822425952085478724730243751
27073387908355498274046073663969717198888759719529040423061508249544359491451958
74770373513520710479754204214710021903452623095099707896020052419592455886333694
08935321610600132308159887904971193218309585908081208229121604146216459662263613
11518486560918714798421386174404089268372883100798490591625746647847143894507640
37953598866715476287642796673137085667042893402791793002419964559312521049108768
74722006381955135577252232317615650771068421078746041633621871008339941178904681
06532198576813903336681862131457253257924390845227853698294849852390008707992224
07834404750769846928630120176131388357777012189573081233272295610397275121199763
94193400819538297036923163410460336857205110405912934369337393910561587427165947
76931693867545878872364048269699979598183855899289354630539280767475088531758519
90787924159026515950616558877804190791735973723839115122812725977711223544145965
94369035047912608980983717447489374354826780083706222534571262767783201719414569
59164915774478441716772013739355330591388949957440142116478284409390417622526545
41883934830852737855738837507107208348842089307228719735267181177563370098815501
59944909307702077283963920581667445815385796810347661904703675258166146424394893
36200791706843660950705490762376818597888252540282200686534078942991965272229846
30426769359483474410709030026890054643788645219637083167861874809470870498033683
64550214617728324255048077306395646452511785144651167246940145260120473611672294
23552049156405567577812584191018843335203863583769106718671141471562889137697260
07645768577324596143743030552605861103609432808650624706523585585423914265779204
16108655571045619845312297778287250739203630048523901962078497749253586401029244
54806681178495338971693904344230318796649832410711103000792012767989714454763050
35955669841828746516929215700860716757720795473664867798729270814516009658618690
55145151801777718500248195832245879103345636654243679798260829341933119156335025
14136293635296751283173452700256893403087197326515623094182937175095963526363544
68399118052543270480146465454603867290127893608001968724818765902339740514802312
17510887907111844546590105699277236811920889001342669007735725706357489510347882
21819388474071604833087873506581878431725132982112271220510257074456471189209347
62630849306603930285437555799607878254056799413285124158864051213080943986046104
02451872356212265211769080673247080434888264547790986773567175155460531052240200
36085345513609307048583809928376998254398968937690625747931267300834535339501251
22374030758638347600488745548289249168211359482218775678164065969507936963447384
34960873677837749080497503587320106314050129776467421452016982173157003052173638
40845322508441173926041514247370715647536276555955383939361916508961812191693061
13945770564066492480646477477304377612397094759299710827686020941610958890126411
92877273394561126582114176728139454203010690576370877438268800056867099540839015
67242191247237124776474513332444172181392499265969222753513669539598558911769696
08022136791398495994436048722715259402105206405198235733293554227765972766958024
02176734653040036703192241311044915018981829842908364515312948688566174276526590
67204225361947859402083314610620120150011533593667022860921977811492368237786475
06443513785835272415152274467601414813442964311994055172408028959124108954357746
04584646177710853578890853896783794061183069966371829824552592265144715814463758
97283322138634447138924612229662615435167628622777602840315052098546373548206258
60743552328288327243968821581178046672216154933864799694409438023292164894960795
82351191865699974341358913202094145632068879659502750838145374155966025496764032
56559131077053919778193501481147184271014615256023499750396294536267039788707720
61220852832668887324114144496780698346340789906699977581853561167943123342572239
11347457712399308986620781184582009025693055833225112642266591596772666747932469
65140321327366442011772301952417915292286281389564052640867703998595549137273585
77412943158564711851989331999680083703409804200466811883666339746387566307660751
21220908203408292046468839864929177968274409441206174446009723679715155962479390
81656572812424204261635390421715799619699665836168770081929304108663865224900359
15461705636058395649735196507776497688226286369215348413504792060440208039065138
56404414106229537090536779790002431697141669568751140983834269057778960428068776
82188966154431262113706360682990310466273745127019840648244164656486688511439574
37933430971903249894830241484050741452665949137886558535459784872829792567453156
31003873324803552340038859327912971812345324739187701998101285635147183663560931
47014578485183124721197058381669640001838059356938669157095336979366146394149131
59381526056308263508889568017215436912136085672029345570764757720295575499844678
97424479071938675804506903185362018203318240062223232035333011821437039253705546
75473394932683250121295008243768218202329413268530470969468649615863540123922683
39023757413251980241561232047986457356908311643772936165298610520112573632294773
76699941839478906420180013729605258732745292561942861178170743497744834721001622
64420112470210879490721145842560179595158261716807162017179079442161130128842463
99936651364533187361200915853735384739654529416015467404724082352761218432615956
85675179513428859564376025649313034607143905430927428850054358750860588858856624
51704239585813739117563954299346509483385582938621407315528498435684488811536850
76944252259606508276881965104682604255926148640221213081888765404064523043861160
89211643832178395217104165502546230533931724425946462265714445438627722605672149
62661856634387405362249179714560016755405394884229872096915533391959491886440574
60397555385313389908586466167144396469804991999490589671677434013277373949386328
02672259874985897859183683461734827440875851623999547508871549004034451923775470
12466391286382374820895070799855647875674999158054773945438148758879927714130720
74581909308859673649833702746117389469823316089271987910189604165370562908063198
61190883117219030897635017720351207019944842675784991384704059962984330431653354
83865945252139257945634617381649740310939548726559902343922591015445371770638076
76643614334992346981059871489341196948144015086578679409448346255885278839816749
56604423683120515222268445767459449587433510057175383094219898047890898622567319
47377674358309060897593222343924660800536938838815952228224056496943751711840587
08481408378547523215888524943122454626037837379307365998581551763900209506368558
67522953824547452113041742129718327975674350821406955894088670000966107865905371
61885192040483116513402414678204354183334786424773944579440140253178450875095652
00123883961272403892669768522000601081136018323760964918895332025962337209732343
06675085768151070438401442389472793828598472837143714067934652274001182005219055
75793256274032408524373600192621495772550563218710899504480012983646179363027727
37371723154788604486261489600892962521306227463859401528666867331146172472515175
26191122359471665513446456673045010892631688600292684031087862877513295883927311
31684575946608382011701419516411724277061732676947758919393339418432739346517226
84904699539241955413067926235804186009110142176573275607689978181568633037158243
49449384693977438544202505464033448039289458676763919111162424788503424055684104
39038112651983330502695312648037983619447809205710103187760634315367493057668743
82088784647467722135641571153429784476106651030779033905016405270656377529034382
45842568570978448370654389435100649398841676153367798598094495827330968592835723
77253265564583713549393911994081728204429507127662320770172288461639123961360245
37983759960440644654384985444588824574124444658480056617606576670104219553577365
29389492048772860225261321108848403047793997793411260379950202423604972599329753
12450064912102616046387808486318065804281842982970486965601223509937294001153946
76457300700184755329632565486339045996565015852398502306777879949233078332852522
71725571512158060729040369784569296201670280949197605349676895652175697984704657
92695381863712858678694228447550342994414860949767847917108794405578196226986592
03369197871551074536400754136403909827990954465716937271291656127803870420734859
01681271101214840403620409287448470794340332782794325935454279026453154219803164
15122678235116375739135875271073542302276819107581989578272523067230949878168624
01251705296972798331994029533644294704629810266555546864288536951120297607256943
39028266268947878503561034258651824821231251278459292451882852678437341948751123
49317647799673067177086851318498290879944458356683683998565754213020523049205353
35062032481821587906151946685286123723115082215575868844398376828130052681466217
89657268094668324516032034612281167949232613101490249420436542785279677712983048
28147827370471519004443409300129107660320645629996762460862567845451772265196857
58877062814442710889331049562257430522390072139785096717230237617377317129972521
72798931686931019523261177674931148647715103733034989651308479048323472906549450
17073492504012161932456200117484101911225100749888532965140288366302416398744250
25038795534367253737658777962846333095704959480265964098725843969795438085505621
10922354158286146661034297897199050650633286755871509505928969076998588402548762
23192988561785348264633867104501930909739374940648589620987039410888081650878649
33247629398769953446491650764491471537109828682342232439965915967243572716456209
65767115243591367154309849858630371963371102122484655529509485993214067581214506
53754356371339105975318236672724429465024371996823969416230696542768974974719970
37238552470368362832676091487773507997996795419553134244714299787570722817092268
02904815410599656185426304418730058107687709485826403625804221917134676526045494
34372868747600756127335281682442087667325058592666689003032007805587945574583411
58908167033528395423503855091923755475273589026204668188754455848344393340460139
47267103153202118516812163950228628632645251188610112144131230338202515765278706
89430589824067623734064498575317146313325506393551284650187232714077089814236196
47769107125540384297850797448647303415025605029032515539207930744343516514592053
07636767561431316587157877661765798409661695407055723692773159411696453313869140
59186153236887170671049135530522730210125936649781188084085158774388699602191534
55846310515961367820736618362177119787804866707185441879253742754869440266055028
82004924479086595860904581253592222605876857185745558962699513122039295478541250
44404159893680107722821176203625718909118865974076464847877877839499735100262647
43167893340019994275183656422623320886506177562912757862297227922462962531140404
46574929894574189866657923203209285311638093973760286268751545222065694113718123
25628503901757578279885078812885702429636311860841477040499032527417018666600118
49001873794747028390065635456973380465256416835852661076837700283278966759439507
45890958939807935985985162992366492966404928402234180313249512481136769306724869
97981172353278659644409196746916652653260758421366023361983946789281638248074666
42816616263225645260097553235980858202402370010336262021281950790975037298731339
69023607535129791392945253099119081820937291486097927368071101984777613054236577
50002311215695661437385753191223459481047060515041124978309374164246485082052192
88993659010957791025798530849675044210616252446781629773311694004282023984098589
81745064891456180316867400941924347257688668640912218026043365349457691952616548
64314026862080497837743868847871257790145269249327981327400917017976169920395127
65743652124105208634505422147503962887478405860611697802044735748812404736136776
75311851138714446489352850160992830856742581356447222629278030607350419093504030
09080624950298749666750384826154870680255242438995683698053236598459901049274460
87165399400220061809422439409136234820317194338910815315580221073191257553059327
26751628171796785076088513750240427667392518933959027214417836283076894337729336
94805109436738441699156478808157430938321282380880193737776895740143901509330137
66167964756718802126947195057796757345589528032808991164828074106494291231471593
80663551286496261495502779229009920014833551770130227518499011310989586726281564
14732007979789676815907235918478836453768603572734257713037353524739051432331525
65478913859841954288204463683195380741155120935225181320301586405005737580546440
45642672617263622975787337379171226477290386135084453843617176743247804925008734
25280442800772762870107192231625332640719382587941821794958276434592785571298421
82811756762431195624776133716393116756082584648250580027655853745842331461896115
78467477933421649748976212049811284710661413894834875624747053541010097077605740
89861646344805177284037798543409714542699818569060813723346078414319905804688565
31912967569930792903057689704341577660869946709777804427051438979207912453879170
68739729525473379646969585191085606888854644058590405434164569999253683348590843
68457327643790345686920111044970221337683866567963527807703113404262989065892216
20372797990991459616299079925576634428307976367385114245134185489698417834972613
83395383585008832870025366125302023925936031920096525475054186784181691062033574
28362896359253851517758906237699482248505117342067549384411183003518748425445389
12659976151689753254987855786249250463365974717269043979969160807481350239835915
48259163842268463234585892277135262050968717777825284225692815268867181272012262
74987022217271657710379234349184613301048232000897864648295340884948859553607774
62895271201318342869512198260852882120891869619838784396469617923251211822605595
21432757584424362347229095247963364499067652711833890223591850058772354215550473
04918258998235344572274922835061530546660032436984181399928867022269616849475704
15325184694120748234152010502933106918179481598320020773808732416261103787282703
71710092770139154934007314959512284901113764372659615441123272611052136857068836
43208240222829443170343760965179978207627046917029287425197932387115774131888291
21687282225821195994411347577497818499724416233270258068165357810980806396870955
86403570597632814734326901441136353802478328271413476539957100022756457748571894
76346416302701878920311317122382387483958652819001511415420932674256233848114401
22404288239201801162440388526239128816614799827746565696832108583076217857521445
56471081552410764315286180886628061222363651246128014022285508056088845245862327
87925140253503052875317549452540146023575866206987411931902336154654469683129500
68704891824460293857696748472034478296859267671725364691572095402096739334603802
07307883843054634042060707228710003897021366179232258829301550552099581092373433
82435771149770390864537030742696226646786203820747986515080959339779100632239972
18687927293523992102771879155227543819829944684159903891702673734812129229003441
52940352606760662955687127186581633271389006004764909314865398853926844160281877
83196400719498291553349726620583228485297636477488636385889463685738245190469579
27527655347954813382697643442177737376713239147487752111835140734676837883945425
38027226985090945428739147398834694648525335419627977531942109590795287186165484
08437854971065962279076095515711082410832649732246420518308259923227810797361595
10264778393613902288935712251811373617159233734225908001476354539619512159324613
72758535679818226065853774611743501271592350583435229981668690853777696568151383
49113834148267235787799140735301200689187650907455442718630824210668960715083441
31611726520267030592450221222419754610471865569393920559507905243290556323029230
06383953735002488621703231784620250716858438742717427227063731765150900102591829
04216675897689335801788108896977380492527637465465550378152932461419689697692059
34113548985636511889089391154133759781607161852641648450601426045033912105296442
97003428313500793160047326422449091968886680946419797549082701360977471554216155
52609577081743996949422529250919414912046643331091332295221969374948801251616764
63887856188334016554180615539125754620213751988800107293998012650979482672681075
44394256331487838420000964201040726160151687724496236199005462989825432622586263
63755526403000644513939199740955329923434251903774104504435412650819669596736865
26087999888187009297185975768374694980364342294962480380129115060173083576224260
17242718749681001669680673789919037162991166822395674411965336413638168017058186
32907691665632918820927209125392168092639670211386700482765452624253961424122662
13383442514906015987467088673689296430478223217661584755123502781880852631325571
10719402963669129066318919397471646940083857596458271991592702242215418142210888
70895066290033109166921848733617332556044833949573744436990468712539939003814112
61392844612048386921092053749035866772058231576451380567634414432981117018389477
31804258477574661925637256017021742187277972844802641010964670382042574305314347
68045355489225458067421490652318512104049237987880822294871017430841385457941421
59290259655595408579435718438286342633573113985888150288850024032069031941557843
48085773372600289501717746446910005431478228388101789956621105439770283550759369
12944622415084497959588115759858204270772080361422283295376543397594886676417560
35394485131091765597042880934501891654097880133471312071019425652510045995927195
89895238698450228760068480166341807651791188327517747288265214263491373988115442
23867857645797355827964217197685605248889576849274270986520071867339238392391573
74433812371522670084273442182568482043112746914392309254347187848812976650536695
98951671277352714246159525586353421529178840881763758462362818289460204178563798
27774234681243029470296951568197609331600838390204004534954053619512567362751697
47285951459226853861463238391200371407067365257575705173145193330557121041143456
83827624125929721365874237303393865109442338080120461270628122885164657234305312
30975853943623654299245611684045052612047013287406305270708842650460916822902380
71204457239306045352584604951626296938883474238608886433395390560011175029043804
57619693510582237010589053563136532097122688586008456830935225714741767123663665
39886286523594886972888191519593986479297936312615408822857558884446379860370869
17847849340717426578608818269224629648805704731478722765574539973720707760774694
10767037015509901392853829927151040375914977234249917138116708762771424959894879
83934892688260993741300348619870834170110187163815382678755571099002660936017971
64926639581031251231445063394161727117202181745497536298816753579587774142608658
87288754682854196823469362908160413621994340246116142786025513166167408197528791
07092072314612830526230940040891068981750531451655379692090210509890984364074826
74384691885180294054109077359043607595706530409229430539315321458435339196936723
04550063404086914656633814755912040968925144903612531309526927011526005914669373
64457838966020573301212979501716245904484056410828528366248580178626331031826626
86518526679511778853925330370371994076338024893090953948834476749237568197584572
88913145728431728167229929148953864494883159460009782426461804104020655695855448
09390605953232132946230696763126657652129374045338641846869134379157510254259949
90930462327719727746040266761448242812490061546098338488558268902120558951580503
38573561130734961273633109353048577249470675316583217985203901261308686268809513
01199609520536891765070015616191660083018062239323629555900495579392954527001441
36868256583315636967192330373860750504133171845670609924501029579564949109986912
81246527411857229008928198626617634192739860024805919575349881213783878289213293
10158524853156682156813591961096781930888789200883862044247058354690810375924155
07836985838020264010657319939703426185047423434249269173670266412233128763412675
41214499162581159796805916216947832867433234902092164952258604586071242742235819
29192345452111372672084325644518743215707514386144067910318477620491798345542808
08252015623489488739652773372755816077818929687823061978102656966524045859496059
61263306457874260152339832705726901752649233844861069279018922223450494173049748
12552405938598573644623769968531593857123212738146030244696363708640928451906383
81718484666085566881324761572594222244312691199051889526779599598200969518099769
60190856632995053503721488047653454406603658020171432151204854814889554214538112
26197407363706290691187409984234442483798498778642016603981374119677069191263678
24680195917885220103336628505800265082431468052257086954142065925167298406627735
75945586535109712054007321856227310739216446396234630136047109801166618751234998
44534844603585148668645656808928609637869124724638041067197779420031464080048385
75019930594006671959949231534727081773698205833189525048940741977898931220739688
19173937028323405793336116015148991354683776645395256377839275542302637734401075
40295008275428549081031609574806818820500953071570395008918379186830080106157724
37195726104286590012653612754699631778447151950770979879303351003959681932977931
97840411402664656460782513898409866457220674378401941294642799334460275591179362
02156578744122869034827343250278565851609725373939863005433108800851286032806494
15134316766235250951318472718367277841858246570946926454303586044342443916244596
42478236942494112329135194535970043589985825818668645683894997989404102395013949
84720813717668681966070027682215436127801568314264369168683151938086537644449957
83801028047659657934243588933911027948549432170322274540109021081785870396321358
41088970733917917618503514618904999515039129185379883825714979939389867259366876
68121434398872044373452835192451821718280846673058830412214108136437829801563126
43474455089133732102109353169780818616631288524864061655171436335716445431606808
20404394648521476560850842538211995619546410558129138869236101612863443250736263
17772228934753413943518227954005413131304665377215358367103413091989012246614335
42195308383838999215843777736994994849363036979997329572057023321642432375179457
95307352379036839391805525870452634523298085718801135766467531726494545899892293
40970824781912809899568565796332807614658444203417652593940334811630584772889692
79989003369558790220431279545394217778188132454016122307998441934304594134666710
24839704812236320326440317177967433307940563490489941254625407206048410720653792
74340187367238392965391948241068043612464624451009508937618051960172158478264567
74121341947865394925534046062629334911770553433058107951091072296466544679236534
03055635071360620150038008453082390943756377071343139771120080956310498862485323
95744746737653899466228014305051068187759742974326010189762895482714990045395292
05104099383167428986540340146457709078732055777914256413194805029580642647942647
52812229300910085163195484448438749811284897561360455123688831130605480554317755
35969866186410677333217834461763986388712613069734084775847772050287996777462100
01209906054795735146987610243627867800914723563948633958549974294424343018432617
62446664104565978196236696297771299009175653512561845256786952808717254536655472
76183297253067427104398063219771153848174529070058996516405914514742191656927473
73202800068027864153043777151188895645193623335054131848835201885270934534234424
25037534250234137980438682608850585649118008535124258635854451469317363212664129
54899889479016435732375128242240340674107852298739951847596450710628823829508695
31227554436313464929225671476098918997574030834257830134939780281217307129558183
01979277738505975421470871044034270311461858625067152418158043636936880243864772
82842743129090571487388663148318682169908110205034087144324138760624399284328292
72024002994011398044619372880434112916394522236855309614935849497956408398367568
25069150020580069181975424934060059165561901703555775462304302534207955008611486
16285382810222087597660260271250591293993494711654013991556050658513600590679786
83216958575566140120937814695919522280910042922481480937952677185691178971288519
27214548832727813885904290068598268692236679136635078707902302725283750162041626
87039972929106391695052393942943161963426496068450417657412972000751670206590162
56431019795837279320584976855891867122937159573742254348969723525660914387325468
23024279428722228444221205664981751648562072496905064229015069475632813457785906
59009778807532719465545272122674917468323316755688149088292431726530330842684529
04009324675420861422953122823237119185314171720952403546821790251327495952559619
86315673907654983057018550049451301199278291769644596690903076823244836014932412
81814879796778905589933068361688232525943383026358715700457732656281869714615451
08503740411262243973113671306690346374103619546017964803874911662176560888781726
26122053266201677323181521201927103342682793968161215024892489998633029481990799
00859938164975576713812828034222329136517613960608825691706086621699225184864140
72796691636038852702425110974397465076000009138025676860518862552857510751822071
14906474732417697798456190859295391263484409985964490681285002440069203220035340
90453344196253353357228680697341861479074912089144217821060435394530211741140472
10130412174574598255268273466049257672388547616505028366497790233968118685859753
09047085045998537978759012961590065067262731356963545517543083036374944690467814
34944379170783585751387954869093440985034359839532581139051431383482686034939099
94443617048773487087850396769551669451138231729334547963506211332107299590993635
66140626342835761709355003367619356039492482919749491564515570827698841640838605
34908359510910207665992448680916085908621417205569647104354764066562537631716154
77627405531459768926011840292712586867368029285171584055349777900656907286251721
