656033855650313286738438041867107011570808199995177093483283740850245381800882
128390378087213624325399131527091338602630351671189601143103211497843954232432
272614114827489235532220256769894920675217037072233016573585303498888808008633
792706192719356242860749723857926129925423007132749655929544723684642330310458
437189279463890916836225837550708967846807431571760166354313111046051827088821
345069778098349507540828880127179133544861371734450162489254675563738334278340
804105173489253131214676695157673187880099084007937225035463367669593057594224
598735589337931091242612322048779632220733975243461617528181848173536313873468
905823806582943195937251074440697497256919610767885700606454316469041084335062
873585767112115598416964568295494083020238865281719373285254592027551734042757
620340439335035796878477283458200150937948211535411655574332109335406323156036
233326467587874276211447542174620514514088352419255166047249162222039480050909
183899923961663842484207775163004885510345573122461707892089166145461227036519
569400229923830572469789481914524413474800257965295936332233560613854298460802
898247215264001332955864267058077011930462342610019739871116846545053102235054
403383105466137563436802922988514156989737004275824236192890391315254592411517
206472642466973145121096671631484043436127348395264848157518975482602089639850
199769067232760273380059958133335030456471410032480703371393806777843356142043
818818587043644572196318319953168963270593586263581285660931404028621245732454
507238480608022438580345803761476253535830877647601498935382248899484491744939
691588640335886664828458775390322207997258399053453264547039659433333677059208
569285381041947896522411973771358645081039406127079259463105039496501638354121
620076465312716131690317482427566355318269914790748375785467493245345964977342
639225446381934664352880996426378650310956285534451806415809179118099862648606
412235192832281101995253449242521871485040078904701959727490759738354346518102
208341072138393444663848140075319889908081557059917466567348956343885766427606
446417095721658916599553410282070481398163131351302368730869026941692888800655
931125815352659454269825449321237213556510827826595731673562678054548588860506
245612979188517235726556881416769371010792440354861465560971206745581430067998
594895630346442922401005021365763302696007982168417886660719729118859696064700
821246596179874788581568169969484193330757841058401966392030270576264348345852
394792425125908999779283523731660054043135902705086542024566671854159758080360
465986462369283333505518177374591267795788832221495802287141167625030079741420
234067889742983400320393296475357556305626889010075033478173848735991751982234
032222276574894672054539295283316134710220371053247001178177678111366473229111
964065925652809221331272001058481296550406875755991079157291088216125942267161
667214222937284380956450447084016466871067336298704642393937097779424285564449
007414965801910000334568198692877589909291823344718211924247144905629575429463
271380731263369823083034362005241682887639736391360675683759580210119112741582
564235328090037382611897531379881529683594040722880395012503046401818469805694
425405179870715356711611144370078884186823660347677615005076033725082901875688
646600273212361518335118059319895889994648425373795751081260759838772371866703
440520959618553987430929569280151824043510799123435482816896478654213570734048
750418953048240831571787343616561946969876924323314956351603054089426662544599
823318798992888852714900702748697499186201921596344581527235710180438828193690
896671231069125651239477112770833422593549513233397014735929623653248446996056
794277029290149394123626173662224282982172613744134731674953039333190429966873
622648858453684367284971153196823321138383500017232981357752156704558655543153
853727536273463945456846274746058742743206985408119918081494678266495574829226
456821309890323120736624290604356252318227173356188631076037472621840475774485
050362749424462042220282998073465264257977414594913691490752460385972364320172
294236834184366984903722473697230960427950573139355441100935272265270404922729
317211797689597034534260573473478350753330304895715077115125843022940903761814
727534213084857328349028350752211266381463078299630816741762286555389700317730
181648760444839750570820598408039161544559670598254610538229736509229897922603
867350906443159154475633615736763910901160764548705715725995911899964686748192
773651650687386372333997588935020337699353835442206156451927945764743519586168
263700993792051424003228224798079586889772933149089616865047033532241327703197
668344743407562459498265219905040135407537094651356556477384740447959283610266
876810676468358512437176197196583925280534843876243030746818684039054937354605
339316273458226716956927303428137749934847570912851574061019918045570744208595
837587652423440680731614138707208869072817636221682933793365967722995811661488
339392234970082974270838294612645215243101764016435114474898834315939227109083
686221414340629756812869864754945830648632803455473351584810540269125466233543
203737344691215690779962322945951685674649282123728273652565152004379635607699
278756881542425789283211359315954529579481808591831012719546141238454353175647
820851186432807644823115494052214167799914162814708705612450005225067751396483
342019661608130955798748688997400738265158403034074881570036265238980564421880
960055355965482347718202450324230333453338734409671888398130838062814677058719
241129352537680574244534893500853122677312903265274535346350790745622754688734
977893805735941867267764095971875758391399144188431436205155945389030040227150
162862016968800121444432718697831035293722800305693500560424388192534687037087
436651402356810896518758129900092935154877885202593717689256218806161680878502
366907562199609759871016500983721108977299762943450011212901441997423069800100
619741555273697608871690639043159056906519077715151756748464543426742731903185
500584090587650506940123000501955134195325010702262505268482561629753396693491
886025622582639020976385891265386487902146182375493889591483743469221337649860
238821243447459490890939195476954885564788654928175092642307397342584072349147
141172759961000698901767560868476414189341064689014306107532768996419426643253
910202955405318777421843342160554091414746116741286206719063181860954707662838
288771047191491819809238557848373880901421301245453527296258574655429879879062
123808337605965893797350470663143112842781860026170451805347950878805555265708
541999735307164558234682652570088751776144237561021494090529121848579231866200
552860340642982438160621191668586918254960688070064518869735339823536525946717
113184746023438363983113511229293824088439823042994132015194807651144954913278
538788744069910475336965200920009918860841246413486083448961904194527278332745
948030450031079575525868569795551997060371589826904415049266284654972608761886
148484165726963816601710057090600896640056577421108964036713365977044929977991
580750499244694148353777595986016111258378866385274631761393139382579056498672
443944637739574114959016126082037132314784352891400729276999952944905652827915
778713381549433700147509752542841868123762693993770803553214495531710540559702
886212446489642010959339541024526305954601809079272883461778022357517913144768
372786057858452747543924017219357960448659669480462351233517858834448693812386
912016123485037403447344060671637311791857403924077088181657268056345945795687
177593926189703791909642901150947861187262346922122006965467990731056818390389
741151918990102937638825054017958423266039565394672305317824503154657983756746
237419606313810083783586256725987343105464869483779263181799194721764076036583
121102637154513285076353190826134131989289637269854474754553335876140130670308
229782709942255578901258023777962396504560249098089156568821705489295175684528
681945293134229266484754555361260941390001990270331240467787853684650853246011
303383485350231167422792535125453024007556572685075386758836876275447528893407
060924471389170134590251895577369929954937175004127152991577169978905173466240
311443149484278212310917272372629298911717003294701438644831190836350735168918
120139865454175777103754955201403848398247815860632323732888636499756636617433
036854376274096986890984360951517966530862525656064505087055356613074836653834
207330243128932013418237333267092257231559775993804414343491367607804922488064
208173271995544148198545160055235400142005558172823015746186844280535223130931
100528223546059476056952485840904099738497325193586523993264442361630463460580
174251399078664316676664550411584493165164252465541348971581752304079108549587
721583996804346745156286175631404538754628371063863279936788927246293803653880
562158016189060826358118724633158904034515269985406813004060443239295189666315
809622146956667916248346494603211358313167734593066865970482047602161188223467
202633220619922423084121884163134437126927388904060916037388264510839646695608
045777349509148543258153113610319241092127688736937220748592737700740015435130
378365250350726046274428454012295629360464150319787180448170418201170107723672
848095245132370677985584531855604355929147193345184341754195081788903741824159
264778127593787193583336244598441104061763438391719243801572413803493806030614
559002928428376093274548795383616054338714548151929385121799409937026567819444
225660614586000315808963207808944776861198654659491748809313730415035413159266
394787811062930616557570877410690969114027644661044885111812802328205131131181
313505214571554929861617448609589568611530806178817787098425125240340689287912
368804804839764143148865451124422425786144425503204588835507248748659111504935
905680150001756562389720983106470029114196896459905714370053615909515966993656
952729021255308144746538965227199535187085504143450286987239847417508897775200
670184039983737085886394464676606479421045136412767129260087407061338475276653
799144138959213612474809491008915597471154447421283161236283058403617246490180
002781017396041808932841511340966224312464384367292667699996772723026758424155
477275372167175069112883366980204963666409368310757424544865488822362674376547
944002395055216185711179764843368336932403997461119717486776918107773604486148
870050415737740463815220439013114602632912360596216690196678867727515468405574
263551803778932117873840955935281700006217694027920999515211025512015609651025
261167180212758568820322977021844221098525541384146266194831321133920417321854
948346895197258798751173212593861999165748623114302022140648172086501111184259
935302521311141021104715729965287116226689264141092802452168575737361974556546
852060123621692338649691493365268874277085907550831371162477359708865961701350
743677625666791193466990485026916383237296053992763487249605361908764294330102
567741696761772734441150774201775378176669392962464032451103152564289866615155
261655188456899390324073609186809514646238715805496891738449069888942441593727
105895619218761517788275991693830761578439828623881412710062653212416723804135
562225612746083795305714532934227048149774563208778463777536975114314559321457
265510348514561176307595166699613285743926221694117132324152592228660047492923
952662659066424955200840232653208812779559696633498474985814678627069142651763
412298468620759608522017933726876940154541734420847772132675776520679900035164
933446366552460534731966809711096931823639465617557347656498993106512185481020
532298036317187727913776606255491963633071245315098988492222080195849775269566
957462224468582872838898047737803013162258386588867215742120672422562109844620
337110923490736904383787148519774261327047362216033838887519701945846040712575
164852524743371937267434381716467255807193786539557923432558537035194031319131
993483767399125733661019603294285710504261463415697338844113025724776878655396
471497258295618850514600191643815359192192179666052688082358194024569648684411
543882068418658685590517034630263719718045673475645155021114639534055782031648
118461685763375202919553621747833404470239175220934186831446289652510060485744
828153681999336785686886883452053248044602654753989187024325413217679407546305
563746536735255740143111183783895363528431283879332767028518329584322011412270
707623510489126355008128132734457353752814396733842725606180842425010127142379
298508440896275019209324332034967582822135504985874533913104818871271915686098
603882755067386153629747341375290697923444688940221522993777831661745767197946
444357218458230458012601347510942735364869757969002641265409061673907406120572
379344659747360647969868887790280421783522049268584827527367385359697880480701
646083357779679182023353890733614581216623030978007793309883893611318910775307
777392436885300294959789734948621203587570883675511126237770681195303327478826
282497058789584203253240719283627112072815818584198379395279295264485868405798
090870802797733109840508377538032844437913316669404915201326369854601186732680
180143014081698652397252023632955818745581662031278640411396096643977786713111
257382153339026326007703092129020090695353020339502979963106599897431648368630
616140195792705142210209029919890524129144454279681661995165319535600037469692
455775218713799637722590979651126136140220528000232703164585588772298360957389
768434737504146926597456083337709759557758434546774912487093702089405836094846
459100050247140616952733392478095573085405255300808505114604735376548117295580
913215079129468884670769917329918438141768732776563634964930786976912178402489
245246819911862146359807695621161642619331121235331639349420120793681066273218
651170952059447346022384488957931162021901604646877086787250860454771583592342
541187343132630565747138994246317004206980001828183133196102763961224490698242
897881039235733594033358491170789366010919991243655467299128698859517262934657
653337984834744158527500430436740944693225217563695281033397211967561080384910
675525218692623044118846042683698838536725959920862473035231786246486538630258
857481809773349738759365819815206863539510878529080469409869836251606157503774
816879763548133946420180104279022491888612146916875584670233069215969395335750
863810232460925137060000289260739443981910646517021743926337762977661316257855
284144152164847486715078070953776250637591129006167550092156500080916867857311
438693769969859901997628939838423669948854529910118359763773046729984062040938
583588961676043976660501151039051871694295166326979266376354143413355925377119
784381292866837974973694599365896717803226082836823957099525353569183689864607
555840053982327870886646187244454338829125403711180787565533608085538473612056
316779476402261009293404828963732545963940079043334416852129577618603054191049
152856179684616196191022848527213160978902788936051749068216646183893946037270
765186559397254364717037269221195838114223828551920521164795316644749523951713
459378821427917511213891434180752089572179971923768639747177657112215187168880
953219452516142887221347710065684345649869922864524564507013782462719414089251
537529278025214986798005705957725937437181206349967295037687742398436330136050
932834176836893019623054763794861108277460888269440145688159310370081220759727
109965200273910080512032106450254410496477525960814608775894256434504229318755
109282221212631573656608583897926262161659880083692889766257871812384911975158
702765280271818793765655914257575487829792332287839564271111991168958001789943
771484807762599078555100622930710922340511608764734383751694450158099912536018
781386207526285013401942168665451660189375394241923260885808557203578039815863
837567666847011255459864606599319536223112575731256941066319612596243173585569
505567117476403727022813929176431688097588644552754643210005819899220785700906
101190378624316539922892642741571233663388815906898178498583154268411011191451
248178577222335116415496742055612697588831627579737699371822992897588069776473
842211134201821963024298431254099923393659108904308874816644106834729851190903
156056802651882076136584802881074220775813023911482717233221819612076239263001
879865211550650271131971842847950746235455360223732740440437799900464808951572
708899610766265929515255643775081359090346462174731009702165692250106063685961
831703369336812985750318650445572324382449023990683200807669399338137439411601
667178909482514344310111177966284822228414881791400777219006202059078941263781
952911792978200776024018326178141344321662083478509278672014660277308593021393
841383076282193618431538006399758772598506147897030539391719279025145020403703
753778942121521295997637467891371726487131078809513148079343977666410068839358
942639222859563046669980707360519834287094517460478352020641661131424459148865
529020220226035660291085332653287849424773037002037578100828050298284628517867
769445546455507474226488324072312835955249262228231427542723635389199667288852
913422512293669232509325624063592868527899033720866081902571836748035372289021
042730457477901274179032227825749786181165347055684946363702650729293991769803
698083941351569976018957858737991912451616125203977708322779964232223373943691
527806853549079821314978763277014536230716854762383978338820250328310117281796
729092184456318190255534535425615255194234650283094773380362904778277303354092
576469185758522386162711329274701845752951477768344596317282428517261286222890
167912427929175741840576381296673677516672911379643175097616334235785762252730
416730939089606196903882694638438219097264721959459542114367666271890053986409
349634216855009969696569343634012744619777130699055528206251931168731833068007
276443210564631369174363480128511832256726847172357411306541229945260833575619
141342612280385861770128426154289748232577758821825571555679881555785916304151
753056718921205092090245116934155955053896373641202465268402995933093488374388
705329093443172079422033468116985876361354485095356010945920853239393530370765
978439392190443514088647503192535279077733561966031332613225400379191409610112
942586831194672116360453574994773653628537354134469060909554264455148903258025
425543230362444261890325068868028383204131895239173168434104115079891282353310
243795759525560252587366672884675040491583302443684984617944276610668679785334
966817792018527699711417839334605049121283284518199026992621127477810629470614
959302858468145578104469283657751289739226581205299633724068356091839550047765
580850592790459992908315393970396682634180760958433415732174755841013735713779
274415684401782845071742500720628816082400203131752479890857064837335918167547
241750092659252262466615505021206825122899284662771991900584957477750140654394
978085725801838030223034831310302964926832056866574815104378556432835355881966
132897408747307819461942651301960150912176994908677595117179310228758948670872
211553010771721572429261353581294178996763667129924547593859090752037834523373
948980290642278053118109084110976112230847487707137592682088296779556570684635
589906644402062848032020633296461852759480617190201992373102430694818438436798
829949663141629884004997251596532489473669883203780265441156706922646874125543
281518501393046655545099205584468169209434708729547054448584813246314501096318
314109556074737318157875849998988826076011834399715950039466442434543678892842
670116042252660470303203258745612639318010254394288829741312693647498182406106
534268172816971472272106076284853159686272984673882914392285948844714808528894
230623591825081409666131491468738046838247297397158535683769822920150290359301
848413388140789794701271066080654390214399604254395652334890007919608641445056
999605675050967600161396239002817339959718024520740129464895393271634680098965
685205900109758042362953141241342445662385395857445792712779625644476208602884
947060501968765526345529994440797724121460482127510272738427473487882176671671
279480624354327736948284717737062701690919953968564221578600017842332936726988
072405829316574309983411568729562936224635590241387947153546443016660525812319
369495557536050640392564935505542144550524681972672819752254899049164240610948
987106144545789812328460899984731611810482609161262182078622835386502327434467
319305696259357485302419041134909406830118388081784326479630755293936698697791
333824656387655973073337444160342028006255759734009714636272484762592583021337
172358013177618965010660899219003807399275428649051078101940281300636284563399
938839479356207326508642140360501672884590829859767263907408709563106732751835
892204379730010383418877339304969384179014063213935908583920433656934551762734
893202692175212046402142280308289541316423516911500544958411243995531201294891
688080871835909569079487286706381726575518934273379284240300863701825033246469
290123938690140222436524038549569911927482945362432287253858390206437630284081
717877089192278701251411462626337311886293029773324957725963309766602245495435
805991676691675500302865154928247442127076000377864110920864604136326083118837
360563788363080572470012936275526988742460373118031166973278564580651289772350
503895216013024210497730317125444417438075896346908474677665450952988915511855
952161652302976967330499079653377902463929371787265483625121270920222653382940
390124842060069396630651147104840540164937309714612913218045966400403054102586
603223599418996491484120534215339782967760522806632764032740172473421450054597
240742012942828971927194897526704008131670361588229091349772456805698486273607
996475461794613631296611704862790731083487455926077257726013080304079811337357
386986868131951698382617015307456747446085248829862232419280575405963362601368
826267139853358177433309788028981600668191011040488819349965043457838504623026
606938734596289323832685197098117818272639125440641937637967844523095713777669
486087910053542711018008545931450228181211630563861278529211073372812236214923
828472549317174841673415175495154277511793101115343250044971662287239946313111
085360877419705609051630951577492334667774047712773358540062794888413733304071
842136762126993095653338088784988132746080179462561958773645468614732127757583
601069582318897850953470755980536951330331129374649073772058257897303972342787
465703302219410117444502058000280339033709758318981092239812569872695638222883
528960555702800381685299061033656154339873985811104805811337586398076265782842
613390225509611941411100795266496527777137114439996275761261761512557898546084
951360683465971789642422694067813418414085175360339793643015054133108964798663
921619991974998983342627035871419171742501326742457127855124859038221802609200
449519906483547885368877519015715924575251640108819190169426186755057686114552
973438869051721302755322190560172877489557048100010126050279719569342303541224
451178481180027414292207905663699805375989611831333132971909377958057125503528
997117746634666939000978404342060477084438897095378598209927817145234084011500
663536711513955369385215756051393982548082998486865022350012525390315900230158
813605610700098328643377872577364285877628137902978689127353399621388341469807
405798552695661179402487824852347729522598188652164712483612357385775623356057
370485959358288914650952953529963920398235063061316337382251649037109995440288
445219584598840527367267437896968109392452022716030972482181438647852884637465
573709567776902889692076057149571779476037432195695941451723782069661163957957
959359812383083106091198862921283493500098458537811527148948279258755288782195
754301404054882746525906100441835767630048442384359655003137082725885089587143
602220528113932212985053584176834669849289000383033033813327823862251508516771
017951947763739636966833557187965377277984434689058456296862620989376954745634
797470952474474741137071454872624154642862440708897428977072682299299200561835
252243244566090734719892853976739317828790289859724940739089807800753454133028
217442547811123082908230732754149624619226939446160452004201654162227878619097
223216396619251537480105833787452745000822524463858847562007680147665355561155
877142248941794101545522427848931615914267992803661512525328248898688346268835
518837934240996662769292054719341182384413186800948344092684521580160380596943
387848562286100540109497067990675615687175414535403513378437609223755406934793
890169979618512135815098661204153040415933190002143628651624890819261901308349
972669833397017749024520194437449711535628328203540043226201488447672188806840
071145413874292843255218443478953906459723261571539130949744321521956237030283
156018507961580449964795399228434624852322321254913643792873079807681390268827
334496340993405460200484026150032346008045330224073749433203536801317505327947
919767545735889106584375973329872822142778500705276547842236828215491443687244
703280532492745895022986467851197310715437199571873156265611212141864318281852
021361259204377104876267949140577781922469082843840500783282940369732772173649
412043633581459008665550950374154258973660516005325975987085206128447106873971
756046886086848176545746959001697175500627410521352259553222390378848923243740
653151842363991879758621120648285403679695789619078771433694991197247506640920
192161598481113214990851173305135892430602907882054224397883182505819869205873
644241518887487282157884397171376627876962415501821519065889032338357636105192
041889607486912446890172676635927482238907186127863187549593825865900342915064
486377944408776873499159689619006575853560249953291612000933422317736059248237
807863414670233227656421862835672608091878364258671875789989752194207627616216
240489162863844648540930162474615898903859151933158116851933564077190823471126
094155048975368404278112622321574622078456977123581725489022184676077426506821
720812294963243529606186410384056917464104679715006921822644275245870708144839
934496339818594497793065307859363142670158458207308275442625359194312734819287
408131987282178802548200397140128278868858292138558471221467283664216721725944
372004339578895036570060217720416718846026393235362680329671877322320406772491
485653894829579923434815875050375049326849335204032858985424081666889651297566
725711878382965847517665339883827484491733474830422380771936332230776256379385
956924415174330614379686810129047663692087393414988746701197097527891248340146
815899175756285933689534207248921535425191973601638529312570410463800240918694
305040036388699608886926411433419918475018118891615073798813423950027991740299
355978702980373085140785926304658372164888852985674430815373851469834750834211
430227913232104938904171054051322003457820389492534858466616264208922042039435
188974303132727304997489598311051997568987333000774984069739855226004880285508
252259848828368227126766569512267370790340063243634774549524594244131735392901
269623095766578108373085675008733504949441452808342424528569160277661578880296
336708269638925670323387750864867974416640574252855699178675862542108841867646
507804538524720537782974691020697400862465194151701768352907469658076811836900
952267463485918184570534015953596432775966102924242713137815036879532517790837
718621806706230245252496741527184480361489210304155840026983336518514595624950
791807424623664910011265613755698306536028650039317886108449321145767289609426
458189480191210393788844094211474861404597474465321200402302646644699880810935
017241457988857205074696570310752219647394143055780125129325591906014408379235
849442704062442952695567337340029515654555082563203611731650936896967248327096
436163050895141953718878205475796470388465947303427916928634142484961090813568
562154975391392803976387182071621312249973756514009070191007517556490200482964
720869923276970349032411157289993767547954985170054927590395559831148024426086
786273439066911456316356947391799008523907492404585487768764017504800958296310
408441433204379706114280786035566603543474295487462392949472665879788692980994
402463741489520722940030672011851119059645785768844402815477228817673935541970
991416440653175837045146712227405819003021051365485821740354681716596852446218
178337572838699940994585400725433169384984525463495898866190406606386155656524
746471925297730091378487285619738965947686436729200390856820959843780846374416
963780866082606729253501831177376405189060466627836322447022059915671746113814
295642855424486245497245377924502121839170827050190598684490511494908067114630
745239555737272225039049361116779927695541242041793023541868506860699482080580
972017216138729225448362419557489251488064550000290566578304059167272146868840
287485378849024076056926976468400796775265094350964663345589215117507392158117
868523321254392157944426442239407539292203400293193081182453899439449289360501
476002445853779371495192701165741755419654582542387941230088806924828387324795
407595844623410712506073333022596649773705727025456116454483790825431610466555
366289726007778194194038012536364333091870350728575878750826275336022220446532
706208136216115290053344652847226073081093632801049734541897907193676892949187
986886147661239568729494187767828498446712461839642103959498655242260285385969
397379450728762389222767354868589772117615430015643737199611640310803763256509
746050662442772878830013617976914798788262182097055743570906006154629176101111
233170813691243099001020620335000480067360202124605707967893033832714359019182
784106204655918099314851137532430337690411861757428885041993138643022427412367
899448195139609335804699196191499168203447376328267071769784170380539215931734
369832835103143454914662674192369514235812450893714975511309040283842259159108
931761112864622706885159527861339522074777840906982827362753293189444177992423
183597598683017016434207532791982632073609286193811532002330425837567176664518
975761432957674616786875126715283224340261204207350157179576165782386543825753
533971867704335657724896510368623682266191333617896534380524872510817342517887
346835005461085225517802694473044256983521546435734515998742261106821985553869
813121996764230096451707939977543390471114528138978166189464289083540902036788
364872566647234796340293023864904774400328732216856822232839349940405781811948
389225026639427952345688938868329733085097924363416695183330638024634407322060
077061613345015499250089341384213469178513458421871703975129452050697775609748
489444808397058174083021422446297512682612574400396123763434385497913609503059
241269278263770294963281449858440509275039217919085753848215281409236799832632
047660009761449709007289066798243246416159215986946882142583701835345133889488
562103311405349916357637226766310777455990477145666416590184779162516244363351
308520902807421274221463624507387615059401592817445475850748778239861591423752
836141908752941665457617738834028499812788191930554025124619472803974216921290
377181178338426636670010792668469118209624163412404511920849450681478067656202
524313351367085746955406859461171925220269196224581820379461270882219926612804
911802237201268716242788229202668329240199486445271806918364421033938534151812
888652574012928832403123509745182769773805829870737913307091967277804107311053
510140662925322878977063826263417213839004052490630827709627830584389009457935
417740660917038958870703374587873294066303428243723004950405845948827900219722
700545996380268561015960999991481140805144041297540710180715505461070648455336
469256610860166571974567461914403331730303390696993694441686309807254782838335
914240588028971914047415765110642879555873737524318202084246034190705945744299
014526368207121894269639255506635348891807512862975106440624048373349745238217
027242496718705259234146713479229848038898251649823831147363335348395361046338
427938286818748981908223174185914343078912208748521421992515842566801769827080
908039492243359067780400646609098119255273073283016601846077845606361089620768
599832436134298334166238719202475084424802606271416950374215130822216991906453
197730109082257929825387476579618173929845104398703458275536099943409257893881
184797760229590549016174607802577716442126910181770816194760646224011434771886
082982987263354058223807256072381587593425500144290342703225457795260146998925
889848229411390411791215936926705784767836679878192136174613459708040226369734
456673667607442782221219039076060937317451226875065389263058544246204291196076
085752437993578553538929637939104751530177243384722538414449310247337804006700
309324862593139078154250501931211059357127522554148262921933852540666658937269
023981362626551803361443457277186310574631443204817869415828393928896214231749
562934853318434882020358881898856873648951753455818146938755842781827069071899
279980262220297404099539999906170903752431152737759513949528606446559069417654
708161264789069826104387140394650418454523729148388237615950706901020513005284
517664348155436583526658916079534063339839850764534703855468894098168581287841
492786829407466436452514949144323025131299664334995254835931575787702881393514
915238814963732101066537139649558891351286681062745837372372540490443951800851
275627362325173695572997542857850876716588658338157884244646417512068880422435
491000374265956881246708396946728434105555259493154888951327200733299058085779
659013274439015648227369069596399437744134790915988155181749207220347408491855
279049192205164091725222596223045446587079088857831692314626298992469968677231
714517110986767111516484232469827713909896766575707715714950519717129184856408
803187216425763079635552633542015616636539220663015158969986789402224590687944
117119045167740250117637716969127271679800403205679288067617308720653139646787
164022850284520494381695990155023155244090854248978621102965603985332428509030
553739086918229103371906416894585366739908047428624125693553394926336573140254
852397744665496940502823144057668615856450799747021482580243216058223328013084
140247972658249502830181416942022547734855003906141539192903288610345418676126
786479106051236535869554792048521365624447212870482473469809646704939444689711
259043708571448383316806076220110651910160299823731162687300967037323709237994
346504986334309232123206492747843099618676924320485154746612912809184147347695
233592504006729512327781432574595998610949503754627818311926111793222335985632
061314361089240016164475130928149879906964413613390965599575963898160478843741
681650069791159606528199047091016281218921174415149236110451818572068320212306
