74760574814197824919034506858983415654027563559140191580026161857965064624957880
03545643973318660171360222259013668794197146849601860134787599735669803473110298
23181371176505343965553871718378839816907155133996798724725592599681549182182188
12507455665933384968705182017210662227015730976024979811541413478320832480222196
71021937463883056686488286272869719961974203738594402429373025311741766974016746
46646482161302350831768642633469284298824448052638312326317252395241891396142580
16916401997688627196445848929043946117466322097361095008480920995767912152579563
91395516131860557772639917123892044639369139088686096636200436986861232302970053
09653488309521624218036870618909039752815408670175239068352182009631043707446145
54846913758509555624915715022185580783252092734894429530605925434305309099393416
63173985410479501574073177846268969952680879693730173732217216935080243759445838
80610187242332040230062788374326235918743020687739324185243731770398115406127504
65498965069360669275814555879243212666098592112215748923858248705588341043048065
99893497624578022150970470342340824451687352131733896362722638622599801069812210
19104388169687475837475420709668667825026860390412082425791620546242969092139843
77787940716894630658187860244245688876091464783001215654387838828630819089534214
30039703369837427503798793528656564794140579177376988260231944539749141459131265
19182823631670345291602241759306040022031411634009415333805964319883937957677231
81153846998024671983981148487158964744755422376988247869316885504034763981159291
95365594994051065903331782541527339560837502030890732216338418571992715561622288
05533886739358912609155645599502069364217418011775607915361158366852748190791413
90450851900609186738463280924690647654716403403378722424965669666817952051543240
25254659480450576735181291188122727321408691760404153198802979785133280347223491
66610320174184521757532401689721112456939513759174266057986843631152546037566311
48342047788271110199766275055504611835929266965058593675306998844584555897804654
40812219194156242015905112626704681056422724705491732423615419201761261338673389
62186088397137645432659023811297821177766844445254191790939445148290080655905620
31970497583379881900464450975224181383111455315336135004375160141850716279391744
39629212791597345657321345300436956978539763939278883312144067647336574692242025
48585536796167207832471548995823690126523024931005777987403887465045539159426724
82987891279946501265516299749921602633154855400253932668932317373931832634471167
55043993682366509486392817465020221146740680285814849195586432441920179606125131
80530809162715490608242916551911279495781832102802634431205717537534744663837188
45081465475095772436373363044863448698029228197131358624866869844590922032113438
36704656747304173628769538724185320863925613057815151856888212233303958157726588
70492054506166827563500267410692245577210444453047866542260851919448545306783723
58478212353855524074205731479004117817370253195821082586963889788187222448586049
43227332823788941134844929087034656105907825728940362756259839558574154561014917
18875328135811827307485065623292282185945284229613246741658100647392282637373757
49609434423787886608594352310408476003661615715922422396120647069243739603390894
14788928869605498327869013980778264933622495251570568986515168872583007065871337
89752285730139176913057900109484325840609442412119282901592194247869460970751313
42022738191327685042962240772392388532456048895939825224124372106048053723844779
76828476824574787798340646183522371365558522704928544403243947636404973970946616
46887328387639818387809226316039735420633198912862860518656449100804048327262342
94289406012280064110496969115988716075552253948615737441758005967774915817745579
47597142212612644012228191005454990694896999852574418066935386741702282106419287
84959860234668693414277394998018577666132076185828941725875519409994507733753499
49928973961060314324409941013011756632990691708726629988511616962434016700636575
37095683806650372669174492285728253889159394307728539151951956951990590533524034
00597762889359289426026540460412262661237419613771429526504554383043302823699181
91183160715016250568464776205587071371578732595223888286472532681072268797233623
63227205008667777730265838435121155290654817026556885710081325504371623639825597
10663261398755119413843219039103179178142413466280172177036783561481968480866350
58403250049868107784122309730295242799967172073502036877344028293866301156957318
27847353530136350703223075825963170818355433841083780471433493697147137229898246
37491506435326593644995572093428740978657312361824700945483407836796212642130445
58731740469100369642326038937596349154177933784989158317234124108092134033550045
19840627550282450095955549179997854649946130626606492227287705705815027553473045
79198401207144490085913377869746588946333115149723132143808011922907657960798771
41227973192959599046912477782371492031645870142688881119702900972671171568712873
86233642371989419907365960660228557662689438836847483317640339460752374942988858
12647189217376266800398960797199853122533294329373724202411008937947310517611860
32814781889769959161172489203018586610180390784315928590557651490860960160200153
25784611186671692251689421207104200849976445199954948653477133586090749788364992
55915613333027591431530111627511125508081285105027226686236513059732815854137302
18199596977755984339302422336588055350130414449664157874841404935883390541040608
11113263885565095758374332408625117333040246719994735592293320905864634935758728
54920705292046923381030082805443671779193485134231941840066797591503701790574841
40477927090578982575332540098135042197286727846164758439192085327115245573936626
33140659400318230574282372718572411361954342562269346286760070254699780696385623
68455247919932344247966964114758894888871136892957894612715898806590976889369807
38960557098145370677134048547260892455330716553027450905392550493476324940779168
66923326152898965175055439435570355570119770962395322346595150472441761853701108
53359980303845262019674474063510798990642302035477910943787216189436850451761017
55199620393415525639610547989211707197863765236856785623928845954086222258887676
04012354865731806005185846391161188325401510022536020371326392785357769456641805
10662103687406325907278286932475772383404323861092041838277833140200787085520114
92536338960699341409448644319997557619214414368945083815983038504621811538667152
77844990462224863417355225397273349767304388626114956318153467768301872693729454
67529174439200607245015058307752689700823171178531247503186195755615529182251168
09103744884242928895106967473262125066309801360429409852298264340262879267815204
35598169082569058236584170283396687040289801038438950459947596062911097398836236
56955689606967376441176478543327225049664286754079005942186264998935135206048468
44410469141891975310016469211517969733773019475776966417316239886554898529614366
18638632544934838300720346771768498129365066995700234975135172188963677412664320
92488917130002409242762831038591577265217107057040462339945369470062372155753870
15288947466427587878729619355939645533026864465795163275366993968508220252047983
22207669080227483072489260042384380300753114711251579789088742298565054969984568
57928705342074053482136007586350946804455365637460060182796846716158901410983808
32282423203913723901309018715389978340145585501323103939120237869286565513935427
54976928929602958299769515744556515429224213466462090450282902481020166044469797
74925607985180294738291711066640038410690191392688862734943885555562852336858927
15634433679695635939322949025764715409005254112196521250856783249610278096828389
95007962934265445182925938702665148463552643427611052067259402382146714662696851
37897210881990491371829170821246179884295249535492358341646552447410901404767421
76474285738470325147474743527262230585961591466959675552938693990863688588231071
83627227085345096745789562552891135311380372374337536956140482247067393879920957
45485750058185943099854422659982264196662688355099529145290725229400141423888946
11522236768944380055077933771377141252503746583522603079466755553763512225241839
70287440543223565671460785424423241837043135663397804865156943149259489503010479
24517822742996286813862964648058954360702441994653724268800652726675037138020878
93018896342440844958170419400068562626301412418605133160156369808880194275385389
23642070499857184384522071135633934441170333811442335076044226528498512342688724
06569438317850874448921903036547716553090080069056161733976648687539531148864808
44931057757850921916723261951444986933256251932929306066814838023269234233788332
30640588399795274763373648530575640415355044054686954677070131398636161301719775
50492420437328880275397740774860118304100841081938699902666231579185368231965728
67227541906912837155532442879858016592036510948218852974394681191966634584609628
95859446636379705627866013906967083237316198756650204510823767132120873182754727
77607885441878545997853099793123748220059729527933098484582169869579657249039671
77873942379918763028707556625197099702659636184788488933979081434969370781125981
51091978317070359187407752489676306975477495743440537669583314700663897554935996
12464371162332168675807348054265420330964039227006412671544528802881583586044971
37709441874227429832528945417643885032642322622398614798293008875783904192750128
90995244158787132695037550062252258417390319654548802660051284119320565221781451
87610511000178994326437194498621108165948571466815021687941204762308923403548712
18351551004375696227812881952682973786363537921919396285487985418306724026889152
84620350047695575137520097696234930322373569273608521734880019341150782454199792
62086730528360473727390450146670311754055336140210626325924683221054918715686056
52239066812139152449362681627908344878379317039968065170813884742268653167900264
20966589782911726825543426457581926560230175701169842020146283575440408788495492
04848061994277931672561498771629814481115789745860020711815482252896463620332276
90701211780893526046852848605601374639754889401717969061416645228686740486380978
67344327087772527124928335814295666370232789046495996872450902114845696198005230
72890234445804656791609667038612880141243793770194286636890043642645202485730697
50005464345310702305480210495451517670674108795397144120464014510220655142471219
98574059897974080278506456599814567450579964742944842977666990322098694595215861
24862346927095497063430602904203441476031509781749313561748792683415048183575538
59326811577492482219996765373849607976649510695274425527361356108552956073632717
28077250134279784413922563077830600846454980544548741865024026732362440174899636
73576191099390486674926211894777226121846129945281608956572296911512643913301512
67526767986694135411098554346019516406587741691196672742716061474517474965839764
71786929440930899571702043392624770569563887615329224030138930590270223238290394
82494394058544628236710399202311034486897468615382272476690727559073419756155663
24305713914792023608820568050055240177366018747234451653596706831881031822736891
02752883493486623787015436003325804588584321615695437763001991849186463126073887
55440158353522510197702240974034398807712029654285022421522639868569133429283896
10975050239592222207471141732327655430702598056079428138494966358259739537714545
15394103313972915945321035710892371012177540081515584098390541622303564172402504
69271344618013576540658352767073075815643826410905019524208050649807329393191426
86144934124024462488956465433262709316596820449216169083511044737494431519755058
33536767981786885573140087642477933171551438574525415869402737350629641461729567
27048267740590020458961233339480857236888067045352010803384099862483167576283328
77555950458567484638487938568628740866932996100063286889870021175199921980149205
06631536526214302900872990125372387086358378302043898922779818456381172201328841
38256166643867230234563046115743276562288289930175972523455756973176374421229918
59356586543286672382294412219859115882110983271824976697377221786794996196823288
70413700762498102086927369188336649568879550328715974103112118408735276646234729
63374075210882156858913551552945337291428854478040126148409278444766817153438705
91618382518213111423603303297291122059315325709376029161315897296151710005085235
25680036854808588809984107675653790318270237683453140452555493337269061057179411
15346413391709772895016909140647272323829249794595327537800938744785048222062522
79778320936234384399980998320796038772704924802943999801289426668873311853453859
13721793847965296343336648379499512865928679599151328764183947570549067845109426
62346826961807375164757846136006055247560040960685100090923597866258478882332578
33227837758476196156738397896950258740369326655352884709844166340301813411168132
85938635635192261144937591653755962916384048840858938992473518119210527229012254
02439879455119001235158975132909375772160703908673684833839524988140949190469883
46457435068272519243551406232133543724286749942953129979830093015447265568882222
13700718662205579582092927605386412823524577729240461118695668676194516151482652
24193317556943193052352405408439014835838285575957713482333979694584203507831765
99608375388787089566009445593807076368002810048982854252716306212693639704693868
15033238943791781683819317410975958386268165496623600380197482493201603874439979
53076886184915171612594143798701054307156096880149475031174308836795224064882743
64486885092697568892686939763645157955577568705051677214787009009429941757321395
19862010321357599555731914347083107171724465657231086763113610564856442891370365
32705968718543612080133028916355406505932012991916647133102565904898238228518115
02195859893678172950901315072822566693005678524589741856589422449173879902812407
95380425564841254727210721762766069647501592683943475226075822190507771406357836
69924290730249060708078329177954502497325224336964474514453510766200454021429697
45324263328281934794988318817477101494270806520036192865848189916637754643801279
03088326476200088410472486168960270703523882328960691702490083531544294752925064
35703485784167488632520116552130799429822806496669751666413640463852053051938610
63946334857291432987012685722231875999634995555481774218606300250936185108907724
77391377172608879685678282141055116033438128347508736532092268364536216869380148
93505424873408800254210633508564908105372937652205406713371752934445753007120019
32113809265420895122532507643524204990900872268844573097560837744330000844664561
48690225697336066830411024991227940703084349691787645411258335780027420691766645
71100211561447126516470844662060457575365548786308734182742441864648428676364908
58984894374661827806575120706695202524332752842798436017945805154594115386845784
58061699494783429540232561853667820238013121210912868637073995778562720964652444
91373034277378254427007553951514885194440786518004231849369370604901589914810831
80457365702246728431376694711731427943423786285120142064858268410268816189753678
04644148795623425277869881465022136547423903172363561114659037371806880982178064
68738770571464471579251566513206250804044440614165418125617244759956945845705229
25308493400122941727387483189201258445476026437707722181360179401684078524125964
10691354146995741134347530633551328139321106526818471387138020383548215730255924
94872342112770652274056936898242957810565972816184981892222714056592097026676867
32825875867533939373864701717053322172992630631490185958703938114475163654049953
43240553607147469602818671876338058057227055380507356018507069014744391947211633
30128656951105578849158189176747299627224151720977036995299239572564810837842275
35385104518721602418538295065352937878496594567970876219111013099582099192992769
38976115337698427344897154867270606974481059903845429901665488712863395675918054
36940818301241879753168986014146120526731502009879561771558334115082675557136607
63728064452242752727887268919930770776163706581398897596081354927921082178311368
56697142980921443240094707954479656870069449972764791326593449943423966732033940
04620548948363729644133637715792515948115395948461779811460283165529395308216546
65088292128525476561877999048211407927791460438245865209681723686387250632980259
67407033546903504079467246059755040739427038262748972413155466364410994507019364
78820100522591035288940860498030407599804041452789757937997719840557381352917678
13705879525724598117163099875768942595259092224367663352459513837127692921703174
06625626888539918128653498892314938336672819817667845808702836678451437095402704
00382928680090525274854519868513621302320435227516838673215853996883786579420486
65205471461796333091758021349983988910819106943121512461503338278499677888491441
69168609839351708232266684154678131730372616875411292860878377309998296803222675
93779588692118176786021823796681073371907328517664948486316382863100823920189906
27818042227357578739478523297517697491344099714945119079592839706837961085296420
56147337606008814315777394802265845895327811003653379529807238639494586616982660
31429418005253404844631629153270824229195283422829204009531759849806881776931953
54525015814750629976482822734433084819392827119826426695052006528108717295770485
74646702922424629537863104139473893699455029648020909184286766359418509923958025
35313334484490281529018556449643196838477587233707926901668718112846637953026495
55724368509091089198297154363827471480455661207846670283944983185117196807937988
32126973590122029962164407670832167589311896300997041523340851198064116648515332
12397226968581680525905649847144783157114448430949128770674647318565685064150941
23599609365752875607370332702965125344372375513813375631609053611447995815228319
58496126778843920374003852507759724052566269451535311617048527413915920139776467
72741529405943794108916592822759069455120337926584525364620767991806968635930249
02354963137463571917900809491241595510200308261348623577981394335313779316055700
40164148547795176277176827668698478097080841501113272780223541210142992449438000
59913582017122372401179104878350197491967330979467174056801214904330939293014901
72895386028135118040884927496203176265806555331412952915763168874244523950191830
04871860084010241575771964588234766289129144864712696263012615704760686601905541
11231525547701802122194519784415182781080682821353895475769719402329661750380186
38033976582607014203918058916340172599069578781023475338291004957342076218271704
07223594210696657192384436406883210294521297288615461869030857979399716295713484
31064572170961492948281388086311538681256436648084956003177193439666246605941345
10510977273904466997838679299986596463953524889392668505781648477685338224172114
26742879173853334342428038560987986708288535110664182811973000125094658707138041
45270506909109409969149249848316260959431898020954416765164307698633326909143782
56317675854858005808548536537635627798261136891929343341807671822797247272084379
08686666078173324905869269337055381809394216843716093023601460688014059448153080
52508942926165943958217255450729536649086551625355993816318542590682689491062802
85650557334360352290279017540927746913585811718717684627674711470659209880110329
05205981941241150981058001087965745386799874661973790846164356261764084573651654
62613915317326823810342737811076243600876170316519851248506119525770985927395921
36478313734361033430788910809393590638052146871713935180329755667070041649309785
95662115185797773110199398009356201586164364117301676565514026584493855505731165
43813544897372369541228174042496886611615432858955182046127089928305091012712440
63268869585029313368839518779069933937637323800196174593726630890675642656388958
92812647500361483175638521856375892733896605112709420526626178949176728756634323
75677668594120177781174127538220921985508218264796632528822630721234339437724697
69318464180620812535371088879817009043269628395737146543775462710164463868024200
15278412995616233340256712310272088376739249707100888340617388391788855330486639
15468873813665460975317190464642984237424154564454327717489590168887938720411821
85825316594366539812515036838735858175205986348800163734371306549357084660841427
30838805314356459298370973719919610042960609415754555340736090025659529948453313
81309080617748074563584473747209035853444860254604139243796733796703258711716978
87629540183691233864171204536124072633784073675113799170904656721060100299673507
77720784858624368221315130032798378452364227715948176175227519322525469962383745
66330422286473428427539115341935984768023577641795982286813299518371665211657387
07498551008402271835245844359098251791233393988563817715650822651531686558624747
15925839488293321695946680097249731320769031372319008033156200694941285690214292
08462548470158319027298540833183694781694011109227090142001603573711236922249879
53093832063432589747543521427524531774105968621174231921097633203068278832533423
68155336062725205217055603245182584273877592041193556165662994143657299905941400
00034299407418952609242417677137115123955423479394302563309018547652094143551551
50950385776262546689277137547021043388211968824229787671748417534864771409210681
50004440405351741467668083878646884475738835231608042879419742672370367395884672
36544209154121439661878377371060514122081517363882710568515171247419945854325805
00294128194063130939399756359090117810525524436016766338581856931619444891939614
87504749505660919540757092249538445271279498666647339376256181730256690118093439
83375366956164285849797075980007894510753947537447139533962955473316559752545573
12174523458949582665250494698242609516043697178420258762126319675469443226822963
21814808019288556287367712494348653192315229266995563082004371004149231089411612
67953965230093538400062095976663839469820759290267650132251130160880323484475684
01250885238186064230590943491430688695702583240435795326226317261447703193574102
86911483548189106089321829469284229848252834516518105539332263967708661557078405
28396223309986210117900215384336141185060840006943823535329173895497471553598187
11339329601695893082161763616760096189320375777383451363749079450691488063906764
56143940827456385376204609404831196193024858262490046183812213014924983187454301
67488178375037598032337927821902937728922786870847218068031757449148260715371571
13132123367106083081534247621678535043045462447197148070518313756063157093481122
02112507094557096349820781261529931129130437714249723301876925987201247900474564
46844451644850771592375084180071810249636459534664960898695077683910550877334719
64571665904944634618391357563629215147317697154787137901502697555538264953041472
82219079857875901267286797314023643282700908870707630119406593442812209248926086
91516953603223429664178112341550180865516776413051218149999589469383526442309668
50030056546431062447518315234113467977155369958484059818478533901083084474091177
19253044396077157388360615997021674351172331490528926479942424715524391518847735
67267548832839430437504748741638058968836731770189492934445746562168391493524083
15601274037993140794919648712368773519170173659658107829306916460040652191139445
86684907591523099179326584826854289874005269363660513247189126041150552010450372
52532876717769345519969442313865065481875911387788722015122663243928320949739795
11704042906355024009877663769525395164838115268394507198400989309676185000936064
78507476690526129568814679607386365679070490091171019107006978149985623492903698
66373351340351605960105330864520787203940700175472323126831590808929301907176990
29837552205830275869229185395407722773657966579337287774825570069725565813384734
47865172894696239576665682738224821248394963235452932692949527588922205700444558
76788825876176930780794782590476227762415874761409057661402212149713011231434426
57442464064042835257172384869097586627684089346508917265210121381041588501264276
09832855569368081252102583857901807510467791751695632882399810409377606730605679
45322267578811995845261474234412141900416234659753721127690434977528158020082522
10461448716877757965104919449373749873899481045570871865983956312128181960455518
75765021202174189537992895095722110279174076428074703072333279459045559130270518
73302214308109674107942194718649249101858370743731686802849472729672456937642529
32994561847223171809800638407884233202696545893184719733363565397707957098446982
76377220070057154571559979467593330615570243641739539799971995518377057732980712
40874396760177084478735642004872503129472540701239892786312948849340827173465019
81216020480989203531691348865185615789249308745352323114554868455803263518406735
90541543623211939918052075270244958531497640848979223310971842923041198496231700
36802122839618278743401928033791505216293665791470905334494803875242734804118864
42567171018163583122899366687471182535479374403013786513301407109991726768568321
26770233812081211046268618608509942696036373611611955802575024664126199077816975
16851606745525816707980205524597950054474911531715251130255426334534833559117065
32637240623391369127085497589998089813078818975219408474294657176714558966945782
54011583452029854230421849559736861440119191929684490517350096558550007058378792
66557086360873248462251371836302778318550758862019117435168917155736982231378314
01179237280407289628759935924482383549666690607516755320966258313979092996231427
62200263734964692912865970618634624182875309874385423408093020402528747990768440
66436666288392210335321354555649903974514528188792192307160935307440289170971216
65233478442086785471619977232994564863858373041142299113108274279877254973180638
54480017105444971279747931313503957879738978227609811481011906295478176078424132
27876778432663066977039460776188272696948866662398822243087014679495169342208961
43652359475485150503593265732719846376427245095576208886266555594864240835939856
98821567652266838082771836025852827459736873326702939818485349432914738344112365
09804996229988590928165244976137013593071744648148979225858221291102087308463246
71854643886441346615102927840564608681514523981941338082125903906497138787108987
13533680648038238227428988323559293710531915852495072514790316819132752502423503
05618143916084604036736430154805121380957447791591654429500270493447019909828416
29802388424879646173519532926265513881594946672316132761649554116839808583214506
43874536323581991187633434656552047559439286625524010053532181917735742074296336
98423736916446174212148096919324633037253567096632435550613083618187961467378288
85186803954892582305172131758043229887845900684443405074056010019430873566844314
64364573879307017800019060993158828288626981100974076600609892229930519672769324
40289575004524620933956831341019094670355133708857493751613799509181748874141502
56523357765962858923910109070641558478153610898379723496547244318124914111960332
83064832931220138910593316390359925694331514426793969227301283213985904392435912
33967874841822239457629152143294573361108152087768889612675570245386505309382807
00728543228979827342178662137304140589872209325019530401607682829020075974387509
50722643729145634447490993719036628364642435712182474582366647856219918638374112
05105688760566521924765830148135972301983683495555370116687038252651739470631785
38709344076212317756957036576064701771526564820031071888457303568105726982987946
47583030011441166957245404298158089272772322367175971732767629734572723825892325
18328519033772666445273359389044801844428556910000120637477640277308754424110562
82734228297839690360953819359465442015668667059586810167018923089350698693501187
05725231336403647117003254199814716432179542257252561925803084011105879139144620
91891383392724345869036821778853936848524820962708445309538557926632009515651897
13789109463312984717601717955971341074054261722678172384412164075148163725811996
72241934719503405669192808852681550294000898806513492585410133103301739170805075
75608270067504294107473735276446429623124089862181822537264311602668812575777140
07207089923798348677259434748056875528788559203145410510908677954517251377466675
28079753779188768435081129991685325445056032691859951801380293957744066980774803
97270457375368056251502142147731036798970750824418975893464892182162256910239496
84254243874843841502974039820703014058344995816904161420347702630675800932105726
80532269806456416660151424374084213719458820971375373916357228481456326537399125
51804332199068430997806157568014636353118178537269508313776384939969211333106108
29970688222509429442626140365953426843274966568953281059213454497640028087104756
84080055138016555818539996478239301215223218157343947117531850454816499908627730
94532384149657809126714396137657794861883097368107062766617025204259960395346714
72208609284512879184960912427023486333336035855709887508177522844684403220135309
40769875564988502708316550365318541383463337118786204268775691545798812234952482
02018017122038125244799783945640128670386510269168283476817996888941113214882932
64162940430867033682881292299469130104927894396962962576841201829106537768690662
15515535950716981627009922158945837391711554393926383566864426309064954464769259
82718211569071320159277782285931383101953346715867803978282258947896879794752740
98559726390673260754394534051836452036962139260600186842971602885203652759024568
46497135540621599254731250584270473409414555261521524558242916024019600926627250
55106812271642786719651518014675860404952380904432555878638318922173793445069901
06840622332831259930959066945382786251210609732308464830845098287824493674926391
92094150669837236294340658853043963462602874984602631249357991640669989881502305
84321694951588482224255265127100939450568879883103932365897425756335661010389995
27385037329619668129209694396173713491736354335023660979886223373011716940403048
53403796102186568439463755001839460389828750179911458179511893794033659790227197
39224465830013907041598347291808319987324243581741243376680074469215999397917160
29286500445661973911971057487576206332151912981618044368393060219100670301065834
73607512420409366345008805445560684246442803511681279669937518341622485410182864
84659123307439722282254012490796417541072155636611137532635208876895775609534520
54669385352792238162476585668187567163836797658688897760416735959509003023732306
15856476566130347310739919576918305763624783151914533200325340516247318552524427
40459216606780585512190718677445629684900746946340057608022976841426355460042202
02289793585613911821005404523512637701583482951343560085903104051713399275091220
12219953597760154187252488832979026405087199254094000882113482850763944652925403
70656703326403471654516130240433768764082517424948077665471299138056859133260986
72071558797457464713462340326074001632469979139989442822126107389667956669974855
15966021177938647523276405366516964168918922711737200514047332458343643752168350
20192443286254845271376956589053300398879780393952614499085150846664123724853884
42916280363945362222000934081615250515460375104374797177365679172591472509541255
79190689937006560553422037008236737572021674682291502179313029701749802153567139
43957745153797313843312732997562856343294661634792802864978834099398387556137248
75180789654060186670936436324213923195599826225970681230820308422137003574483002
40909434733844867864744190655513363421426730215012487471705816044793383919627874
62769974938354315854813432984543470624457744767101169825037706023550360765527293
16861244145268534549737418556490564939303792824644554262633559587921491778494139
23817406681138742264655125465685326751396117975694009359606055667180080999352564
78245758126843224888329741741066528270570509594094444479709076667958042116161047
77482219110828072571831960199970444525421907812070259985062228823581933557703879
85269697496426795893047750908997151904721045323535783965180652189247017684087458
77353859461491413345162922334070306421670313507619006756070082781403317453612799
56804585487878090524271554296811801232595943094828584251261200288416059219078139
95696641180921086856481293212062267913618908449986827345648177306391733426715003
35690973396950750410246123816829466342733807242197803799344805374366978727597550
52542918258045974311618453517454681785411117031478728447401359474058834682397542
22449586110372007080407466183471565328434979704026954498659662312478899545332150
22068988358775758707044494067409969005565980609465428899858906572623233028368752
42595446307040354678797836450370345398548824312501135431639047319109145524158930
47997557003777700331377288357932039969345383784778964548561302994077995131789352
35475783999323961801236852304003998756531554716395901561179364286165871888088837
86210793611386613104905932346578511574179517586269403039249185910023433400293354
30944131509437182300212880485049841780350607104804047344661918591919876567150205
69123988387874405057475147886622347133354849418178777180004466621942640652139275
52538405914453194261793241515064615501352910256905527437118581811327187111254745
99218742696158050830375556761615961016254333168778573391511716619964656242272469
03421143753069115187651789366333070854046046055674798751716617331287132257272214
34713648216517401136937915025852869500055049260479870059759458735238141038195422
75436136589809472661526395767059266455507910238457900764876554690955374533347297
66091054050470080738128376885303229786325632270875768848026051570454520919057024
96488674064071903246634483622169137277264378441003355680362893947112737593513091
43420078430689878956562012979597424224705329258351844106707401260501320682105765
42710865136573903656325174718339379136790177857824637989861156032272072144123298
32434580135725336450816126168367361537783413266018263846555591832542084934113256
44596901322304123326031465484015006120095424332009502838144333112695559703025465
79261592314489741801496019924251462844111174046583425905546706085814111577658662
89293973141424431080266142362120039792707061220283387887703056661124382643403472
62658456114943204261387173795988284014537228410221944273549229734559378601283580
93744073668129894037431319082488934501357675887386176944687677761284315292106767
84202559247186668845534547330006295867343266474830653507858938428764899662568965
62539699452532055447455097958198923373332961817525593238024527648465005827059197
25234923557289151208648888433830998467826183023818857068744645536791810431267454
00091225172147277014112442209366036884177272097305283587403358963743550344592434
13052095092615955075535282798992418412142676518215829526962069533206558051317906
68783643304914485338938713517035530260457150233482015661562150476736971423338097
37785730250099028959351223766176961790347332376050459447919424931606350238975393
72706182588254935164499946502271683665943694951179793458399831714993904542892890
42842022429977002535503038872731277978027773076997771981658238643756122410956931
12327150432452197275928305007033173520434818822556749103642922822876207262629844
50716255423421524237589739517254495488008168737689898348241171276215710898012324
82441523021254056983063724933009147642840571034551855449256227930659994439476669
28667484478342101903837034461397124727272480134269155016571131737265708147521322
