88747236430275694012359697332603167003191772984953038182314628514165425917864725
79334330588094050558765641074302561833543938112846583943808268095396366040819054
00154023385383343831634452625758187677701360266714160473592076239906286347036309
30223527088006997872652622886278478263196297882016982348628153165022256946722612
48071709086470376830849779336856366834937072976413500361738217694208241247747132
25095488194275376348146359791869160431912674827944422186336059301665807977749478
87626308921644486271062724998653852486028105773368187174872383786547074522071645
21850352341098834311797628994742449132325673431380412550767086513305977735807960
41062241489575413930052900530874320505412299806811789368686585270535065942372218
48808509710624580141765974154262009558112951104148996503137316959663515216118059
26372893909765946329222019451128710828051294798791088190935461597343918840660415
10959013333572136226954369186674760155586122051812176915715127943344036939898850
84203673905877698655800506802751200971005583503384336593785462528510417281742509
68191286568168927380912363697544506979586980557911379280571034506519156404773687
15355612772888066026206309719231509651927429703173051976049006256609171043596514
76411638081891870238329115232145028534230182515367603709493841587572916541030841
28323047471343987064663691073225030383210371140471242249074062176728909529667926
69692208280614373268935365047203835167351604447599035748789333743097627904255164
11193397835119296174505497596449864878270599832521717355802678210973694833632721
29854695586804642574042594126459513528502939142507710499961085033212233913250773
24418120633784097223971330538251148351239987450070113113027386382396535534497488
07812445912628319467398139422606686565640482441636162216397992045112514618017209
63610954865956948800194641613444159307351440223029075467701848795468736476443042
05187021163131035881126890047806330948351410699124917678667317486323842965755433
55532778669783134669451263204892306199498716895803820220903193136330161018626874
95898473510564105100499566603661954027702620616307901811426704308910901172647995
41292698553125852111882622994502637695435955610851453991340861810825622712409469
48831486856068607468614040405417642621497729591010007696356961500943554405906474
53069066435518137137436389834773282312548840455475944988126997518991515052515423
55672969651482761318151882834345262333313165409937809665139798032081994366889627
53281304656866099428535763443359175369186298652303007767380158982332899833880646
56300173801624140782146227393842420577194303639407737628134354513255658391305514
31377805253867976986547896332605830986204943420717972620609053242599642215950942
46911786106980797533110859263026710511738606260205636802107047775201192237353683
81758072808922958713225163797939511948593487273833352969128205362770785282678799
02993144433755240468387873283394014915257173763081751601358978632534572529492197
40489490305697369956231320121446434026620439251938153809889751432165781936620224
87022812591471629185603459751676989292703822010752904721518116337943605733202044
23103009676561266677523586763352814281056987279757737863217407275894722088233991
47398215553706172650539542005420654661808475161820245100329358488634401451466778
78802155856526062090622988732822823054822998904062205504686658028268243607678806
04997944711408457364202841526509015682148569642335292662863163712010409061222197
76653133811340822092939245118035395950224555034610347949694317345840668709778998
57814924043029021699723886718770968237419812515117830400447776922977908082707421
90319329460704036717522343154355663608467720617969722693034158210881152083192849
43409192914448718784721272708936493049706277204118055994391971777329392575339914
07873771543535309328191563370920716370823471377823918245728908510553445644992048
30449092216501758240877468715959973961342012934652623093180422631933743981541166
84715398693022155807335470635750134051817882408279314177539614154879155005334147
09264668516408782860939019782467602818507646917899396528793065331396996756594312
80507684507773908362690144479047282948973439455867398002580118878136289137099567
25443986377428866865501100174846940553026398996143589919276405089037883123908644
86949239626838898805967228578241233517142237679992879735818470567630551569274215
37262642615508327816703406025315539204603026523634154901190432859136472493133665
67701014734883879605581956462566703159949417251816270733885847765022609572875044
71361624197379602980197632830686664176371179474427191638233277224617383517273159
83165083586500510485388543225445807121412769068240248498609017985192068943528723
92049176682225868870749074652627953909988430314545670919912040010000157484892852
05990818422778586496685414828357678271052626435797100069388895199828334861435875
73445559750920770041945883952361644927927602756088262772917971383856461236296623
12332020954879791286167944111168051918235750802410703105103861169651829089286737
39467024338548244593619298501129391834221643917393938840104756923379382137949944
39405664043629976933685858503523940672807201812402776342876766543591276773768984
20177689491535658878220170739061464143178727840997793404340937743590306760011146
64128608071134901308261486180382720171735848507736566266312613503378319828912525
05030664003138912561760064294861021397483037657102164054993396974871788824216831
37015610432631787838432424935171889575318590851280753014014123088269996872575731
75274589319851022265850082636090182432017302337484650203525832679130100153994939
56258716793886803254956473222222042895247052565922517753122070233529692005789943
50479320275064063029660504616345356269357307517003351845375045177794181821109743
73472456827401299018497490483859565586465751189568655010463964936632211167657173
71400502995598094267645164841959882982216070015816825113070254824757901866699110
22111853890748777473590073872752124697159721805983513846841760521761152223861429
79346222289238472476473265765233354165046822372535105066801975156407245858103586
57815142018589201862047491159203553386723648979985550149713585299149766235047744
48196206996348605501388520592153783813536268235405459326462468435434924157144325
11992041274498883649752489514325627124833016409857098152416035055233689866169285
98001166788358837366666568734348350768197648729469391949891309790610581584657053
46508406673822571174863253731717477973563486295114382498172635109156113692136511
87297559442540477657656769331915375175890319296929484189310099104378029349015426
27384746433612288662456051263343179504024140446596899876082314983783026186744297
17708075430339490403233043819500023894040337149945651333154453490524255058990740
49191011072519613111056427730048333364429842815928461847540044597721160608911283
33000493022935345630656942558839312862887747527945317601232472050061217532605499
17845416233772771657163289575648447673898286888732265760702260933350845806661015
41720780477699060956276741889978455433917144851725326046018245466473470419538145
00768103665105440752064517900733094078886920951893726978444293159731929431885556
60552225306127748670417170970635353104162428443954163709883937011528372632445393
02365882924521777117014806674634194519391884384612461595442241618418715288072378
00692621307842784300070401186823433930567734785022285057593915133216165144530806
96013887945608174306781355145517942152602848743122296348183725709747396369046379
72008106705949525990614173351308977934483106723362203951881747612039820210337099
78175384335289676853775585769945596124553473308844039842630739060670007720546151
24100063694040699076076237618563267636866554747124487222317718142971599651751808
94564216082228311919974772765866185448825219762835322100351393858703276884302153
50853013580112890732589504734211449962202329584724981410667400973091166284301283
14273326288371840780743049445771442223350350822755474731081415180686764124167168
47562792432117483626215649926905352998679682696043034081555377392084303682285431
52686454313717230510885003073042574940235846362925423880641680521034677129245698
14516098114648060667540099682484047433372275411223680431704485323263400004948655
45918366682341004310429906780657466728789328208471342356240500544941617715641319
85083814090946447779436524720844192672457383261677762819727415653050553136731972
49839166861071991262852565502846810580632070512544089045973201903451900556085078
50372664072951637939299045911799754154846299930326371015910876749907768565750074
88314662150942910688735234082031884801928362927073917399354197633160631994655707
31422425808382596972572722893613630426903155724789835574247377964070281824666663
80487415798467379324647259102967436919204044467081444323641632169347886154850867
06887328853350993157539332272532866918255636213000426212770913518578331871627647
38951351318562690131005258761384706421179212799449633578914206398630006846465615
40387378225705507038857167051611960241236671242786197147058246549797121267814685
04300653615949454978360918589492902220646956610314007863242521506461742938368443
30283572029068642267949530269282224363963999539397387333272534503444122995322683
72005990401901420654012518150384894557794345637768512672734982118832591308968584
48999380389134610594834873725088503983167009369588049379583685184297016923161361
40875780724438038828577980357709622741714724036982579267682436217876473782854981
11179065731244625943830450896559833989383337081192857246964308505930887796773892
77143416798051311524942941561266241150096388691830580606288790147642956130124681
71019004152535255866963263866584875579654697027497856830261104074930854795699763
09928168189915637716784827101682485646762230946467425919017214398544281593526144
72164603334959631853548009614351872915997683708499957228599181112676549178607250
43291437638297670130220748031746720195568168856096455868250423712793145705774010
23574856062847094692065631316900806198579867397367108544448790824020121957586496
24529438197334214365527343464595578729483570035334303381535501152304550481048053
36177945442759202167734650100598471312244354618115717315868394485613522706786431
16405620669634586647432100381486255331108143747013895188911271152538083617201607
92018363688181035667260460438043500123165476067066259701904335277235223862448967
92870446166626895757481463759791358425848504898096854350862297277331936744268086
00525893091749172792399375189692290402524205797067627876202222550652375038768599
19546918759338285268425374419606203014366903061534482053015795498053282829348860
91129949801215365708045089232162283813918235446816823695210055727213904823190273
83456438519766133144236888672035173173644109726244807315974188079723053974294988
68592929990297661363800135970622041266711697228370145794610433856177823507488414
55260061354833163536010894944258104160653810960647762140123424555166529284206972
56304590137790878458374245608847243926619513538034705847177164669756794971911261
43088902443314251812241552853719715662298522980730246043588671829756241802899913
08384083185918914418368701230950986358853658720256683079157317601892476096356425
67929289775420533031357801309641643887543444024840012661100644635742160190988474
61062261485405981628843064056006720066948836710560140164759142847807360178889234
51034718308808335674959730049819942322217766304509376325150266756154152860117767
70133809947616064853881112945896749877862429583544140584056128531231148693769998
71430704624840907623603954628793145542029761553597415263818808280272579238824476
52163059143880585073794716208934167287916694681700345339625820380447025806483215
14691484945190639672275336745992797621355800483370860542241082067429635707013561
46263516979918158003429098471304128824968078300104418580415624521505578460534852
27881371462686222673363286587326991171491969685807481994729185613077713835649902
52583293027486484086222716835359947551021118602990487960699789899615156516032864
21165894379562554409208226483940820747891908869619911153938215300733633938882850
31916496768087784149703760302091821429006398861063931038507457126560128151209537
63182389421433141566255379212525472176154427382171117496120344047761563748800482
03614086243924981585890187818144427684571449885523106624200906158924809154259434
20695670492603858775569338284621948587182576978088264316812702536423125260825343
57900763103197705934341652287163097045781822920014465222936915938443391061921908
59537203007914960105531080054940334903605671795778240745935152317042872311714224
25155804749167613711657825832333866128928116233998744496832490172058968862307966
45605184117198970927764552851025949820862785266871339425616481871091280054629106
36136662679587689425025358328992932659188269160117211687523023788866497795576784
33549655131356231963637673900042852982529568679465039166139111167195558878354248
29353754974133723052488112713614589993596429426356477664185897640894895907619855
47764414456001622484433684722757004254510406065900682461948672890837103837273262
48256820332810738905178175009671523371106367925519039327075201197609683622638754
30047556525564355267206050190462806659238692014540279080587301125670904034457096
87093320146532334349665063283107605886579758761007066884841871593225700861241005
32606468441089169485205462147677640217961043034281797217593592037357877984899644
11690914992277410043102961943104757288892503004053080147785456441020344558491102
36607480912106303581927714381965457845653950141331428069687649538122453918976405
88341451467671020739964507556713947006472462783995784009621060084103661879911182
09777966331561068273179620380325136351350804485365980700310398108173476345050721
70156146000933435574982133399730162458639764687610729401722687310761177264224710
82472650907516087696222853437073283169553317775565452507192051212177974177464917
43966238735481471728529024170744975778303492971343733127539930845508510269678607
85184856884332978814723258408989091178437208952092282550039365476478153470834641
26779899634012485220610869557528053436816073398463380584473030670191269579188146
92349275777190800057729844962051696732102008950031627775141225998474862552055791
30013353730579419430775129318457506279333907445147544894495441698984362438964190
38515325368826818579927176553388516605400618483409142822556920992851825621102038
71664261190235112148933203860912168926707480850127342248787130027794760301942756
30859195355338234366347194076268090282879032840224784528469157527346005177441715
02227712177773971955609579043817244141278196222451176620969395344379862490094108
60249927617277708152672423721477541501353956003196436898208802844146766998662082
21090431432820596327557912820690204191482470329625900922174118699118648072203229
24621860463391488027212447549291771457322489027558153915451283537881176521431344
42862078056126608378898942456831777613456657874824667049193168838665285469627076
84672858864628456938375415770783146402153836070729383796788567920169056216097202
33214788274004769169498367976001360068466391628424266025075309192473812402344291
07680095201266018881249985496990077268566520787973726268528588313011934200290780
50811220337206720839797809126903664973969462817632170278874845107530125671804822
79784521803572116549614449421240547260174274150943935566339666009964385359808718
80877529980304469001162367417000459700245644871567623538367656660562707911191415
21087153832016920299381879655823373347976472185371680368481769545854239426036191
78592188377169196219168346032301570660015534277751015561843522658232194880354608
52782419330526969930194206745497567944900602665237230752499809723962967147333374
83254931744661674026558409628753482827586850530062696620991496599382770211396308
89398627173165491846467857301752223736686670596693179434676391304241612838524763
80183696674129598957271393194095658528087048298152388812987482434590351699004390
69777756484727528052212151824121006256017247551509272959665954473039809636130530
12717231636738387497804351214835029107620624029257257004528794221571721912030600
23479238215376585676796435734035681302474020350729972438870213495620786892802874
84954750656017619158555000932850333521248335203391626482367596969518096623524370
62349368671094876467169829731452746647633398383056474022334173616958716313414628
49606739634356583164219589700213692781315734513702650564808774137108215478561241
86216719538338902998645131300183288563663094608612122795264865504511248174370334
15281256141772355899840399033328777887189359144530118991789154991903062521131687
23727280301562535685208680578092082992334821016259734452143715588641771685714781
40160380009449588256553062910117915825626832326452558159353425133753835233004701
23815462690622391838014258071528597786997228519353947118714027050252694580334892
13748067709962976161175300149051668679532071122869141049890124894483319877180325
16664159566454968093578784990563361972114929349555017363928079242732360570061319
86536682001442695469129216626768438527640885817586480181109989207365351133238844
28370751177372266818264395552197756020291162792206582146360100734879084324595688
89334794001652682909715082660273622441287411297240864824757559402572339148019854
94508140330787949134425098503874797466655508329754356472180357540792285827830811
88026005140827672462582970210090629349577626344111264270454211814504925184526125
33684814759458340565870566145639685908443017131288308871299219557009800187649253
84247274967050723533308763920672718275888914541350484298760581673965485042058063
04546272193845302433970198581223598892562137448809347169379818736947451214399982
85796821333523098271009767442058149885500945202865999685737415935817870142612922
73277868544813456750818233494267091401827999918809284607014597801090497599065808
14659388666427224572202143554643835709797964474439599007340712321847205586772275
92549099108580220666095459860313436919286134991516164328231458428481868197743962
93456181364722023001283573496518113974302158949178164196717023217646561010810299
47960092024052449230123848822159457128539650916424562341392962147204447314421897
12078863155141994754914422648305084431582305500554395338408014875286116834936150
95592879881945983524203563304840508130265260769592402445030311922652348519521030
57860232471468847301609524128189618335534712022813918519470167893213432550155270
18913841820999694314183415596219534873350923884939861203567445367189268072345910
63177568477276841713283868900953878739239463467720670255449994978897280681108526
05853859410622617727473485064721313365082062167798442473375827007765556747834371
86153494337876319343493509127919064517647428663616368195785153770382390368744680
35864491323728338395984671443297105968393005565079659339236419562531987555163573
03544719577698909566280620953640591702008145442391416632998137391384743947317081
11313331140978568939652295685856084046285428128729288351841058678063461492636578
78757587741501573409749273291448705846813178335450490703948395369489124543310946
68143783858932839701453655959334364952018393577267979149958662457347451662377378
06943051145451273593219930880439658940103478955355434640822803145708076089322228
16158105928855300753798918967234825240050431603467377981543466753602750266147061
56930311204269809127344911702221005511379184870571448080606442103521851716145949
90259018685988885764636586773575002171563254439618114012915355544294256493029309
85146158345377542815677644544604661553616242671041620666959308116963166728735312
59712445352330318966749322389332507456059718945101585967044721473984341551245519
38221467889674750987905095077847045506216857338064799684814015688952612914972219
11551998946385431283763762318997859226554846896137070933945799351892197986978354
61720665919171412665021298689139912683365298213977939127738365931901963346054180
36915249989342630087104754854489753176056056761418582939175465350868425407385529
92060513301578537907388573997122604831001641329596774118441029762155872082288781
49922120289531721051695917915465683215677934343972274882421384495542578254895319
12516551341277636244438543661712721467381329219017335021348617579159979716774766
60926768028765961518508417911917773346648495694693017655971111173754200024482431
21873492465116748304476717663564360231919997696415631684894428453981443699824114
90688103746003292127189612571097038676173723250066308682116595302451225626690725
62877214649881203350349808193770148152335277300796248933316842498874802197719951
10553103126679014837491919425836220923596733089529105301217943241011425667096459
46388509812623036788371133266588252825845465082255211403417642860714122783204488
11096527302934587791958551756849886213806552241221340454839073619006245997676694
73304059565935737922182055754903194244892272432360381721684719668116138905977569
66488120753731166042118739754535811789268187273653579582152072171911796139987254
23500133211699096905496176218552120094204438386789706917271552800075331613496317
61327907359122216653802477887566798714849264515421626840467398333375921228873942
28078936147535463009696310536401140689750971412061553941682338412583735034935092
54249087607292830776201616116756928408290008561266354393019045212654054378873775
45153833353799064233112150924205462847036620767082169798936856006580281033001519
00235704857524795507076720129799948229459664316192900762045508090384552032627874
75766968676594877831656487155312863159127899042121812467717394835708498313890111
54200078903784005472257085717766750272995887052165277391279094581886268052093032
17040275431548764340467410597351125818119759740218873120195373898002571709783183
36513065066118881989745075693185554315955783338720774114939810553472690940895153
89835868801668380637510970582198884860189343569253984106086424748693125382258303
25572191606398737329845429143890286673260750460170481301237986147691203389099187
24081923078990511463697220054686830915575803714996405069640464732854196882440672
50788501347278865711011105643858905146427760690969975321092554609845057371638444
67484289192075592896470657780585594553997530469641362237501411171981413345429098
59160493130757607100907013787155625682147635716351394285202763784446971676690596
59060628251747479702302958868526766568939753002739825579536351993026978817875321
51042214375388865393544248861592746935836595274088069796424727125989131416595628
24228177254622589183580604980736046807923070584097799579894478004609973172288588
40660162431738333518575585170909260126546189143275034945017453472980481509238320
26808415066813325789299302978122050506582417905774141765939006317649042025642634
29228426766261735137126318209100101910720315855181911661303478688625924634208069
07660422214654376715533942377587359236233613016382713841626392401429766274629477
66250298180096629188602353619151397003212272645290365930102745555511461541363428
94887826290958003639609832130486608014555490626130810772352656755279020142927213
24298342181937676915447399060844293120903264931247812748167603452164448682714316
65142900610081861115163973095523932168974280028608452198925808505694410199426606
26094113577195511479377431666096337406145932650431415124841867709154955816796493
93992981614189688091571250566272689493096116421140712563119254399570036777430888
40147138438293873022816429173730639033395481364574801744088042537853910628393633
25189151584238436550823928827731067760219077463207723466289036935151046048823937
74098234341308721997288283752604090848155105487686718562858405564203213337430539
46515160033884184085710811417135687339359037112570832182215891027438169307419787
11945808952448821106092311060544480792150906336102841260873015400855809495591493
96021252592991683231632419024453738372919664140303459832886492039310897889666427
20302650135445446317569389982593452471785739431604619820500931760909873774184060
49414152286184650662531628699492140827174059421827389275307768187988813120964078
98458851643711051692427667439975346781536882508003325119837848949350995051472526
84065380195482909071656448224817524418906553742373579662860068555275216632789843
09428268043596072491464428098069416029384753184445093862207925007039780456562979
78702332803509690131716316580772090812973030681089458377293401628163624425386684
26634553765396786763705701539624767967324064141104265758205993082689201081161852
36425416115786782095783278393646801853960306301355927443059298403644928050015901
86902807676164565490906256415911289827108271559025034288743495815699669670338751
30005292698882701295173050110265246407992669256655200119546219185613999492000643
23819025982920200438592106339300369360419226319077989641261387695035383519628706
66273282472925269983941809257059112349341564394044230308160709123251301954636109
03991475586158657584191752848616615075700460358410899813309733116303782493671670
16779252861046283762699225093848537252651623383721668152179747664818941028473918
40573117790874539023780203240136923121931202136350589410960510268488676854488562
64190360984424533771527599423961159620811895886365972321138559909481704635150216
77251571316349284449815086958061022868456961348783829793334490555163853482448032
42570134378149041519772898229690516102469001023640244451384347738394389640284500
92657141435347404768983609889902261964655972887631828853833860009038078639737023
17015378963953835204483997043138405544901914506125341059149211941008967113795774
80907852100104747743427274636827340900303234919988561879823611147843515624276011
80824236250531165020414041270208806550288990810149401972968683581400920298439764
81711038366950343730500427374905371367881204361975073777778389997185174944064098
78770048368169569524000783095168405135256144089637195889073252830373075720869593
60094476543388996314019502740337394496834164649704941950406731983367141006960643
62912413624672147104870616238816591948476294175461531928034377659464529369201610
93220607694531306412033087823244803325899006610602642788313321959709429720249522
87207898517082800736243010800672602451478789301338819609741183913359302341496805
90383290705347931202915654512780916524014140371542185033113763361785453044964549
01891435605010797457603455600195657546123385592274248138333360900103438643470030
34508774446848026308342055179853846373583478808130165216343601618495676175640594
70163515795424653215024881687645240512714248650227087573410670488493006895522642
23040360233241330089362264187774876449971762296838771387468812879273596480580060
92829332620938206777609659829288709501326350883712694563487590924946442911551283
95128190023493617867551463323299256291582200101305248125514147498319441909817296
58512300067963423987330222209299204563819507176467794405601322118264861136613780
96547644206065798813354202608237204488882907229594186515444418742858886683434178
42365845114051793594753679691473943569994740538698917018258534979190459187906194
65655187237348256821878146987373461080685352458985495435493197259078867731532500
39297001440904796922742674281266644252235970961864576439458119313340558120170363
92208478372721814072669769092659312159089189602593035591333847741564123974469192
24010383010439069745405175847775669498013588357643250358275842870359795742260783
10846203489214462246148524445577142010041178516951903814661406734672140994323508
77046835827670344971145524617685322533799651198947714704748181731328224255176313
16550748900199769586366008608602875502265824404774168485297514522846776406411393
91660640381133517779481563870170639964530475418822101066305812075221454949749999
79995722109112677963987740260936113704106472789618273013419062393310870252905169
30256953672583420322456294799032575831442705284093368566484857946629166085885271
96184497593877300986289532168371761436983650996348864573262620016099607596740298
38890960611531533649054980786778608782082045639522379358587531396555009971818711
71213874907270161207018040635049276149692967301335840477562884493400463876354465
85082177014149480021467520008449044408788342342245795312128928907511379534054187
82534158960454095643960501405879619910447200676763543930219844545860833941903918
79889934079504137837654221477300794139948225156224937795322150806569504181653335
42746166722765852319639147958973875174470006403818081348661121958015546913359489
88668797277510371280368090006204334125513984159589221866216246231409758506939945
11717190480889173000262702482819014026055357535167102611194457809186867447358093
08882028475789313702529433537972181044931134263074132500211892575493975932434773
31743045225000402995542811423359164586682442630956007531812332386691644664233110
31297757044562426116886424523863392221403915079857201724817716133761369606090845
29189982001079166626971122141304552314876515534780726069908587734835330021869425
29009938918220488835820162936657966888986935877901065346297673231670701747058643
98471353122569472455868359050015094215675805400789394013687697788223272579144107
49371637866160160578488107255107124816053136067624922514135077716167903590440141
91429634308312922154849451709142006565450767750285695463760303547939689337073461
57689004094971630649032833569508992251291385285479389316494391989407681158918885
51631746431719380272517936474576556767374475862302748564604638541554931636524412
00363968223435016583170673114767724145569362468621045849237595226578972698526742
02555595109814389796346658901080289430389268382246255542660677982323824905917580
81747541013979449899632620231675945410566769218737932354630970612438091436196020
69503438267532565129723671838485186897951058355782954117852496740354827345073791
62547153323012504124263511929785985151840788048275550360425625515088075338192163
30838721412847127495074192160302966688257438096840472576424120843977440835324962
71090610756002946241649298409584654421203211856296767282044960447200720614051176
19803804520613159132362991799470887809155314222825755004778675576898712534083808
88858539727589381759500208132584969630975455106560070356111858842981685227439954
97656469689879436110799517314984396855229812048096638557479513371164377562339820
62737175887543442752931129654401981256768832806106406985525194734659963820212934
79074329766927273054294391779181364064382752513669110050055411944562167942053757
61912046741295496110240437984105557966290797235083945861349750197214908686805885
68716840889458412175828206646178095213858728668747766895792179625841606391529523
39854870436948295490925244332180212776114875742893077304739920585730232978476847
83255759143629568768663242210464928749600364546411245549059853183030294024235630
37096507746956207892081374233578228858334483860600692654012491271537678622098048
59937432964458776900360425331166483566484179969304349316311864778936403926028299
29534659327166028651963920952402495402676857129468835572844734329614428407214352
99444663576842526495817426872563938365164747995117955887184207427253327030876109
17270752735721456346947899806901065292031747033982984872202870125530138498702225
03451984076024350388876126563679570704573728198044012567886861909275502729794976
95938413348561818770546603081404589471390381509794543367890955790363234141625503
66354146370544186572630871294742400779763703922778222282216768619600382848334126
06790571991147981748543159260597689183952759779695147443918017354208204603111186
23493092457542754595918598579337553958404205329567502930645857198074620339393155
66944675455474706289791120158934027580234577444258141672175342408178501957728900
67756811926006600086466897475497821376607197971028929973573657415929826681055517
88906599693291497451070091674803289947102937337926222375306708725786144421725510
02128583816949919475158466262724949782918005868428617788312531518151088944956599
65764122880444183277793298248699659974428999324972412141390232436086388684637414
48782272886460544346345250794957182247983845546775399731776402643183181450707315
85797798660184788026932354209159262159545753765748047832127849974812156460656469
18570225485214442910748593559311444437497942292722629700475344272377490473498332
23222887971416977749049008023262480508715981976462650125348065306857372453701390
55239289673853428358279885929076921412009211290160032640840023321942788135955653
24446710175357360283964704629988719617326273882499130671484451435298373865196626
77406800435597495931980876132988801109545940017279489809989814466148748305775236
51171374609089366985704737015693245227411421540377648936789493089318539531434753
61191549081808067085793419410388559535316189265516838859674535327261087461990619
81066148157435894906512898365644697843207859096051669124794075939047104412453062
52036847501375389888133464418024044855667009677939100016382587593743721573632528
30286385948838029830386211270085710997450845853876218213242574884626772104996428
96495246792632821889050664568662789827645637339157014681737186108969181721503171
19038014525350726889680735156320743371969606407072313948570616094078111948225946
43920442902282940818688475235872084135049637213437188633391144050612759666644306
36527131119065638676114842186021418532440678299828774418480012541940287283411109
43398101852900807375416842523299775332368400660467289375787926491361838811423961
59094079271826538732038166355646449425284645788244052103892770825283631302585757
42236785515261687645034897495050388962661114528796484053990134505420654268988242
74182198630286586563335664955873295396141474936505437011454916264905128260013627
19267468766408414250066363961658480911676753059584014824189690007056595272061922
11970302432303289089849486828962469516299278756953687559483991982035983367463446
63027829126607152010499489234683066805138317016516554273541639149336423579839251
19925047169682355142222023140169644475915494281543118558398401853031733050749633
26044226031247569822860232872876806344806721601431578013219067458586052340886109
48393481835101764138815377894359131374877641017437469403064160035642369352119707
10452491387471568767881875374157439316254990511768557515698734704368197841339416
35061107984306855843044845073260043995668693290818386436280174668468272080644320
45522675180841368972380750932476882822905306552928400271271668913179212207426830
98411628059041758593886671144298679931687774713873367170813038151450485810064906
03523693438763421691765642891736033702740950927513733095083327725776374441321465
54572468797964488466161736283239101267720855423518492534261824539906715689367545
33947281917672929350655144106059567321483941608142751431912392047105525954649525
79624630724191335627143346648788130558524313207962440187670664725548945233093581
40654937618057420974365104737680395798676473881395545076432704988533226857234892
31358523631886308432153935111476291535998599915655446177751824124281491785188967
23735089467322803433073966934862893114411467980055659901134754899678883042832099
91356099794868554525698526353633278552042414858958488081370223429223148275602055
11871282295606360274374169717251103000880911385662947176203629913502613642116771
71038430713934332770911154505607142374407079196181116681615621193854601775776881
13146584978604584842119651500532844808443676891360847398138077100736938038557561
09620865921847559520341640562819839004702670170486483049047685669505570102719778
