58731816179776285890879090913639179412963573388632984657743503658978185017852716
81030964915427195660652921641031675127724019113883026266984015553516238027656312
21706180467292904379124847690390914104594822764326660001475850755127149959439502
80221149237586350455321021277828227892277547906839074733085116238891901437482216
39274291962996966843797038891247432143979637953362390660975875616292073194621538
66742440630673332154695115822240699227134941034061175093223673685645736608779689
45005790747670061216357542900375819123943476019262407591745821007326791103832507
29346268229494289154454483662990632586433175688027780206860393051383871849214859
43021507680560706932698125455962036073230326294370168673618814245535624192682416
13124460072601417414830980955935060854989784863551966854908378849059171660810789
72253265746236853396229001485327604498387127211637510910002049719265230809257307
90527721579678822831495659196372825285048024945124245455759240031853842067135747
05621752685543117457912052144125825859946855197182767362353576445729623126584175
82793069094449497852137911933100431430416397640100673984031113793394191067158767
38509271386539798883608812200088579482509587053783657331112541189387044317908640
69731790753026746411414639173377739545140811364317104404848366361989825468538350
87861864112286658909005127366760654311718471340766125075759479934729012196433501
37386877152063164597250069394269132627448751841407612976556278271915614177450922
74381133527827771439252749246082636348022511975766944166924917565911652079394596
78142992429979666717931834519686378069163492381294995397321829296064204501550109
69130185458085967274118744369848168388467009224390430122494019303360371374291005
11597041100028328488814788581780095078288913529430579402894560602170127837050528
35682969316817221318148567798991390571064600312080423051600801282159813305512034
62563155658113185696664485118632444936742064932195878910753340718056889028266323
60589367107060041909632280348504857386175334764016922330677106110898662078825611
28971076315506773172634529786577742528557120590547547109174546885729930013290711
20368481397401596955075211843740365946870593986700872948750536740666557476367123
27731180809086913397121154963296564878033839780700564974971060878948409561928769
71341058573675117456750877758719662977044363737997605045669861654094604284734857
56895753448088477118018806574573498411271104751908068248936313800132044098930539
11675360183391810461001535799327515355109054502365840134583945467038256333162408
71193927884580075859953383996757341232610651856818916206992921733880281807259833
41930101208624631046199046132914843151126371401847965173627236193924842256810349
81067128606334390532885179978911140533616222402729690044177982195026131809689523
37077345519257332175903865828331539952652961563932018074398514756817232413258063
63653804998367958423245161742205000726771243187084879227467224439568154443048046
21787185287165107381951062133858738102450058397514402752142171621483885145108102
72360426473178383069094927207502040487456098756949016879784150057898459516700284
45821579798753004668811138403365047997783384034316126925263986288199946128188729
08731813766119622466965964422868116292272734506794498951496564502023147704268185
25204764010014842437233613401819265683875260653153529388029000933028021661361618
32427069657972223975829426573672873821431752709814887770437662930259613582578755
50608249636143164149829740966999166888456998126359678121221167885093817084535771
14992558484777020932680954138977825650830098838132278857211430324483762605514611
33963650753366431540441103503506992579771606106188989519197354661996622519660811
66445679424348749281485348194011568561836003969423265003358429672623074252534403
36429737909982882095659097146402536687647248234439396626739142440208773310641080
94012061035294581472664356918112581872970325313360356049379727027535112525899888
76476785911015036234707560443271095402178623700948157349536519731374367743393566
29555241810989400515852307228700420765340000407770710587913236514976805296124838
08621872283035597171636810087355390319721235522461921350050745272481425116468593
21505098482324232929101481189633375148631081081271093973466263081138980786853164
21670258766342200789943568657123486627442910195488863365139012830844849503996929
26384613411011541110752915709126400557023938114034229611182223342627773186593113
77523376183473876092015576125750361048577696980701072615646881845303988969289044
31540865563096565234435816183481746254099862748674805230912961890222342472239200
21624593009368981674380959563212184732918871336952338070680988264360999120050260
31954178098561623516276875234493746994078990244554968931670314500565185532499029
11012262906135006064530828363951078091760799085853095416600649929381476245207049
85018224116152900401037079463124210126173801777215964565547503655178348255808181
04940211843505998843699927418147643495349825455502331365853385651140776507415982
75049598764865355718137994341175517567715857014855288487704906080027273259536361
52181511638415748359661438567650828327806961489306473537474153685246357233735789
14700523799313286108599600193955728033431451953875596820893228019415587610112624
67129754003306287875242213772818271002614854625134143084360809240522645727828620
73588440292297878895223421162599240044506594583565311660930665505797430040863246
32080463507436284104765166993595757006055863915278397770367398812018898755734333
39156128657541552636867594064152420287089339108466006251658517175814660119686907
51861428261287930101117882530387795877299543520590057160933302021976823068510773
62584726388625277606811817530982710583126035863580459456553028239777404431352256
66957736392231623022653032412679116154007707659718092921046300994335447554003557
83735063764188060529940801614060116421117358022621293412600737854504692382262042
64589954590394105613694890441471006185327595418362675098241797141271108998881568
61116436444271863199189246519618402503084611895490285725839866844031220770503870
08239223018363272742973271296278981438843294281700068468865459118715477616250115
49587067138115973753950315417818499847584546341413637843233376394920932569547271
13552516829270720341987053453493299038984366408076182354029544656776812816853333
75709403628912919887661792860923203059929346362134386718042070290544634349320544
19840626521366096729189199981792362983119386362151186289962316145546408376676147
35890783182284767691080884594327533442135564969460296277106639582679765643444965
17350581041591705315405307496604511761662833760286678316036384552611316270247804
09053125349481581277585787824134748463966691725224044135669713525174920236605967
91343643126808459722925597463441489650385459105797474725919790865907155563342298
85683784821976508105095491627549401156618376848412935008934269744582606514630754
56865244701352145336147263928309071736679425888191150038723862031189517669216696
06005523908721870725079217581438921792081234188272694920532937873325915066910357
61858427342807117592751604842763671550193151111928362171768241224582155571012872
31782948081092875048240939289076484637177386994001330288331239467259138497796063
43013185711541001976586494614686455477035931958956326965954078494768142398803961
11346181614748264378346870723919235785267256036205844517820312614115974167837421
69008477004129820512488176549065436793746328718288520136820772194935355593448493
71325964050681369829773096998705968122783388237241869033206947285992654319916361
37516292491431855734957573085914299612133678087525099899961289760429412586768570
67287856408025808178703567447171410202744681276489189449417554680710814495136543
97072202254551668644742566110636293354875514604890674500520285483363626516800360
60989371582983178276513179590908091068979381861312418465538617278089371839812409
32357239659066657654804793309674658913441855054819534992629963028050205269682335
61794794292373180216828478224939783455726953607423244399264596815040724439867144
76183219391721022030750198237457166648737740490863211438901519085812470800900337
17286251582873887404413655085343013025568193196069572930246406210696134586491962
09201453267623363116077219982060959659981789766122136970714675010838578233031796
38419263687352651807467971261145799561820392475598341441726188279770197279460185
61443445063359136262393411317879394416259562070715892272906560620694505495589444
09180247146078029102864375475521514011376447857153722735068859935833329269746304
06432294763447263244625764830109980887020197820123324588259366540303581657950841
58587672804479482656666538653262260501694561524819823297195596998256305638287687
41063130236456751841353715757653023261416310249833457831476367623049598240171916
63733887572866892975355719923473795761957436775834133698713824741656483002878975
10591934893915868563341238491575823656846981283494648531351294749824985871293029
12259165342834878763944847390147005750296285415297994741794424101877102346426916
34953786834676149899971712367447215260180187122971126772781977706658441908181659
65633992409014785168051520836768567114132413878886927997508281732794899976940502
52254601187408004004041982006519000667885074121476079925062119168482560123604692
31004008059680463108437796838042239520548869221598421494798930826664416143095248
72224842910011466750305165062353368597811208752504691321845566182933752679418607
45024200140038677323708731500110805005544842730496648971340288759324274907825709
13845274834974021648825587703438522598523939315758463956137207142565019213310154
89504888781550866670150498562842739893492302174534537769051080608260798694709709
58693491408193781114003951875088440397484834929095574358558373280087247345628637
30238817759401980732424428203058035993432604033431039375578012458816684531379383
52321967073911030706123147282559461560701208589495986360492360048829968066429176
87587707867510430084147478241672792792508032411199071086276370546868339007133163
49442649503347926072615152555927994033968432950007002268870933247817116026717831
15234918530668847077770852185704232765314812311964393240455663198298277955210384
76986338727621130944457086146500643898369669170424304883173523459693116128559833
03532567499201129215970696799853799328721906746567816346753407500137141287456800
62150609016638636247792178272859031674885392331750889518071284065692483574879007
25088360045058994941190224163396254927744522345723782249811221569211836933437423
61812578321950651522515081661161606693290109991123485681134773022547823701534812
41903934653451403303099372281167723716825775753717498964779889390697791259985111
77957938900138112421822814286702291928330773411176254693217814987545905219281938
96560772456712348452147881260133219829968227094713946738337476954565872058025985
95620749108527918605152748231917857707596509120763552556410076827082624595799902
43385069446527968428580690796291462024492884587086191854312619636341637738548476
51073152990024236073244338971652102676480543380460991398308218070247576932430249
10239621398184691532409101636404755863617464055203506320032935263992825354563567
83497720921629679792613672653255763472975450547277472545324969238873685341997060
33319413781329348841093748161955675721716880036117667287557155941240026104196742
97357739759944224219379705199375035609633682976292111355544553424038714558283243
43472137466200611472476887322986075655135741469631440427198892370194388351142282
28310602680111398164214811134915119584351296304985267059626462590789841934397310
68861126006170477611661044004524012774681130011203879991652425548769292279614423
28457709395509224672452898583117927577371250424276751794639258753717935065644087
23272323546485160868496396947789490301044657456326528587869981103644454424926974
09885962618863924568411451941181020697392705687592429656033843608351413676059375
65298094763234774769818611382686827249947451094916810117254693774014952259677333
72981135840708833375833500735607380533397277012253408955612018399903393279392169
70146240927471566919804328342820765116396460850942219478813941152499073413847274
27169115015975279190835261951224798295424385204111230821311309957086890902058549
03952074713077032345530494980278604409319359773938356769588711000749394429850910
41840509061717867499038471884180728074710639656505839480789527506649712028014650
11696629555195973960556550397933127412793094449326554386292782708561921242942378
47043277224350512460373792341620451983761477090932372541314971146920145569607442
40581648320557553529532282812196239290750212287026849006852529993106017791255329
78741364544149815303957321055225154533051454140454998102984600830441719676266550
13720009312345490833144760595240463693450024985804705444573207860866313385843948
49854020550818478950052354704129161562294204075991970930936625509487733436059098
21451673412498316096528175831149223661907618330812330739483002540208226848956572
96879672456234164990976707707763431879888575306419024331323621969124824830520103
40585539999965794185085193922187994229953942460711972831595399818012403679354824
48017519622381603942819868934944960018324524811225341775421038201612259760850568
78052740654413415382256284273556937567965656369765203850729206673015820245742854
17037858112967582541822790076293333735076819229427938897567213721592126398351618
53683589938466773545831346752390485502109720985741700106260621148666829083258292
74584086242071496552860524815879101236195295349389781245527300207641687532144935
16214971251270289358684355127109898511749334626241916537101821245996811318430628
49980725559783711797557399602491368382138949053815119529200552757644826900090797
06919290146191137553878205970786181302810255439673648748356127663043815449957788
29791728486276392544800684310527702238749158092908056909142718633426676265498855
62439439344944829237937532526530856820324761549503158658201803762682939056860383
96327332925211263865146519373765634256634690771749809555219071120371142870502697
67110681048506862562878290165221714740348152260296464933891050456806755861766851
53025692708018744887511653738366895580562526824452887275891653704243450972832419
55967764719533229671041735688404596014451333945628762740577298739105957129075936
77153503208898630068198447514734967921186321019761138647445091091506168333005593
64451654865356770870019561898344369408850984913095686105398795951335354093176332
08102535244760104294006847731408758965530656078240970480075525771489702834320678
93779273908990278638158773525284527659631999459663500013609873638357599056130287
04336017833112819958113995368748904523441710996226481051666298927734737096049659
00846206169864094025902708593331037198890188743505858870759835712802684777865054
81744830235683281990372097349063999914336559745156902973706844073480059059020821
21505096764691438640685521344558081850018747509609358749342851939374959623680354
60955400295061130990556141840342929985306523631838176974956647264385030787558395
18857280346574763026815783737355282702033168995019392541995872676532910079867998
27170879108792099747341656464483587366478845205170704658014498078397603820554310
72912780229587564763183089353918177406204083063086801009608821230606159825796796
56895614539080622508054025541627697675396552110589114838643603656839285425004933
32143270332349850065331615836628205923923355671394273837006126025347108705148221
74049287224457514685105163611541754152139922546099654002601852602725458298827113
41048276471906411266149355632678906564829469207856598610307586640363315486459185
16320462850651888623764193908302052253860184044459121859131053123017806878435780
43872197353369541265260615161231989588766382976988213090989124711855574743111067
41193619823390913570513690415227444162138532003137872097105607983269668345736148
91947705155816597341375429126754839706379045809767418143697494830518306811763237
42018133110423515601542808053075435570933709537711964104736246223869930053722410
51136641753121274669572224733744793019805719476793755218406741677653968054487813
07561617917565203214091249526489538006640373509156105147931001218178423926661698
76481450125195476341047636112839564228567638449694292232257188756548429671817311
54144226032569419012131957551532634535819071837363920126024687384343762613887786
75180206449752134080837799900926945398219919277856166922059532894409055017686822
20986114315441672861483337564378492812885575526475947275291622997882791334589422
98512786193759394898839109871842200274550619190667123121203418329496085939193289
73190587926136240391537662431431723151521664661650988415533234074922984602729052
29984739070832362953202740871442894223909353590926404087582537196391682510803179
35650050877685222375153443286039017335645417525292019247979434374117712601301830
34707604842950854722303578681753568852490095216963935156191704624219193051007040
43978327301688313203639187198951987699307611930210851205633513227693413915492343
96182072052992508435874767457188170100695317959048282638102282171687071563016348
77385773457668831388306608231057622291078325791379227669674364083014141024935503
46261796905611367929346255865215464988885599005396683094883959335667887862005751
46494241689248789580457976390778190929178625782131977742442396631169444781621287
82354217879229166805049104479678470091263153230581214885068166009909541666676113
85046438826712459275162705765117151033753874765851488242933934492605206999760318
74346142697273958558894163353158674368738995044443801643728403904582023706943160
96130799749190446078234788392875870699436272742814501615369142520685731792760875
98307415450848103695537558402638293372670095415924131102735735021249735808984588
63674142699599921942838566490474234378576921663958627157033515766706584808536671
33639235332885283803138498707606677828043598480335348257689755169805472075935690
60430097409530002994510270591135845375213653482721070988386669662426727905874465
43283765533246061061803778915804443601567639371108982491065671759620444411733211
27816246474268393571098153163639094437756555246936773688509306855294100468384465
41564577747380070263525615025447499653287532079361006273611042606185828408164014
00251405474804150637423661009521114391504580586671346621571830406047165982587088
76028665534124711204832235281674949364013790031021903594062771961563248797814382
49246470768859050267264017437692110419765025629897393490390339617316021708619485
55165372285649988344475310275681766517522213200937092570557001506397213374129398
72357772860701556319751756770647323620657892947078168693879933090244824011476697
64502014942098873703324167402541564624032141800958666031258694869146268491200946
76881112240939122590771243905585976431970283562837050339074776981050168799774799
06410146891843143653695228000262421299545930337228969082639095808985225906522234
42071105032934919436105033362651599793355484958601914998498485908456493986868742
95279734109200355747849292820535066761566200402621512415482595406165246375609424
09698031995508378631362407381283910348683491474936212574019016933081403039077587
32427881306495595947625643049601888838206067109649330139523723866846994829130099
27958944611579794773851662955169268812946122205226939989174819455627830440856165
00408119379810092699420640479012253618339582096242975862238427656632339634527124
43823272574964404296140754242147565330293173989487569169160925062561443118643624
07295584499714666492986685914311918613235765719062135767187597194922457580777738
09751267389981675317007722409424682930266790010020871501492200273573561550340800
01853492172929524076483547741539106292530156138872161537194529308507992414690913
79030950102880348096215680143419691201948167051137328590860239661629772709785046
93396280576656077331931306654383159276842143206229863690981545296147635166641786
07814367447825659220188389873248774674928976269044590184596059240012254785645158
17458325602506926367258737470222101499582545503208304612089216294694357919955524
11043821054662824323806353060055227046583100027316531218356825658856641051327875
56162507139502199342171785529189715987123026507610139029001953715402748181266161
43080116923643475282396441984448054462828995304268265971086912784012735839745673
05482406881882394714299694257082067957091602114378343536472038070851538302061396
52543065273114126373268501884188854277703178875931277510526755392056307535169253
47640042062383043650683088924255622161493022585148928296923597781350784123737553
17195403594222270953097124145519321477065032269041004027204807413246418247628780
75640180222194160337531504063788462886556402344139181730165963706682621570654288
70003455912704946003046962603022535072009839683587827836846986132206385727774468
27762413223946848711627949284744796534852008763343695893844647760736766328542993
80037264252733239816396380150058013260823705413690411683689418946801236064672156
49383923790059478064452414267076267236979817898275428609235214101061147243678425
49953695600185342748467800225131875954468189183480484133237965779811484839995961
51750924548179781113393676944813700496154400817714656708586350318621228985242886
06311672963722662528116076579118525407792508447192455591696011696603198972392251
12537443564584970166438643384963486426770017395136603626697958121574278956549374
92081798326105822035414768632283183596744608836158705992306699629435042150897414
70640544641674677821347826512296465250890880596912152475082426690412865494040861
91884194730838084649666896764215049740622721897396973873762329009337869116519482
34566355178178862779971707747838426139353215078958941553376279055189352721658842
59163198887549192575292699218857958730574530378909112739157243561919335080271841
22425538310557531907998365009500746946700621559746604971609338958751348430531522
33100296052093894482084804511182309178247896874423749189992210075911687592264073
72005402582032519907914467850251515957623878351413589599315368474449190716238800
69660713470258913129924105105009569584471860979473474316832472983056732245011708
33959133159489187694612994910450941191025984754091396798106495666039314568066299
60862593902903342174260440222365737459841171644381510914611681823297788525924056
71096351446151556840779923196253079925142137913147625726628175747002928397796558
56868657289987392754144293080657603489716424110884410105534732840224230424637554
54924052886323986718354607261273047475291023327124963935069793257167492115503641
47938563818787581835459304130828859954103688446122679829201133150387951960042670
69260113672379445728270375547773143783603373438552333665062367754710119301346466
71948267131932218974536461511251192736218725120163287362151346676575887675767603
61908733498063597076097985038711929363751649422153426458790157595620434652570580
05865477466276733135514845177686907877221083067731957813312721565223700298061790
61791010707950948668671932644241598675745293033429750706672801171559192774264651
54564811681788220289947068974455904125356082971931048274983720110102363278374226
03454400180524553857050582714952905274953002548280173996702662187367408864229375
08668363323551169467337869571477749136651957725124015446051375257591186069341949
97338815822429947454576371038882157830588669513143571416799558766530021662597834
54010370508706907923598204747823711402469054921677140267821712548469227896399949
93415456215675115478560020349227680797782220159658150463816947830661580727414452
38215834866372505534680746661438220213499728489623217399553437010344496161720695
67621644943686125209079927168950019461822820363114722340477598138548985933895271
88775951772413900124745379961578972275067995908344530885051585619463350967173513
16907863689949314195889648664525590165082360461871317291088108855762687694605782
71238837188343030094831777018078356316982954222089434544850296712757795663976772
55418603316307591666699486308260747825776035936699120781379937139064160308183374
57422345264446426239650065465243818169745539826378149747801316058242932887210592
26759306369148154427300928743980039779299388106830410507036350831046010239685534
16826156226576178754381080176661547157145868543859929106193387898273029041632999
31142131957810143432780878421194634903965286328932723675428880190277199018808948
76077291817686958068328572588561768706737838169677032783972380360498152070785332
54384444358685479925390566547607389584772900952767831355980316283870369026404688
97619092196732085074276626877449926336421846251295980597426139727827137818992673
01290765476983664643493444792593975190787887223436586023839471925467248850459010
03063363515283704369157267971690571694742347170629681671468328207682241002174911
16675390855908911770346326217417964044111031080898025364293548230316471852701244
49381976021309943093196620134883027272083782568553242754403173788371507129801886
33530082213050519329372026347765189364175500777084674950543981468661535896316432
93227329093865115024632877971415094051713633572827078547537531368304438038085103
85819810480304859877443566410312158158598665531813708788015531657321083188019078
07285489209676341446114444028888275418385289055722420649074852956742518803173837
78515387498876855075886318825952441674412158142175161982622752228355814176577875
50965739805141902862476244540008391795421095037109736548897678708016394875431087
41401460268286196993993792898620027692965867970838343951077474184067045932692480
62288117637524050335417756117259529832603195435234690757946493196977241135973516
07215566378191608091205032968508468215161449022331869920135255006844319710953940
79121830862032439220646844978664483104026583245264174726152443812867086068416197
88211042404777412116690045981637811443929590164877130277454592211017111989274045
06287940251844044141867493106853167913845729917627487502299356426943576110751119
32503956417317695607891749559368280443124634328398419667067544575313622047023492
16207306801900902026957467615192982900853787400474939206956972142206208124712753
89351495429632398859972567109421972283907422478021652707037771318385634909144434
69109966386113415433070877530418943727013451492520994260010992004745655950143316
31973823938772696451500224955353450393571007666423607093639748118894620222353335
85614914912320232974357822105285928664101878168182357984076792385017715323710280
33280173221050179455231931409074221407825211689518132037901804426995791012578989
53739847724322855913197529695584761790385770089101432989364672403856799285212958
34456845724478150793880934223089223878832262338200862937402087022321430088652059
46979079024407634654332449543728792783888723710467793127147697461887342548878729
49394017991255809923270190016388013585306342649027874947415803122613666817226787
27160850832578642359726882309111686809378653798789913114105248179826908858876869
68474667568356006650451895464598147345372501342811657765453086088681855350690274
82278582763620798204931021751814670123368418720887669585087990714780446181976805
63649856200857851881756751501445042976031398009675967902825618067000889750137868
83238785533203869418008222761495798918901566916271171658081078872043014666953088
69149279501583782411059074103818736329898582301745600284634970537357043326115640
42247165692920141520722331086325242743560397391352952736391797404144945024000301
28641120311698241783457264189671915827009642706052956729252412785279596541596671
51603660407418666834901745786550181959720080881031007607848227700783930966990968
91692250127515381773972871619952566484349779759535022250775694887584763447888925
82720641638620147358617840197872733855142579804514328101613197582647302299634769
57572511140015996997958720268209624240688602250817696431416366762688430154498418
94374999267300662376231104432529354020833922674967543434766870258030430293507010
70728733788884324182734486195334793859194825327298439234866791062445416263244619
99276064579090759474129190876646440490610521520296595543415509582960180734333220
58579630809569613117743938834333741943827511972344210670235966049155076064991822
13089200811723147553767903992757511627428933535595097441549478851962475645829402
12318995781612952740831956721101002250127351669154425544853550176336809782828447
93914260482393303085209874288950731094378417070791923137593561642312949299869451
54467210945461552209567467426789555842163314914332359334364404701688909718654804
91276705352296827731241412317422955005980183864608946584790129252631990329861680
20180713026640381071766677520675968000839702949916160329442401119714656470099451
69427228529129662638165992965972223523240274103965438031415774875406595599929437
30973562184477499738930502461450020718407776085438808518976855457149488370424037
30711458531739646590080623996600802211375612289284416654941964785505868570633079
95393459814431052894780956823836774605735508823311808244802388752017261401913658
00534280431197190893408962039545543041212700569868636218353433626822270759293933
16589311302812789030859562667188632854912230139416907380136596695149639506519082
28452666368816001874971375078779068673976455531652128847573337833843622421608889
26744729435611187651767015152562882758889301264558894105229191517861202551757317
54608961683394911376849891342059530062583176894496465216725842983865669262309586
26459739885142489135525070932591001192773972744454537031034134240539498419618029
37042552491318834468417845719415493449646076411227876495413808276528072539069971
68263927591203858413176890477343466325575140975224247063744862184339096584677809
91355725306723997036509898001082119764510822374839896571327741596555760254355464
20369535376202700626689303918424567343566100306157363868361427748151362162440684
99804090792536138235053592002255660610356484312192934043898741265777857737530642
05225056334476066235181994108211643821716627839207600962031802542860951869666852
28788752671031832625644747311590900838035179255823697798951829522433471803310215
91099050256129995910999383226998349797289661020731289904281635460875602898149109
28092844759849778822529778616762961484186314250595931748494214379216596322096078
88066954045677723551816893010228169279855302652684413549251417729682967559411871
00923873012538545572084581793447898159073923009123868877105678210270928263109273
89100388359534970357899462466003139394864726525792473179634532509463290302366326
00545402359075784611002814231173054211249152876993656413356398853307445098704365
76728775881502886100082463991785339249465515720926504635100177455533793973570236
83327249561999858288789424475684547072986401468521250483211653791703010790740107
24489627339605441849125860222351843066459230769666688838973249427124390488956248
28566208034838975597573245621541945149191710313918304615502384169032115177069501
31359013356167939151315393481312488493030802478816369728187466948289152128711638
35100628083474293776811264820386031483755357269911675246714816581148677104831785
76705051615242565499268752405676024009337775083685584271470141904533328593078089
91957980036561234350632554672062532582111489870392986948919683049431386654934412
01793593881855894809394347994708916583393353295829718132203737500822014382319271
99631807556117392179667239043073162126043782535958455513168156622833244856740375
50017543793866280557609973521228525581305030686485728048002536170787631572232616
49475760703257222766571705735238210418430377819582656897353593806859763261993101
02678044469748779925344761563591577271040706994094523192963303699133027481190683
10239536536400984190321328361140501155288990339691247557364315504312124814042577
95356668939296355295941888911620102204739367853584201936534593045307361172151788
59325836265294799458872645296956504212728674742121827365231771740880369908822924
68112225174880444180707993184273174393385598299599426037080136018110784454819789
86818168743270394789394913433453543335553119169852493671784934093583284987480744
54367461533202630144899260416056080476494628257839551833741336212782436957392723
55353019641577928576385440773747544879164969440009810952530940580721649217350423
65868830090566604750231525385165759673004180182314295624021620251721694617383562
44743921360904965755223528701404490205383272675902399658166622696531914688547040
37172214028554019442137841054211337872826806126614152545810118800596041244487070
37979162972322031745981450314182508153781644556796736791135329936931867629741296
20680655619803325075980612449406376287158197553995285750069955661691341555401302
97473852618449505232653823877122992492388133586472294976533869336410079741336128
68724822050342922853608416021397569217279681807983617597299633203279732786216371
54857730640046123476127950875457145508320181636259556821398646837984996384992300
64437367247056059297914283388014955096633800160850712620572500462057840363037014
57496995388154657177959118571513050305801909191750696475527332191047470994955666
19640601459868323810263251563994549829263213280105371602468842145177456994387763
80382603125203401156328726775037442863082419063468237086485922916412117131073483
53558432957079329867510605918367889999139433262676798361514563116412717640093972
77711689277449602644731398647079021061987878676535007732225417066208684337572257
41270806072486184068192117435056242830972404982282932105292932678123013922122532
55055392511441832384179984329912184554875931598601750279477553443420601929445481
33873544627520575038555524821645817189332750842094296607381423605615648485120166
37211489094514671668093088868187159377672416509796583758351398238935811222123900
51089662540232832500690018039540923921709485140708012587075370677753943798837758
93562965608567903743029698326610943774395832141455499416427864093110532746867261
34686065829305906036700318526344962352561997578715314198732040673881129106495812
64776397633602751030311485326140455550599458468541475647160386822187326784225506
04896405780209074262760952894146654415750370790062841102437154408037987477228216
98625832254922658587506378309260397664568465268828016493099319250927346673514809
57787227970839176284909787634200281373869324109615332117828245377510851042874528
68172475410593286283869387402834237931904204259856332864040409001048140824635165
34544208024993404157574104111265886179686369901938701141913635238221768646881217
25906092894445670917146121138167058788614316062637820791065067439703121429137990
40811576967466773776666329023340768890384279621140394935819728658726121480262956
80070969413311106686484947941943343029050272555127920681023454967557378926266020
99270003699905828758740156328266081370747538169049386393318265599141856725274241
66207075901776345727891430576990137748017565739869076245471712002508139360178833
39624637759558314634127875448611314906738033236372168424507141882458967598969740
84661768415816831731782787397392210987913986643199699507675080321828913275691084
74561900650115313067773292583561492614213237716376823209213930100246167943974637
88629587145218653874041823558591551081819930584317584219300666212405501215434153
35728640783269271995536968733172135884967122201378534667949246788500503672201675
62374611808778149416297223336512736537904054982557529813808450561765449599501047
80872296555868986053184009185557315400601297210213847983681036571063085074437792
