380329362518025759607069683719274606768180254558426559672622547008243228583656
303963668818863725286213165861870004069153071422704612137609721801311815886716
745225579636233577383144697481532953152995526377502175108703960452689606688691
506506738399645057164439455122413227342065061586859749413655694905919189905449
344331910840973462322868842148041130099697216719704152531883693897696345894044
026115964388411579690770125610429472859854896662650307492596605713161092638549
824066992767306021096674552590933411625561408631824660845585253889283527722692
359903705210528886200312847087690605382788867484863415307194531638369579527047
694715796446819910820415348062905221554061797916640351367384197122489050096827
127481152168268401986447704190546337937516118854537570403056980295796861315657
656579934258480314870557092441080290188626876168193829189546686969456358365846
410504735079661608061247298597786660299354264609501627781985781741204664098562
936682891513498745369516579104160580027305394087393124153963350870717023054853
507656763280989987698256203278487964663940665113866715061314951720398710558476
839399874212744701661600445487422500201475691556361451790545430837525321631899
143850505479871035810773635551192417519059697866960291056877513829816728366293
756727322025630488152029321351935649303241279041345489702531892587497709133969
453184118423975351333849404156739551670476767609789451141573765638484354421298
130263839919247287784315212764791846560874724810237270530241926412234716469754
932991000517177722423506917622430517347381742772600521786664672653935144875098
684285364386761374865414379433937578960681917983947064295071559478056314323980
227323151024149128259887067109152275094364935326760003163616774472183525200834
601218048866589864833620784116939012345649340374007447567176893547601491771128
296033342028404156676535219096579297525559110590117391522427088725850341575797
528727486986190912817122632653102860454402634008817374095916647550243997140115
318473735031086556113485876673685223503912396608744158217563833016269252881715
120146590395645848067287213138467055820810131242126984520895588610459014206177
924376996772441687997534185919987088502248029185965733413100593031787917007644
270870646918288520368437032351727873462204054324598177290212198027462979851790
698898295467214132811671778959908548864243269127533438534185052970821389179397
482323933064508200445496523241992072458409906467747008708866487626905676724756
531120596194468309881064298993859042124204271505595255356146851457046993691514
062901546867368800420605104253683434726265807616115317295000046670151924925694
388649030788911520065394766165588906647626533582313815588003337241808628929552
291724719072965119237437533356508482805747351363667880437040367379094840191167
009024190491088169277888333529609978369811309119782861346504368800469950184319
910389495435020074250338129493332245105583806726268387739962365175363257093213
670189337860984048402891357356545603643610738515119409205385729016844010630571
893405397600824928983806476329007637477060717720902786249191526590957005992484
891765337097507779033922352849571188358653663196089449456541953910736279025650
153907405067479271020196100712414615111746733656829568491711213005676207136831
409809110668566637015334534070891752926188583981067137156708671393169860925131
718270861762823464633025521250234150244855168995245491967097851492167069731193
564602104550380333094820454946110441556628872964119086730938730132410604674096
115128361247471993933895329213848561931672687248624656101541034300033653342500
830695969655912067472578058204469491133991225977572452459214637475672257499374
335735310774696419166247271200036538263552477190004725111537298354297562883567
435017025283738623456154077215096849716269582768013557653264735682449719181229
357923667957627394365742703318546650663220729675499941157794423521860404741490
747343439994848027195650068834751513556422758275319450689393038895660860262215
079079762600361550238510750640133973005189571636629592307036170810204732259000
547428500034910237410380553405985047272687612850130210948801921186432173049453
577920418314820390476321277152766202263164639537306175165098654855358886490400
775778168569332750176453281957671437504347488935754834181397243797291407253996
451010408700324309328312755641310634045335833163991538553067129985753687372847
642358579229906724332958324995230330174422372090227884947382558425274618358778
709671920196526111659080648177760370884858113244683227230739118553107633224582
229158899345994368723351416901902385115157923457420826776600974084299112535346
951106111241909027289348084250566790468695677951328653433667758931872313921507
934085280327915739794538389428645121158072038633161652336971052219539116324234
936855717294652676509887156702891618808718640395199429237602953247619518834840
341835363113744289250566808820816651718445623204295371921578931992678153940823
239120979889029734141414596814290868965063770066428001770440456127998047965322
300867404485541753444003937265677204421753941217246034123611332517829197521574
147823480768357316174571099591388475214509173652291892513956565718009042417311
382393100576080896799534844183052365058752892413464055879821726316815445632885
004172638904059181164175942684657037829750330440442220902293574733877597943616
766018002357109933431842764893940749706663979135820762968192690166153238632227
349245623922589985701997568442068551742283914887775090139186491938575330748382
298803816618033036588479597212031137694464987213251953604867899804800763600943
196160117192770422150261119631723859776616525703585731360138658448137388268285
302138532109344801328983751176966437480027967797424239274775169390341730101772
561610938048507242524134979814427729596863821904937240175980463677900162208842
663835545540812704224264034344699246392786122805088452709681851154390277098808
654033914368436127821917518738895873735866795697033112480845523693065107374972
357679684712312361244735923602257909276145557883242131489766322882975994859072
955297922150952620033184767814414828688235890279528563353418369935904996975922
599960052235025646565586133535126142403698382531042159037392297605074067336609
049882796284011933899255432942513575261043978117257387056478949898120510816208
821538902135751698481342621647421730952534493275096147288786315286158617677569
728775677124540770491178455140763138094313152606277807406270337557925871891483
344564481043459663862700383838859608501571126166494884913857681928898089730202
910089232876709778866990432374504408588466085147648327487790696173430545100551
483294189499542874115410326006642424367707368672189788608816477207488814174608
764677360620985461751405872798491025544952177377802979616305293766002306532393
492060612691604020067081283399030665072487919690956423133283204964388347007963
200819096074630290217668911251112902713465577831621325595626940455954816439662
877815688400260730357299151350753448275413513412151509671527291552132151050964
108747993068740909344870450989491204437181378871236681120117991263240486700343
427690032763121036551641917918048560777567419574000960871784589841514912030717
433966730632585051610654270398065597271780588165966087563564389648671049687336
021282565751540165193238918862228249629894032637863763714166930566324953358916
277045403698163318780261304105534426759128086440779827895227635731184026640638
156749888101115351401963090045510484505708904865808782448037772614148184536915
872660969576022390884998158894585032392778515333889779253379138075792455325780
788842081521436584957221177862245920671211165722558706802016705615445009500684
280401687011102469771280325110063625224723683417521446790335793890767533737552
406637032622220312718037575573929946724504932537071141500119805617581313250068
919018659841421803144304402138606498729954250029629570263493157381221447271088
195707403938667168536790781896613792291154072604529245203518554073852482088281
176022940794912648330238094249823561834307769386048634511091233365432006758930
872499934308113420645755584630442053283540857876216969986455854809937341190820
020739948517326860687335874630456362466457620643882584266536394695433483818866
439594728854485673679650834255198200331811270478428141526423488213627326221235
850562288039755851275813479513291325131820199398609212987239711432159655062896
336227521242994165113484145520686931195956908138054064451264854314019769921187
083979134716511032141057313940186875228190571408034055524222230502126143224352
062063490373144338286212087403110323424372613008383044852507823468474535836907
599358395461832710531382148683085425432531181260507892083284834647364704708366
711594510534048482956630710276602542112827947873478766914003309538994509872754
077646520052549740592114002195850437090202976916576669019461313162487741086656
388543047084132221438709399746375658898489311945459052346517944832115560618683
697194803325808054859804296030261310032385251488852176863095733584932995865987
570597467268015581010973675223772753733630101192463547185880518065002233021184
236012930540530311245096755916485735653930587722623593918708096217366776591859
988111958171933770825750137609173350164862366503476056273377675660669366283931
366192119739897182420848044167294395598584263130830836972345590594259691672669
046080953189682880258764967053515217577307051229622659003110441277743837943477
976281570017353061667424638417462520351961433437372828271487466152582592984049
993418555408001680628762065822846704781236706889439718708852181205079566214227
006013040186395120596446641727796375668151916605200827088924521802395810316165
011151512584075716913391387584572391426897951342791872488973761146599600809626
185614683780893478826309477906423653968026965196416972536142736165339647059967
370160159409494475810156239345133171086814607343813279695168184694975491197917
235935245940722244241427605898343338340385040281058359659235482986603697873323
901959169694156254366280963863106315567594289340325114647809133956647322699930
222223411371067953037155098849597198632440142983236530314013601877609658043581
862404246620956401539760420388564956391972217493985049713119648998959838235584
500368132513229194889618140155802360315361542841883920706977087305672979802746
467879148637343806302946146012239449348164320780940649607217889266818980306230
720641380834108859116445450286654350114378456556733931179610483941238735547507
792929863241711555498116963794901027819807277175970198677270265704606140326571
871281154799663648437445008538367484246443012637944239591328873265035011121529
560071113033766752712955156755691748355416720351966531431300914636723423792421
382296130360419892175124963817597889155977060410004048139585612643914568837652
365962998795041677616937608744333430603244935273623075447039611943287057280650
915513691211015548789236556804027679976653175943950216953072775618773876536970
867084868918194367467659376717988850840275688184465801814535279433166846251153
244750879528406526906955983291402533897571346726998729855992884163175982254838
787737007237395141471665991939057501492860835677551691244112902302908771691952
649337282755401727818527925019151728418099559714011773921257737943765025003963
662154800840302146968373484860277865458488568187215123677391178181307332919041
469298486934626598475504742645741023668218744458405745288046597321646739506778
332257447395531231197862476129015316631856591122538692098094047555302499495300
346547964598704597658277142215088956624432086523168375144439753622609261391482
786715447787286234204144030868600099691561071592585457408741980165155947011429
234969068924460556353627972384312435804293376437949224452594439112401331023963
278806222348058673638964627444552844071149679721724535089004577960708474237373
744649878033287385228892433275629834149454444865487521331762378628694609014540
391159221610559626303274233426137156759415013699384063474599340400840930048282
781195775525308530685882246211599407900319466892441843965449258514950309961181
970134617541835990106302158770467934630972968452070839383502394974727876461134
375373726664122080106245741582208521682633044341160453261305958815459097332293
617101200723234807354901862902110122230423443287446691384323187949561092035905
989076273612238188317761395378225472046695464114342564206607667041444892995107
715705008286096163786037842773428776423329025819580066362394904081589394437223
065577906791548054119924014810369018809802152726909506092562936731009064609833
398038538469641880998062248661110546480718912122162379337819733455041589424866
402375064032813080214820383603307816817028962126854000116367809519178323433047
735660250292670420450623212548357831497702872800487457042321946151105987635077
654835956427036065383085367048866361223459260241956383972507418050317770033647
073574159707717978829281412222850321721375753752541984329141750321940019361044
568146012721670769596534210812107149382709693521937332467603994054848948396971
094258804512527401633953698903589091380193512247471517437739454511070462140132
322898266519459858838311251012758700424105200463375740991912595171909763981954
256444542788691311382806966909916253826110090900779068551699895439231031911452
993549543796937138924275141591961153224481236018472984811653371786902312289570
361519230253317403239370375191102330378636142081367693279170783109655621514784
332478473370463966686778803157179430806855565979348318738970697875454049647662
732606809269499974747503018385166526386387216296682509226923774635027274389941
420988487882693613296710887228405282863897689044872931932358217972437733930858
708040971970659180129966593855674530480748683349786120210486425625928931855933
569861169464323458720226404602269394585555398725603183237294122443504238814882
576421032668712317219502469026914297969362483630530513652206289216459552615386
342280933952991036395735588830987946250240117020102446339995657981535825139586
772593590225979698613666247217974102190826358894863517930798665237647326410150
032778755362182296628358005082551958969284520736437623352320918467555172204050
746641645035420958361762032151690821674765746110394589097899960450654979464729
157526350124516107067325406977333353913553346410769293686175753943847267824450
047185418244937528285379411934012279691002475878771501977188107777185838552053
245825731986380143724397129974506047394025649408473733750677450276563908364716
318061013026673547123404289362369813654002606871237396085894894743725167532526
196582924050600050113978094784335503784909211574770625598854489169825962315962
170253607756006026255328940714949838056710407944693469391233396370669093544730
974118556935885625077490482267566177832950997026669653072341531309341843286368
566524535252739237523765075467296528681521159390626281775307427768902855276306
542678556768908561258979209672854315479281487942404750857354410732750566121804
144253693261181465370742480047345926136752609082887277880238445108187223479455
106376193240959537957368767543835705806758711703728060583759808912032647265376
121531921390225101750001575100243602927835196447662691156853185192113959724433
552637992705111390122010252810447999306533702359580054252735087530417147119757
637473540560285795967460451369619949304153718628991050570636542277972432506319
589326744151502864460757802640192039460474280199301431263935039452362514673688
639297665014188812549714851616018952559545500323437534866377917717554731211063
354183705313708816651781365369562138395847595303724985777050505389285409012239
988671768996908518108637876648082221666662791417955461432614799782494969888878
829761740035355502250195425568293506693341281219730757077175901604090610909533
304011797389947384215244383141646327045863946748410310053428828646383425084568
778815448155855819783396978826723893921860163402969386202673750869388211015494
269605797477066763097028938622664067066310794949572355010727147238923850140792
416708370924524898696457638698592550977738731535153238717520186590782221677677
370262853257696621246174515114039752279077473214837276802319991337289414053182
248688555383608658979999279223374303438936284419181230983665470547539459517991
496041974337199074555365195560138183616000417330123451124287504949563189401553
455184344272295512434406593630528488546690955057059716400835104867996776536790
060899197294617579104134229362699280463866284230603695857148577658019315865879
045470668456350867745181647416536722677619724769682090156941629661079111592246
548170755359704010121346257888688987824772407089820508186372136836742877379071
658403137648437232980108486923607924337967086393229187735489211145778465637957
328125571912807154449061441172366478937144650397152091781317979125686111447669
307679334045069159753370399836078351792365719415723314197335641109593117859295
840656114752075449519941448506829052494415949645606800909301088547138433140144
765240497647029317994215635457928658509920985219311678886785655658977970114725
660256824375053586901786990409326802530818443428698413731968817484812473835731
065017329671397531510621593245307413977058572914755449567588445610708426747957
710081086557854412241291498017822126718681780409805064632162242745483962710253
285875165645795684272960514473028176338689899809618791534848643868137225667561
684902763674918406917098598991283238365772016869525379580599246594079176212518
770440017942373500376489590406316967267499131220691109742088656288301701921642
527634706686013351570260082051765061290063385799391077562679684388914874698246
929138014469866539459578643497865564552520885983165574820543312032509365973587
962716583846447482692349316903096099149009036682291474669952471055919453898085
863267352105467081395834208300220170989414250544131656077967226153028220729785
721635617451076805935741759375086986922803147469437959684581862742491236626985
963172511254248104537337953170488499546797828637167184424124062479540318865206
077606319349720903153121569604254936487298977319371288437545236990981245938869
791492004411818090250983292386199355682249820451121979336165353738864816450974
152575536534576883524505383266786092769317644210502013484866806261676338907285
174447618775350794570097777616145841611318881378261304531700352316031720864939
670232919803099517254701371400238683204389139212804629448030381328044948211996
040577675545827841917743533042023670946829285284230774657891759289662147300649
741416829454978026664357634846194482293078288697284832473076433156514150160627
801680411394093364263351046225433050900246000100857303204632870311151234997620
749611794962137637354718214295827856066815792289350888103231038618926605954964
383757417808010250066809437520635830489701763727939160695332036027677915772317
004318336765633835867968722661776901902893975694885974025619569521787110046600
989939439357404712747976148104426585989300907623193072906451792057267992833146
535438055630816935565617139010299611777814519335514300094653897194629900130999
300713008084385463850647715267992706657449517177138752042424034480164852397644
760619447518747119189931125748999080475716599606558343072381503778029076859576
113823507943234414343492810446073478950999679283326491665127320022747227481036
796058284541368436274282358310878561184098290224306921954155887642962597660094
070717108378585059308391517476063045553115696515550441488721564075529015622532
819479222468625373785720387265224779963766829406706222581784619001326340219720
045156586797015232299361555514295500655519466078431556148837965083494933731679
814659386000426900107079958125421364969742037115992046829079716280682152973792
844615237236256573237418992950574463615113466987154372816898537171047294072541
473514578452711200037778152335810541013824061349505251077587959142963877725122
961715130810383123023230360696623912817708635397194045241555702024286931419696
967623112646880859376245566132129201319656302963092314948347422433170275719719
063316159772310817133124062505554071470538309849963525233215762359138674390429
264465575069973010047205444409006113924891688425699530568639491351276343832250
819134943168462070086551457880707362424407454531826542961588996328450751783931
833888198841211554649576440718768449513478294929781005574711606156387039699842
552800242797776858562526374544517052137188520634324646028518976362327066156256
880076382271765155118666070875819089070422829126724175488405829956621775987342
169861649652389855305429783747463565561113888890989739864072637389104682415457
640786561083691874319676499322078471196380413244058344962170632473747711165330
166741843484545440831391215613501388005821670372469163698055913132534199473095
978952369756967779953869492194551425427413590952059356007332026469130794100546
944535743035909883060432705175168554830448802954565461958312315628103058215695
599844548925388097120332273445005494956967747130812180570515999580347460079059
050377377741215139384361738222559247940247884492156693430842231346827446231779
379193657458318109523699878328279448014555239572859239402762404889049085232829
732593017221685715367701982344110029697071466994536795259110737938750518267217
963128853836604006000796015802322235682831889135947033018636309862841170019855
814755784806458988633501076312848765750749565123316785642155255191384889822943
569395973678990462399958381869888243123832619444073934290867429076107776043518
146163512962323303154240615882545028441144914282282311061328071212120607379588
688280775637229358569341611396404801332528489413455680777287148123435657027431
018872649395332397543242339022309541757919971344653540863056802188131523681615
446600567425771352465307991054934392381199474320982934835540124559649903605189
068219316500631974773521357632541694618564397541634588479153678492645607413883
247281036799476915369160763174076725270568783335989888633154962690156625964408
235710034634493202275173452513602084987478703285942984533544173815796487200605
818625046114881060099204625105253288393896530252848660874585958249714475574216
317705579610621284695054246645193450767831289438495040781770706413599351565993
710836205388719015605866495774219467742715306908800028604543471837633948423215
478768799695527787783126791387526707315706251952599940919781075720966487682451
556682625023167554228825900319834637431213140485365115382834167232004595364019
992833381695281844859106635392408313381248440473058482145913457612493756108174
632981632956674263357065019490626819176921349824291395327009748693547696864288
126724167079819300849870848681421144485126465536554150776306726361280615787959
276702812474448223885197663800126534620545721188340179539463214823044800554454
110472292276303446158872795776152436415616374697740974443608112786130465403340
871437537862793128274164008182642086339611262836028639117288782309685453409283
717365594276685282763808023020825118966160559238120399495213402094053562891519
398908985468432967628143734863334996087011472491042996889741580739006187342416
692681611894016719493021717112279939623169366779485194003884561107120734297903
900659434078480835371548544542090975984155905394475966499479008750803594980620
438641561765795078804474998811408978272981102724184250756593457748001463418551
696586207154683263611843094564555528995158422302886247533415456202665382686747
345082450853761851634063423514843314801082785392347790276729537718922916769674
211043668474273809508773455117842247319913890247027894863096517768128189752009
651440549555887982823621396168061501832843801482209056806485863874381520643135
745752431539230625141651923095159287781164770106339078151724042211620994190321
270537784065851263542245664316759536267775409730114322437847493509801279472251
882915280677418612414286204799701470110621385863131177534579844162777733830343
362761797159861601329932068724100435807549673131284139215184167246051368427324
627231588126831000994585920457173078856335762469904706497745473781030449582960
890188966716960753803168222852311370313491265511882608110249237620662822884778
465962444747181945423335479472679283860658715367805935855064586261937178686203
988069129659398449537725100658946037187586351246041076772013976679087698862605
501137363996192140300863849988404768145740622846883323650095760962377398807312
770356457096011675593031412275939063459504804762256345900852523577327149981539
061860898615538758160845729358606423490896178168980908090490094590086729426433
456626742785500130981872578805891181789865946704974690855166439810543717136239
945806221720922376462175862457720232615506330329901211005882896610302879367687
919699457493025409864097272504530464498797249273876777533189969743568431522751
316209063562194240294491473742969236787068732452079153653717475881330090498084
980371475421203962343968311859083086871628282173808967025013616557739624101752
114148850197788648035447269798555391588935210325130459177790167313416053721564
356427769160752644165186821239088252574829881576373923861334251602357104008141
161201162260512290756417095969793393648637931201012067650227484291193611698917
831105287695691896629591747420264946026038260435416225287362592398075671276139
122046597541670855361360080734489442187453854560772807639276761100285602239390
541966355302260741198304069044356446845348291790266329410737867376187331466956
988838357185511659680499681892784071069698455390599414952859414339648454979564
751430096870363529344666442412408792405438577646475455663726019417978887087557
046094138090262602786430866810762134444640826998097465665253865470266327852401
657242825485032632849321815408159809663198852801322571331361431321558107016603
640460674117710117203727759073263366888878908117751046117925632082088841322002
436939205089120024030708203962497370569238678995446850083575956756172862868158
131469858505399863568210700546074292967077862214001491108843401346961298901231
196412889600355528991470079910870880196296319015626096839180067143003401704810
288455253057598832624258608482080320284070377691344334363763995718600697195362
615759441448714261018897619799928037553491089756509002146223336942376485161008
520148251415240980185565342052650104139091797960379640969821706796348873701072
598148144321421811046397642288232037503816639380461289170496115005050998356053
652097242220851827453586326065362930937741237252561022440838705211374468441373
255831133686424742336994388319102253752218647280034604058389984845236278248691
108180183482435192644849799894876008132745169961180290695492414563251239771274
850489817651958807528127184887165317831045237359341641500455859211694554682875
998173631517958395934204104522608075160162009154440391172715814513941317771278
288397991613498896799091756175850075335693684343567351428392664128255590240028
459461933445919193492111741517012155576883483090720095499749240365899439372328
244240796981310976954247159191129289432984988116332026132714941773546121432993
263124403270466432286823916127617981320810332448197307413739278616861790794195
630437524901841553307505494857008207761823764500427728706094092428212345948924
322401608812819843763670917309069498373143691386485422413366883974277072579949
167413075827224872487297587762023666832348375101627544784090850614762891319917
803231310620543941443012413711151608645036937494307685566917818436473768709907
330398299911425022722973755200435654884442663738521871591123555204653020627291
752153073314580965209161564523160031425660214438206993233691036603477515964664
534720646035125170112160099329261813710930738855768898679109096410361994528263
707003132858499452911998284443833761702162726757658236925006790958503991993266
090223156564866621534166582868325474315408566536418656735448812439222743869741
775882196113539058843224985828338477919606655679257303499741629000538117791221
037274742352681676297651907543005723359773026844246221472239938811589816356226
123647821463620045290737670701342988890475217930767601274024260348483901821674
125001565935737128502416015575853816332086913671062735879168522307025217603301
228572140466923347847840800764134587948218636559189755956594886549484902329681
313705143359845608753305217156336333045278442574971891001504163405711292680829
506087342470686567662207897700910203186651061819990757823003523805812559577186
183002265968837565550735350781214166452562145939650030267797978962864892681627
912455301383212661565128690602464055552108224531559751429629495169227901434944
910977899713073896510632421235718490124339193844756810543584549786052058016943
852708182121570072634227824371475785150472942329963059068314910136232583730219
477493576719648128698465758465840085292642865912750736377579451430749197679917
423650627370031591254916645455425288980034659178586209287726593600613414600370
230019764066222416432127284907040631805860563707081753787448616936724737909483
974719325326774456400711644894281990130367924278054784678669708100634064109592
717412074007126351549404860405972640498122352632833457975584337219684792466470
051480714099049929571090621116323097748412623222107736485223566663810243854687
900243553283728049400220542416925654330103840680811091361692787018188669383492
471646949093697098029957909139054258374853952916358439942774432303742418386141
903215004930228601784868756520046096598415200696700114414562604208436682669898
209462277412341920177944674751464435539644383627999730120689839739391476453682
338156544012182754385144655644359517127920563137953061939828429205763174435543
504445881866676092397358526514067727853951518020177104107707618621571978120216
820922828005152539924262512946653673111559540983729380830387061376284121178707
749745327107224048780537966604279779071139892729247196602158796440676970201974
572013471018826781498867878797949464306594868216934180102452460024524559037542
940926193636208853229483266271208496819640829777279621912398615529010479637325
378304170605694842351720448273011487717682176022870619513846468744295269980307
339967243412463233708931022102881326478667891962574187327718546100733124805284
129743373597810805968679231557123930141691458430198810382503138707000096937853
677418193104527789733783370250193748186047366960610931952287427020659231230471
578187243879349339859675857599845995895162276331010309772333839894055891403419
381542688296394212274354761849649354411992636436980098741617894076840218431282
355024351051621414269065636846138469295843912581983632776963895081974996457538
307290283697559348735406629062475283466008655244569304548931593139679083956868
059789403640421485265401553844481059372666302114637257136447042221749479168284
218826356149985562609355242293572574873456341577045982972080365298710351147404
858018372874982537404531737197853607578339216690106649515571876650683307737914
506756070706174566352928439275336605393024228685154675533246201905372053025175
590145218932541969975662562402134593464506295580139577687268733523812051833889
489910646365952059023404037551314594998859660549499163786631184495743461663276
374986552092700783739227637755179337053228663598347481757469575568977467483974
938730907320707856908132918086960733681988254188620480227029796620205100698080
612877296169712075679208209015547768629203614607468263723028999368523593939373
361725223503602814033929502071287907276713281167256045133867599731881773293809
479258042642111550975663087759346170234428316102521114427786021970746385501247
585721299872583552923047824927165589267404098169595392804795547049456089510926
270709754136454396532433210300615720975248938709249337220256102339218090057050
373983672924458503536061755659615421654930989850577132982752784759879305888592
464961563258336147824317462633223923134610658243185422122870965118451078350996
956364150391968738509087563675756145918537185548507871399632331009838137421443
949898203948452278123723787307552792172264167343162016112126783156950312012258
117869068657584029443924505312038889806749033487646643829127825012523692315728
602992934875942789349969708852483633047660873485190487369719975312610031315397
272585372200022495735265602669116132276837613686019612144634260270009532134918
401977300784884998004838022147758330581920977401221232587350772074379925361593
948268518405513547934263020370050635184387268957127605536339574072292157821651
971047556001233713149934189286715270497272515608887508569699667798642241102426
384463529172724820539526864222809563340895872585807267406776637695347527951544
373924111766569520009417839842674279403597236592742197566582173846177109382300
130442623473779265945091738107421604458741040512464553304240399451319731028713
969893550863926412239915927390451027919355755998712654896260958180759779535737
415918836783108010393224591463079053671788432425785406413213848559759409490202
951428268183974912750955741139718605396003559502572521094203903147990491348834
391592157828807367661552377065506533171413507860995913161724963025128601148256
310722718044953957449248071153687687535778330290292011489202152411936810218895
354703855090967747095191838580914349063421907328623320083078995138048222886268
103703717935138059698715719849596891219848797060631586262106577362897041654790
509216731940749498300480202842369384597452639020675415186682704279093450217816
438878615690679399037662560042897149721117335619518849970562299489398897955511
832552256565410033497813343796672096251835421452209369616960495916160867091926
313602572587425869133716046964666321870502420997603789177325434824750803933321
071918332646380043089256373248540109249028394718425561998866303228434353168385
005501767645940704253687400276162107575746179806207406991962440154138271417754
218048675393055371330697583753021377767920058147210097464656423848806689470544
221193520755296659742289929939487334201902496956502801036548716081446622481102
649581146417961368913935481264314037709973458828981534180557491591063579533166
833279452477575321474314822297653661633169090923505378769083934052809793280336
942262528276281941052348040661535917809415604004791384018973783196818333616300
179647719784164597089710239601078726236308712604756837122903668069499085755104
393469403426427670923310404258108591307765253800501357754957294414720385757420
399089062022484140170190387923736555860354915969203059700386077185787862377084
330271190490047074129592235975197575440652551258764002871158051071022454222904
