2906413393 8250127556 2649100510 6166026735 8226001675
7926804227 7125630420 8896308239 4958703325 8818159011
4835775885 3131200675 9748973214 8487380135 5473336822
2895843771 6973324359 6867061474 1742148241 9849171531
4444568644 1030737778 2788963365 9175734785 9858308960



4892378886 4995744858 4332371907 9056387181 0177897048
9414130439 7953961930 4755136966 8909173816 3374020284
1805918926 3626349323 5895796123 3483397612 8357533021
6931105395 0963729495 9579632379 0625702440 3791754295
5152334626 0811473545 1617283191 5170000144 7489919521
8776476917 7966195256 8721195007 2287996953 0304853696
7576363739 9079443068 1248544119 4346876976 4884058346
6166322142 5439246778 3295252912 6299078762 6422760633
0177169498 9190158335 4519093196 9710555142 5438046345
4478833729 5850795248 1690982086 6887294900 1376274936
0276100459 0356806604 5868909058 4312586923 6389738150
7878483913 2447306209 8218760069 8931976648 1933313800
5298121358 8470461356 3894279277 5097544427 1361557414
2412671213 4361443145 7693594318 5075397401 5563450430
0721477338 0360159156 4423151526 6680816325 6500726544
9173709074 2236099788 5017528604 8308790697 7643378024
4014383691 7576582349 9600233283 9980242614 3230305164
7115052461 3386922955 9619835901 8526989237 2061627667
2223918296 8662229969 0128368372 1070457997 3823259553
3919942730 1520158632 9031086623 6089028743 1151145188



9364441672 7505857823 6392047850 7306914908 0150774213
8326134560 9768350470 3206480869 0069926661 6858755686
5572971308 5488684850 3055927422 2664564895 5217523425
3394411505 5347251126 4687430112 2506920502 9365883934
6937774273 5748818930 5476305456 8545441850 8778334402
7164952967 6435765455 4237608683 1385501284 6179341056
4132515360 0110116231 3248669890 3783227670 5254406296
8966439016 4466242697 6873712779 0259484867 2305041883
5127387714 9995832292 7201056908 1764772036 5745383062
6321212878 2344682857 1267740216 1319942376 7459690263
4438027581 8965473334 2160761958 9991071359 3304608006
3601143407 8590222301 3814431675 6189416100 8386668461
3067297879 9816026991 9845016090 3644503543 0068857491
8078911749 8869185855 9120889273 4285624075 0598637464
2067182688 5841043899 1569960048 6001678029 2271554043
3478128168 3206974252 5900818999 3852431294 8654909701
4709034890 1658048570 5910238098 4023029209 5484580270
3135799755 0608278006 1492870342 0610189705 9285556250
3690666603 5191351050 6127376831 5360391598 2965440961
1984826037 9215369282 1523175373 3045007459 4560265041



6490638745 2171288216 4977966308 9653203577 9277055975
7387890470 8976072822 7286155613 3365541746 5417333253
1950461447 1596125613 4472838760 7949792034 7277890260
6455940368 3893983051 2804310689 7883209225 5267403099
0727666325 5630982914 3377336248 7639009803 7467995836
3316707490 9560157767 8062528418 1585608828 1251037304
5665167838 1232920264 4333428924 7998953763 7002847088
2057317814 8028615669 4706717608 8301797629 5743657038
6376654304 6743001822 1775217079 7901137813 2020917101
2259445939 4760326335 2210034409 6072888911 8058230298
8000139210 5769902061 0411942225 9014412676 3937547565
8552332636 4613691909 6305590052 3878490580 8585472189
3143295125 6550989111 8545790904 7430986724 5198215648
4092911235 6704704471 5816541224 2094848952 6023954425
1496896998 6468927865 3372050381 5258355339 5259594977
9245037350 7233602929 2568166440 3175447209 3350234699
3573428041 6280575853 1231021040 3470741055 3947946623
4224721976 5418606633 0756093839 2843024556 1876321522
9369530949 6726145391 1550427797 4291394623 4811638909
9455719879 8058910809 4052208566 3477364025 1853315792



8942222612 9519671014 8786895339 9041165626 2361099307
8627744312 6098579151 9865108219 3763442397 5092444431
8888327216 7231447313 9892756539 3874690848 3785999839
0301928475 5990844803 1397572262 5779958023 8371821182
6107782546 3280501662 7569293348 1710199921 3688491257
9741783441 2463621480 7993263031 7896300773 1622874110
0141474468 2958710964 0943601651 1464370404 4042410280
2237154864 3416312686 9710296745 7237993037 8709119266
0226885434 9339288469 7783318337 7275536002 3604526975
5333120740 5219443841 8713170650 0406230314 2578963962
4625508053 4623195157 7272160682 4679713239 8235071121
4667903334 2531661050 0926828269 7832051707 9706064770
9475332219 1130031634 3274666492 1258533486 9826284993
3364907497 5762717762 4238424575 2937603637 3693066569
8580813242 4571842319 1659844352 4836383914 7236770911
2542879749 2840916714 8410560617 3495255530 3808025489
0897989983 3997441968 8164435811 5996354194 4546824430
0187739344 8515678629 9371412464 2025542762 8034645281
9431969985 1567759428 0158901172 4299114749 2324496362
9665361122 5646208177 8084193736 7174174869 3031986539



2314510420 3420878749 4463834200 7423694674 1673791377
1854172930 2110672529 0049850589 3950015764 4652578426
7850500412 8150514110 1676109024 1799811636 7365117334
3630520421 7188346973 3440960755 0618922832 0800206823
2188255209 3166826822 4055250678 5332672739 3544627953
5445034693 4670886899 7829659766 6801558685 5543928054
9691600153 8246441547 2963426434 6247442338 0956166974
8643267851 0537404871 5307832852 4860921479 2938904006
1919407758 5412577218 2974031111 1668457519 4337715466
6059314963 2260576395 7950667237 9248045566 2674495901
6099044571 7007476853 0182583591 1184702718 1738399220
6591146973 8690407106 6889191440 4781839401 5255498430
9841740429 6297100375 8890266798 0037542352 0077891886
8932065882 5673592163 3748993219 0743330776 3236806306
7660313305 8099365039 2784996633 0583441058 3955842354
7061392583 0296256059 3729496991 7786537007 3582595672
9165563757 5333823794 6506670281 3316336778 7785776540
3844507622 3702815600 2664687600 8330083477 6941065224
2313219628 1717170517 4574731580 3146837794 4229920625
8439145163 0642192807 6234721173 7339054124 1689812221



1627447460 4797425153 4951561448 7846451905 9805585274
9277065110 4696899879 1226920954 3632918756 5984975816
0049817826 5342268061 7557997788 7098290397 9477692149
8971388294 4129899219 0611100972 7334464422 5458708112
5627516076 8956041869 5263817656 2972535253 2046547322
3214112734 9449000707 0709995343 8237043102 9954931899
0729038940 3936008464 5792478097 4770689377 7923609348
2406529080 4468238738 6753550432 1438033607 2212290228
5900152168 7474418687 6802189742 3582811505 8684556368
2198271868 3828227120 2295355952 6409811922 0626256618
1745386204 3789764774 7367401301 1410619178 2005477288
9088213489 0713634827 9155939588 9843111414 6844929317
9595876873 1046199466 2172429940 5533634560 4372642883
1492716589 8433580145 8097257627 7627480086 8304148766
1204071519 4827495097 8760628543 0526060917 4030415856
1947710424 0215631761 2762503789 0826423309 4832129276
9031081330 9633553644 6099811346 8658262919 3850306336
4668838528 0452043912 0650966599 3437612097 2103566183
4491420632 9750935911 0553383819 9628637611 1221459831
0028863877 7522538898 7107169307 7294828968 2838818008



7890557589 6287028220 3495555921 9196428207 0266016697
4704507588 2412364924 6793082836 0440477992 0255678081
0097082707 3963925898 2372399031 5016973687 8073855053
7280660070 3393590298 9405855071 0155582039 5192945275
5763416105 6024268451 1731947093 8660056472 2099644970
0057971162 8683878848 0686457545 2129887621 2011332307
8359944557 9624275161 9061661208 6592228844 3999371369
1613377477 6479675464 0447522236 5198791890 6668694615
3634030497 8504270563 2697368897 1767816963 5891214794
5088560324 9203591050 0052702912 5066174457 1090248823
1852308738 4733757609 6296230032 3163193177 0512418855
1887400891 4452275838 7203039334 6341370398 8374750037
0004130303 2374616810 5282278963 0240657195 4284743956
1363059606 6367276616 3707624386 1517931768 5637821816
7072636652 6372749429 6688264964 2156690987 6575563953
8981517371 5391903738 7366178108 5114373549 1718269151
6646587954 3143669165 7455991450 9134698300 5543469739
4681518491 2852674368 2163323350 0240041534 7563366555
4367478534 3566384349 2308266410 1186379463 6824274147
6321330855 5860891159 9159806929 9333358737 9992117098



7761010008 6351226966 1085823779 6007729825 2991642245
2453775790 7863767700 1762042169 8012012064 7778816812
2853229701 5826515375 9104727982 0858102544 7164389092
1459885993 0587389980 6181444371 2467960927 8960169959
3056731147 7876516454 6041828068 0813730564 1139477003
3955105929 6711792135 7356142213 3497701035 5578903931
2036795077 9726785520 6913096101 3305799573 6556598984
2140801108 9577749635 2490305867 2144033212 2663394577
7603366707 3989866375 6555056683 7590195411 1704002404
1731741919 4394595874 1009491279 1893583220 5096075154
4565831076 4632202074 1556730073 4929839223 7588602436
3302193587 6027023538 3485080903 0972404723 0674833834
2756541939 0175663305 3435905729 2536290666 6292442988
4918889749 3018046336 8274060418 7972644552 8790910374
5901527962 9986419112 0641276634 1665467260 1031014394
6482542731 9408260519 2525255147 0778065053 8193970341
4833318838 8624454468 5875028351 3679310692 5926554234
5543140287 7270096446 2593259362 0484150997 6186135593
1150537433 2059576171 8175393723 7683494896 5880556197
1033846056 7651780607 7143781175 1198549581 5026595404



7897160571 1427481670 4335430798 3627680857 3752035980
4547071898 7444627551 5686506528 9903442705 2422663290
0673770614 0738453314 5546369620 3985146348 4540503624
5205155448 0901904449 9277919701 9463405204 0216492258
7968547709 6465918960 5255080204 3743563249 9552788756
4018548568 8090466172 6647219303 5398025768 9554075607
0945089216 3927517336 2484872746 0634457746 0614300150
4714806638 0230750784 6718662686 6548062874 9533438126
5085298617 9360627305 4116087751 3206506707 6009515969
6922847060 0251059189 8168605636 7472284834 0366231312
8400278349 6502642074 2946480987 1958179891 9823422678
0109913672 6586977957 2715637083 8206038467 5085125037
8536868905 0002929245 9138144967 6103680156 5049400645
0172028100 8440749824 8843363383 7738945146 4234998074
3487541949 5706534048 7599306296 8657401772 2989220704
1712379380 3686893019 5047140805 3163679244 2761149872
8243497797 3451896553 1035151630 0192841073 9851952468
0721136438 4786874646 8783890546 6858701468 2004042476
6266911978 5052770232 9950255237 5920218239 7613140301
3182078110 9424341894 0350287818 4833569987 5419549142



4907649281 8501276969 2584507982 3099245639 7400749002
2041400408 1498271617 7223278597 1823207444 3609638729
8396961769 5232630442 2667140356 4480136950 1115127361
9595233895 4246697996 0902971117 7294979852 6018120959
4985534793 6039958702 2603538684 4460060036 4558783720
8173448481 7289849623 3433161685 2328962817 4768656694
7774478411 7666778555 0405402032 8772312912 9612007175
6182185749 6607212860 1155009432 4832066067 1708373384
3924471749 7650650653 9586948065 2749851096 4350441313
6663117161 4909274800 8947971551 2803808906 0266123387
7021024608 7126023692 3627820427 2063214885 6955838692
4455619295 4397982824 5863129155 9701611213 9337667041
6047814654 5373984820 4793206230 5458891830 2366359110
7086132361 3620253006 0581680116 9567677917 2186583898
6110641028 4466693539 5128907873 6735883788 0907293933
5568924229 8092189993 7585652519 9968303539 5720430381
5423832321 5589481348 7973033498 6225669486 0944045237
1096311204 2947370999 8327752375 9028794351 0148079602
4108531828 2272720652 0917140527 1639955700 6854888993
0713270444 2638117136 1613784216 4926708454 4736015337



1535140322 5226693993 1564693925 4888609277 1946950951
0272056589 8208516114 1693758918 5849776733 9581073955
2055411361 1674745889 4000557926 5012516802 2564291329
0464512246 1016116377 5895860035 5196330846 2636809484
2986855782 1245923786 0644910862 6149528386 7385748460
6243294769 7556506017 3447023224 5169325819 5942048017
4438618277 9009979102 6997943637 7386102343 5990197290
2665721769 3490531242 1082014790 1076234422 1176404981
7109404564 6714796483 1850036460 7065243737 9914957549
0746437935 5660866873 5047068802 8880227371 6915066796
1622726367 7914204453 1138129657 8892190798 9306792807
9519634385 5442993052 6671181883 1693181515 3300081983
4137033633 3781165136 4478449564 3202630447 8905688325
3913275685 5006498874 3645297240 1903932194 2361946858
1860924819 9144718223 1256350361 0709908143 8168200948
8814574791 8340074208 8054928243 4648220201 8090066089
3121848711 4220238905 9614812957 0789868706 7309632835
0772800358 4664725263 3326092546 7988315628 1472166531
0429035510 6381867239 4592622491 8971857466 2275644819
2320791203 3462940462 3716455086 8207478079 2120022481



0448240894 3767729645 7037505214 8843238334 7784423657
6265962577 4764216633 8386968105 1556004051 1665892942
2655643050 6743196066 3214938326 8523241124 1030982926
1839656672 6537570962 2727081637 6522222612 7957037891
3027362242 4542802357 7694966979 7916037806 0206119982
9653766864 1486057372 4378570868 5695367174 3052858867
2794150486 9717079230 6809919635 5970906670 8608670443
9569492989 0349846096 4083552124 3208215872 2098569426
3944206808 6152539322 6385146418 5822550887 2435640761
0075557986 0304300619 0293997750 3652924496 2768063016
1939586896 7484282296 9668287160 0705412188 5360112526
2147261991 9345701124 9413604007 3137103560 1235449141
4456113262 0814797220 2445629200 8554596767 1077452629
4464036987 1156673705 2330422769 2060689219 9721228765
1592349172 7088250526 6047849195 8444569591 4954505203
4397221960 5702242870 5963477199 4874534230 3584973455
5434835752 2590050013 2679289529 9683452830 0292496787
1532569508 9559947356 0087716147 8673589070 2422303452
5677092641 8613065262 2402665593 0237961089 0865402852
3635432570 1095038570 3592251672 4133703077 4595282986



8199594531 6181099708 6177904319 5214945408 6998001928
4417834044 1757574754 9841723432 2439525421 8772147191
4287794622 7042455110 3840410229 9632182148 6724478514
1700432390 7658205074 4174333913 9025493722 6005191780
5528866835 9278359686 1304844805 4765207011 0387054567
9050667133 2686146917 9320974154 3043700590 0575140245
3038113508 5976232049 8835003752 1901073172 4239132061
2084534163 6425420901 9908397895 1697491908 0198257075
4695387176 0435550310 2935456031 8825424123 4153802602
3579984861 2710272619 4594617302 5015062720 1782718347
5079537546 1428232240 2048003534 7713087358 5543865838
0898655790 2901720899 2152362602 8544134566 6442100755
7131741153 6188136435 9683391783 6685303955 1978979318
3344026657 6395817763 8441502047 4638391694 3494037547
1889635956 6538837878 1758008529 4331051564 7806316755
9763968462 8454868517 6130784923 5219287584 3857174211
5372742662 4754946007 4982946468 9113132026 0498242666
6061782362 1675211624 4676557185 2014277072 6517054576
9895268915 8654863836 5326577466 1247828758 6163955105
6907937579 0474680024 1480846173 0023500651 1594375995



0472262795 3558309565 6852905524 1243326065 9123965566
1629751599 2467856976 7286095783 8708297268 8818624776
4282460889 0913102771 6809233417 3218186389 4130299128
0178576810 0411845331 7054878072 9935392241 6470846592
7676959600 8613384672 5891792224 6840196523 6004045192
2668805022 9138252542 7442729668 6686844346 9993646449
5385030296 4431418168 3306795660 6591922422 6864233725
8970297498 6779822379 8697035091 5672882501 1897285054
3669699911 8229276432 0134661426 2096674034 6989188123
3491284987 8609458508 3085411602 6791874956 3839972658
7938540493 7588937626 5175214313 4009156297 6766348403
9340597113 8958961117 7923727197 3120087119 0283872385
0420995136 5020895996 5023869238 7431123007 6493895458
7045374039 1327674275 4658569143 2492234424 8795497854
3194217729 5510329043 6669509712 2905794105 4222971384
9833318456 8167800471 6527430344 6215093737 4568908834
2772654997 9589740027 7158697281 7567162177 4716062393
5625132132 1833770630 8123619906 6762068912 6110335839
9766852794 0228006933 2623042764 3632008046 0279454398
2185692689 5760882981 0520347041 6289061514 2695566326



0241235845 6847740221 6153317507 9490450618 9942775416
4876681283 0608767680 3428013706 1515175936 5420040664
3443342649 6963013597 6957110953 8441305475 1373806515
1146567042 7280878792 1116188386 7025832614 8352033595
2489799880 0598432685 2142216610 1213864234 4447403554
1536181254 5123272541 7903752432 8465261340 0156403407
8029508317 3870686338 5821890430 9437268251 9778354341
4044146312 2505028998 5095629647 2199898959 9570276017
1610800263 9004542806 6701936887 0086873760 9635517053
9610915864 8852247522 5982760850 9868639319 0865715705
1464794306 4980794740 0359935678 3157531697 8640164121
0276735927 4484082147 9316168720 1463073683 2680755323
5550723378 4519665833 9596199008 8575605320 4649043987
1878000387 7653449848 2791272975 9792678589 3238835197
8435977451 9933790605 0047835747 4130113438 5776701277
4677655849 6436534992 0729112750 5244780679 9002476380
8133608376 9159343073 4470999087 2461246951 1584999056
9389458192 9968315256 9343465601 6504907365 4345616899
2441785418 3096278774 6864256473 3090801771 2347382749
8653704276 8589418353 8706624969 4535897512 9763649216



6202251955 9782048820 1122024520 6318017431 8531405357
1493988583 5352072533 6059281656 4736622280 3751254331
8119068635 8045011060 0088489487 2519903861 1570686001
2917339491 3291999098 9699652040 2864797478 6711411264
1497352355 0602828056 3867318913 5206201822 6544742375
3075914797 2778345485 1965809571 1767037248 9113221874
1848842053 7545664304 8605484171 4354209812 2079034390
1468246430 8047630939 9999880943 6403623790 4956690830
6658934411 6671233071 9087688690 2228908245 5094393576
5370088139 5446857595 8221592423 7713375928 9049456699
1341957756 9487209934 5523487974 2554959734 7256682457
0327524856 3420580300 5190663332 2261472984 4663566441
3947415361 6390319636 8909701892 9342184129 6547064212
0441579830 9282112755 1232309411 9704687036 6755858629
1468665816 0114690758 1814532388 6259946881 3061100858
6552431330 3888523617 8754162451 9318548854 3052047658
7697178187 1860603245 0922670502 3562330752 8654006344
5374747739 8103301753 0106392858 7670660068 3662423915
9344747923 8935868447 4668813439 7684128952 2085262808
0152478115 8090872827 2091068270 7148879262 2200188720



7133583473 1160493875 0320247135 0511097341 5142718851
0745439438 6359982516 8938672783 2076065658 4329964192
6687729117 8805530639 8770758928 4665465017 5687138850
9785305437 7475608159 8189053812 8597597587 2902764191
4587680469 3039579894 0250280628 4494439977 2678833460
3498714471 5911186408 7508848011 8250466062 6949281325
5058544606 6807219280 7672263185 4197060899 7272793288
3563086796 6582165637 6621268700 0620861398 5795336872
1832976694 3525865852 1810219711 2799988523 2860145424
3886492106 3962550811 2914524525 5616566251 7453982107
9165832294 8273919890 7226638085 9387770666 9201798454
3733382575 8335616544 1482274134 9366889946 2756623005
8234864163 7489129257 4345426536 8720986163 3471954725
6053764902 6110986160 2206371517 2031731072 2335277790
2356230116 1221588721 9068318476 9671215454 4777718919
7636476756 3598836504 8537386814 7111897171 9168094424
5320165626 4658424153 2046095219 7508138749 4362727391
1539703898 1022050207 2113796428 9816784565 7199983209
5782867548 2461992552 4168950647 5624458756 8047657982
7104206491 8280049611 4178996326 5349383697 0996186563



3562525191 2795274661 1645289324 3942502605 3949912976
7894868554 5138364629 8613870593 0084863951 4482754280
9254258265 9281811623 4558573696 4351216611 2757078658
7873891004 7509495020 7414328556 2475323406 8806946036
5866382241 5920594770 1162724553 5077018832 0341275061
6516434098 9242766361 9490660405 1475901898 1828470414
5406798633 7749589715 9330321086 3967948024 5223602190
4707540849 5243809362 2074204216 4446659094 1861151612
5421439785 3035314714 2204276050 9910999584 2582706534
2806551699 5337641354 0568398590 5403911441 1181079317
9235479297 8041774003 1189028340 1420591317 8601761814
0101390678 3945160797 3409333145 2928833568 2667610873
0896556866 6341474697 9909201291 6395177656 4760410013
5923084640 7781118577 0171475470 9305227961 0780512922
5922137966 7679524230 2547778686 9098698639 5932830175
2671349257 3942476657 0379671996 5490579103 4645172105
6316111628 4757616050 2802741473 4420593798 7385709393
6599764584 0643634710 2341051386 8560981543 6419462070
9348749556 5715152587 6473986387 4662911205 2521886197
8644719353 4012187708 5644304949 7646632721 1173129663



0740147428 8533880713 9554839666 1511643583 2796327071
4970366472 0455482390 7524170487 3711090203 5688878426
2714328459 6829485901 0991205632 8006778172 8195594808
3595886373 8006020331 2581204047 4116195100 5570766375
1391852063 5019377566 8908791222 6255291511 5417161159
4311232297 4848079460 0084273617 8369452653 6568638908
9223792191 4888941513 4127643812 8672535439 4383665876
4989351173 4595465822 1046207015 6946249629 8296865869
4603297164 2961058302 7362946640 7866954804 7160687674
0129309838 8270112694 1745767284 9653894996 7770013549
7071758739 7698853570 1609968871 9243980125 7537788630
0452996060 3894245253 2981276883 7975328294 3478474717
2736948389 7844303154 4557233271 9258195677 9575201768
4059491039 4510248704 0529777546 1324139574 7370249580
6952190611 9355246561 3007606081 7036606398 6369091968
7796732698 7420698410 2154041358 7743499442 4845398736
6289979370 4931992012 4331087177 1588908331 4593694975
1344415030 8969888483 3670488953 3517343836 6613750498
8667885018 9787624889 6041891956 5621349255 9957946958
2151271873 6022294434 5760312341 1616222118 7830626301



6002561513 0600896179 5880913377 8599382757 3891166174
9220004801 9466539716 7253199996 7878246465 2070420255
2895806129 3487922157 0703235051 0788733810 3561324690
5891254280 1673145222 6105109752 6884458173 9585286749
7008732817 3702650391 1418808636 2578600686 7709535709
4541862720 3718295923 2939429007 3204568908 5384676928
0767670607 8362731454 6613574645 1186141926 9968400363
5524578668 2528605523 6087839263 3720949556 8657305888
5355242731 7183035555 7661956018 1320696970 5231472859
1603657415 2819379480 3907805701 7766249677 6770830545
3399644104 1149074448 0918935442 3715875131 6371206909
2849718818 6526517956 9625060876 8086379929 9275143819
1755131412 8569838049 9058383246 6407184353 3573031977
7192340217 3355125247 5402895946 4519349789 4187821116
5244207196 4796335402 8084276825 8745505143 0754091288
6970338275 7982917252 7012505174 8572518656 7605296857
5717104398 5177586346 5492736334 9783745785 5775175982
3118887963 5606429288 2610691522 1138773046 9072911784
3968795717 9969190876 7474462689 3901043838 9308935906
8150550625 1804283424 9848285474 5373909119 6550057874



8523619442 6736533892 0352933817 9687943458 8513096544
8082595216 5334885331 4258590660 5270100209 9813049869
0661069867 7234145150 2161803321 8172517802 6163803550
8006115148 5165018703 4813864966 2322983550 4747481403
2213413711 1339042015 6504686295 8632573380 3273188936
3378212976 3123240816 5946581252 9356069832 5945482097
2718723855 8640120854 2652793657 8437086121 3190084944
4631669227 6804749918 0978163447 0515081160 3055468454
7772712160 3537840550 7104475174 0177891585 0144033399
7119754393 3371902193 7161199593 2172165043 4859860685
9907581486 6338515935 2253982838 6365787049 4267924624
8220646590 7637116079 9116669227 0048345773 8349505076
7456171329 6774157419 3605423046 5108639047 0743096683
0213531313 7383915401 8600548315 8199947853 6840792438
8630389424 4866672916 2465474925 2057554549 9832899550
5246549396 4641106724 7024618161 5198685295 7408350662
7144849297 6276103276 6150795467 4098048556 4804519926
7000675410 5146168240 3713366468 7073918057 6224596451
2112517214 9284460783 8729506552 6556240782 3320216342
8422744973 4066706057 8548131284 1617000682 7941652408



6160530497 6414153531 0762475851 6114318963 2664121541
7647883980 5739518167 0827546264 0191334272 4694340645
4609233310 7500561374 8858456010 5870764280 5510491568
3229921777 1877111422 8821399142 3513899978 0480907419
6675042934 2688440587 6930973969 8849212657 4065073842
4132590499 5133280748 9184863125 1366005168 9098675766
1893064186 0145076889 9664364598 4782424763 7921894682
0529332861 8160728586 2549019360 6396597217 3459742466
8534891907 7150969594 7159841495 8835749940 7943076371
6507587130 8430350659 6563276142 4968917027 0472511828
9315301163 5136401232 3319484777 3556432256 1808855072
6863361566 7027747665 1316844730 4589233046 8450358273
4139215520 5655955505 4402700770 9571189123 5370032893
9384719071 3012300614 9485000977 3304190162 9740812941
2131007436 5216967694 7371194465 0430267528 7456526427
1175767729 8510022731 8153147912 1866782317 6381430013
3213572333 1640836763 0482863502 4622929510 3944641972
9011777230 6739817085 4942821316 8548786358 4423157565
1512642461 9713863569 8642648625 5700728832 8497746525
6569893588 8122065615 4327435235 0542264304 7630701759



6203998944 5693754077 6042772064 2856615642 7496406231
8225809137 6046133355 4092581093 4865683395 9259597723
2926299283 9407071026 6205069602 6191475071 4546729537
9193605773 3951421585 7736702581 2554777780 5618183848
6292357829 0486304116 9675947595 7310921636 4874512873
2060989775 1574443606 2832010751 7560505898 6377394642
6723725663 3132915147 6362945965 2957375045 5603308507
1702186538 6497970399 8269119572 3565466396 6487883670
5324991760 5476246373 6883864743 2393680307 1124081400
9841313418 7190232461 3981672847 4348568584 3324906763
2268078829 8969985320 5500159545 6425846429 5395783296
7136840868 6055513761 3483163819 9710691041 1248772293
0856559611 6289251943 2728956735 7930854882 5346218805
9783036196 7314347224 4736074019 0488254366 9383859498
6438967158 4434649781 9484608704 6684244058 8505813290
9486752810 3508941891 7687360134 5670398402 5409539983
9129261639 6401197585 0402830598 7475198903 8363763360
4795218009 0563999407 1114901634 8811608797 5582868871
1237197841 1312774047 4977471602 9903909862 9320119434
1953261306 8755868700 4791150584 2781189273 6018988455



3794280093 8355960030 5556424905 7493383113 1581268935
8091718216 7939384608 9131100091 3782169602 5696194391
5638570977 2108529485 3408402225 2631538075 7648143521
1101786060 7966202153 6457451980 4287924921 5596091785
1467553471 6283451480 9769847810 6679469525 8043862789
3307285443 0755186746 7403178992 0596232530 6968498506
2225645379 8019332407 1470105388 3124572159 7529373766
4144600024 3334746342 1615647109 0800684485 7331009969
7956750861 3229562153 9489661290 7076087059 4577321109
6139595720 6837698173 3321772272 2945230201 1714958274
6246142300 8792456391 5399775879 8889343605 1928092805
3427572897 7229827041 0825265060 3224747434 6553971244
4582110094 1808528827 6642872155 3037320730 3053699983
3190954644 6013490580 0277268733 6090967528 3536989869
1529918837 7794470867 3208051172 9588285223 4634661352
1178777082 2024515233 0986947204 8802369839 0374722450
6945292333 8166809156 0216119453 8071272085 6939944271
1254705677 0339166068 5041883392 1120710205 7971895974
0295371913 7885082395 4184472972 0512583014 5022363998
4588818848 0795321109 6136070681 8576227037 2222467367



8632988826 1953507748 8482192580 1010281677 3487801365
1737085975 1596863506 9276114868 1867915433 0633107284
0528726329 6042746501 6745120980 5724615983 5312497965
0833609628 9846517924 8508654985 0176579267 4836830314
0237251160 5190482004 9237568869 7048132356 7013871221
4034852597 5716982314 9392103504 4538124934 3854754042
8771629260 7871596597 1000324253 5081800679 8504784670
4341071380 2300023558 4229276244 1880983121 0278498456
8828190562 1486116883 8292138076 9559023859 5988882718
4271412983 1535746594 8383508863 6755687250 7237005788
2080806516 4308513057 5390714808 1251981972 7544060428
6072130723 3112513435 4735122823 7263690205 9233468408
9529039441 8174722218 0808802420 3745429228 1950515602
0903257066 5666751355 2221108389 3234433013 1092267456
0908964892 8471600900 1684342568 6030240651 8387125364
4479108448 2286345723 4286300447 7715356767 9200512680
1583206845 1454846205 3772408317 0230751185 8269588278
1968328062 9318141579 6292302914 5900923892 1910502400
3301715985 3602106898 1657309597 0547087543 0491535075
7283471021 3673659078 2988988985 9188258506 3838705823



2361040134 2736802145 7727978126 5035144713 0076685198
8988994881 2511324071 2311225423 6553741093 0571377676
4663088980 8197466734 4019485396 7427464648 5836630385
8292683316 3247475856 0734112956 0442350481 5136650364
3698241306 5211648732 1361727815 3790011184 3876479214
7306024859 9696626459 7689599961 6672114157 6787427163
1457434219 1966125438 2486806379 5065670783 7930566454
8749715081 7126499227 4587707051 4017840325 2025837430
6723979387 5194073834 7821354249 2644804594 1693601237
7841557568 3802193224 5156719814 6831319351 7176876767
5429368087 4293230325 3319005776 1153037784 8807671791
5873718241 8962923496 3357730887 1330142065 8240647201
8436866647 7110195082 2565441850 4141048595 0923315164
1756683533 5903568059 7774882628 6039216305 1142844014
7711227677 3597800556 9968564515 6981544404 9730956561
8208141072 3455507709 4889316466 3871587978 2699096720
1047700486 6204157743 6418510088 9775122940 1338621572
5597966730 3003333560 8965045712 9948604508 8010300699
5708118327 4122014028 8467318761 2114721507 6082864500
8049335060 5834124400 5349924100 7918978971 5694292906



0194596166 6395357390 0574082818 9795865610 6302142509
4057802600 3878066747 0257278504 2310267925 5268664164
7837572391 9265740833 5310109199 4605868912 6296928972
2799695616 1837965862 5395145776 5651389915 6059691192
5701426776 9719536221 2692149247 9330132225 3417967338
0454569069 0022448631 4543699280 5089590287 9853639911
6496104569 3416352373 8167270079 8248649593 7254329441
4750174225 3488007460 5366852741 0735814214 0481381926
0957748575 3983239643 2202767689 8295299322 2991005911
1394809030 6257867194 6852207543 6723314415 6327474584
1367829695 1820909075 7537380815 2255068158 1634512968
5843055470 0340573093 7195651153 3341188225 7911842912
7897624427 4248668828 9460841733 7727628589 1443438107
9663241858 1374338465 5913361250 6562144086 3118565507
4820365954 0631199451 4473552366 4953074243 6126220822
1587779918 1173182399 8791677268 6246981001 3308993441
3410325565 1244750981 6738305783 8800279317 8236626680
0573386628 3045269150 1217498811 1010662663 1699907408
9546788872 4983760696 4267560732 7655020295 3064320245
6584880357 4340919018 4579696709 1895835921 5806431892



1155020782 2254058962 1238504836 3336686405 2650953988
5396018687 4802543959 9077570863 5647118107 8173208358
8241078933 9848496095 0451578623 6906937909 1029833658
6125057800 6128204283 2989870130 3617425508 1417929885
1020439277 6039100886 3991970883 8942244343 7476244506
4994325335 0075532150 1356916454 4740245063 4142172092
6370494416 2854493551 7496673951 8682337703 8822701742
8395306486 6214022084 8023569461 7451935044 5200550842
9896063854 9788480292 3046876509 3182430456 0690662412
0143232886 0358702904 6926956993 7728369957 2561179998
1416803288 9200997207 6764727501 6278368676 5054092806
1436825599 3407537108 5124953350 5218381221 9579418437
6875034374 7861356974 6659621989 9298339794 1774629139
9911050338 5660802972 5055647158 4663407144 1881040668
1604659430 8008476074 2332696898 7058334079 9591401173
5614015193 9292709382 7126873574 1291186478 7881737933
5307972392 2113319230 8722405119 8776757392 5372616586
4549426970 8352486288 4237305108 6923121187 0617197851
8820915082 5532376382 8745420058 3668723990 8789431347
6817121025 2157768217 8540349826 1233445733 2125417431



7451021853 5496555794 3415192404 1429385750 7345018732
2631126965 2614808725 6926960357 0681215189 0737658509
8910753621 0288371502 7221145715 3420899618 7558165315
9753732286 9658706613 4410439245 6144311878 9525746217
2508881422 1073288321 4864383691 5778850220 5553043793
8704387517 8553490003 3336463282 5063606684 3458816522
8858439143 4107449088 7400950113 4992575008 3793557515
6555300879 1180473363 9802807273 5114989965 4498396382
7932308692 9816547261 9999417035 8824640368 2296034747
5410975925 9242750221 3027233181 1193692525 5836794834
4453558122 3185016372 8754602455 9142893617 9898410034
1014967367 3486927965 5352991676 4681396203 1885648262
8636652051 1948155198 3193692436 0187203396 2586434774
2024438548 3432927070 4086360237 1771189578 7744878210
9083103386 0337571653 5638376914 8111551775 7831860586
5271331483 4704707101 4749144072 9526717343 7318892380
4119579137 5831171724 9547015105 3229021227 7885637591
4412683590 9914773577 2189678566 8394789665 5461937768
4371992485 4092034774 7943597359 6459075100 0134136846
3270539942 3663318275 7326027905 9313289007 1752423297



9988202872 9815456980 6857526027 2085345081 5189558998
0153798591 0833026265 9503409248 2208169698 3094509905
1722229774 7930929601 3722311620 7063180590 9809865220
4984126751 6096899369 0871531261 5410639114 0997195166
5275210265 5137462106 7239754536 7515277226 6427332500
7553303811 5577924901 7108197999 8740034332 0689495430
2021233491 6559755341 3847543345 8908459721 0565126175
2779038737 1558021681 0201348976 2300439393 3012361956
0674056550 7257644762 6418641038 2752250275 0248815204
2120144894 8734273157 6724397775 1651960487 7159139933
7573305215 6316005828 1832752425 1249842892 9504569726
6272317949 9982241389 2045811392 2288197096 7286681341
9965854508 9254147881 8661214316 4646115500 3089429541
6415008044 3512671000 7717191066 0816349116 0104940952
8859150710 2731924530 0921033761 5747852819 0111785253
1960939737 7075883453 5501621051 2061861846 0169594847
9242265582 8320538917 4341419142 5338734928 3626252747
5621065002 6892093054 9803819135 0507515833 1536272952
6902335454 9067306907 0794629027 0980430696 7757772324
0682589082 8825087192 2899238453 5612496053 3609093119



8771497685 3491877105 8781525115 7632178268 8003836432
5320845549 4966059923 1613449029 6229826383 6655695623
9029163639 9240531845 7383197336 0568963029 0156720278
7476474229 2374312083 8753647797 9802117066 4041400362
3960342990 5478214600 1596438490 3914086217 2489001193
6393620529 4911649019 0178937677 4177008184 1573646424
8228034776 5983399559 4199947423 5138087720 2735649965
3746518050 5928376245 9061501248 6354904059 0350443551
7739687521 2569939225 3140546661 6753260095 9644015081
4471340850 0599413358 6824015679 6893916523 2995690256
1795703187 3634600254 9275079758 5724069987 7537696106
9554911245 5929371681 6156092699 7401474859 4909719575
2839327850 2955116373 1283631609 4140026412 7714313438
5809364107 2918318855 7818439119 3113021591 8535057857
8267813740 9515139882 8720932987 2089170879 6558403379
9581803641 0913017605 8364283768 3467502697 4479173273
6392549826 6092865412 6686250869 5840576838 2677363557
6101884075 6880462931 1000017631 3820419913 3842294642
1754762287 6326889510 3256501257 8066091101 5418261759
7117863011 8493120417 0788848170 3544459114 2092462674



2573854926 7599297215 8266301248 9607916028 0796283008
2376984984 2566244627 3054786522 7124753855 6587015184
2593678666 0726237464 2936149312 2303169711 4993821371
6237773410 1893468412 4985833338 9712057460 9876533495
4370954458 1047341194 5604716676 3714887719 4001858503
8016653918 8443530768 0678552100 2842208061 0181532598
6672325936 0862911942 7952850671 6203215956 2926234421
0850303751 0045802167 8205859431 2131784986 5165018388
9714292810 2046727664 8339658336 1220050412 2699540945
2463109054 1486701656 2131114188 1464251400 0685943421
4162295013 7241195028 9404024171 5296202148 2131694268
7345506174 8325774899 0172706786 8022135805 2016317179
6597062549 9148910104 0822590138 8069271225 9987661906
4997553972 5379242097 8780527903 1227453537 2212572367
8198168627 7543600659 9316051608 5471941176 9336006553
0493270015 4996409412 4629402760 7786146284 2633799787
0821241309 6748277295 2565904033 3398713016 6360520515
2943872270 9265300231 2857112773 9343919972 4294656160
3149228864 6383048211 8264006346 3224452327 6912492796
3709190044 8243861527 2117389775 3053778415 1082701879



0264189759 8553837785 9626418290 6820696661 4537450001
8130044232 8911888657 6948660275 8387733595 9042462731
5120653107 0012956386 6719458370 8387333741 1674660109
1992771387 3951850459 0880125893 3212300076 8737730155
4965648760 0196170335 6137685379 1722498869 6987551958
6511515188 9923396437 7404026446 4399244703 9889660574
2004804032 7210150362 4189294033 6411139263 3771455089
1811958138 3383687253 9472932403 8967734941 7727572432
6334953761 7769172900 1835002883 2468838869 8795081953
3655684936 8894203161 7225709608 9983877696 6041143468
8738071363 5732886694 5657313981 9587650261 0707205753
4359369870 9143271078 7911626182 2549769075 5373296838
4623719803 7772362318 0973689147 6363156320 6803790097
3628028108 8287585053 9914129718 1529629141 7653414365
2991456345 5753001304 4221657691 6591725874 2509574579
3957653893 7530364216 8057837534 3302855098 6620640540
7545243569 1746262813 8764346845 9350171741 5278680223
0237765715 2180397749 0184575810 7531245482 7466932201
4100272939 3005729291 1762103521 4880684096 5447842255
3268707160 7050590899 0062809444 9404154412 5979903224



1248250120 3552710848 2428327287 5895582823 4601248079
0359453607 5514524557 7897068612 5615560661 8575199560
5593062939 8815717579 9351422186 4407194173 6490719241
6133886211 2697131969 6470919362 6922592769 4829854536
4491495700 0742376129 2129232360 3059666213 5928362820
3069907880 8805121999 6686027742 4965605746 4090508451
4353910493 2913904253 3888425127 7090576011 5118420203
5456414506 4444490107 8278998884 8064713687 0084375207
9399228578 0285701935 3420474446 2127764800 9115981826
6169587885 9097365647 8940478393 7071731357 2873998225
8573969020 7721038099 4288115046 4298883094 4949240444
5478673612 2123022757 0396538869 0868566088 8787876553
6987074155 1508575529 3984122031 6536711401 6065424206
5181334701 4297178686 2867022801 1430701444 1669161674
0865311435 3654457479 7998839485 8181760937 5813386343
3337666175 9053378073 6693573536 0152675287 9069564118
9650202033 3572107338 0889946630 9610824372 0686232193
0214671845 8363890870 1852411329 1813432830 9751658628
3582802028 5355630548 0095571599 5583257996 0732398973
8578565005 4776747796 7039151109 0498756921 0238255143



3357999550 3673019820 7458219000 4874924269 9574152979
8990868717 3042152473 8275240605 9070824742 5701122782
7457923509 3996337367 1874818053 2743112051 8471202678
4775209008 3386487213 0367855716 9164026097 3226149453
4888108790 8046220422 8447443664 6335825062 0504016213
2348507672 2155233866 2714270673 9184529675 3319767863
4661371233 2199826656 3243632533 6658476343 2108359049
2987209492 3993713760 8280943995 0341891148 3038155747
1417815582 5023542657 5791262848 6784371343 1558962048
4212081618 5495628236 7370488537 4015744962 7008784538
4196100193 2284330352 4871055429 2517996936 0705602019
0735343294 6202007601 2559713016 8609441851 6206164760
8555184614 4876972496 8571337645 6464226581 9585524867
6353529677 2626053500 0581788607 4629090689 1752682041
2288909095 2886806579 9259408343 1707378728 9039357606
0334005101 8821569837 5726954599 8261662979 7985048729
2389021483 9218468672 8837823176 5955986301 6746105706
1452447871 7075927313 9468811538 4327328803 6635795571
8691146742 1331077290 5606411794 6870406282 3097815597
9916100133 0561753599 6145778201 9051087816 9108395518



5858115063 4838589634 1932492241 0193373533 8682580177
9634725492 4333494395 3347308208 8511076100 1964768083
5352969726 5175207363 6555109093 5507228268 7805558294
5243735371 0920017211 4203211924 1345654770 2868044152
8898107039 4585867219 9995015573 2480998582 8194705024
3276853718 5822251395 4169772255 3818632075 9406240060
1675013526 7638461818 8990508765 6080770760 6482801179
0562265025 7124989422 3177111544 5179330141 5613391928
7804612600 6583674811 4701492495 8601818663 0134815283
0500412365 2954484744 5007292515 2423376273 1062097827
2504756600 6236392151 5278666357 6378964897 7520106418
6328576807 5574496628 1155830213 7714308352 1258503874
8739304921 8585873054 3853577257 7496164601 2494844102
5664751994 7148391522 2867816393 4673005052 4089814533
6041485599 6134939449 9994770839 9445069451 5544502249
2199442021 6197938422 6737375393 7949623226 7222853868
0247533599 2517555079 8810653085 1411593662 0972306881
3043200275 2351011583 9808536726 7838230644 6751477327
3496439737 1391796206 4289300760 5272972440 3673880522
1630060125 4688013262 8475596578 8140816479 5058289966



5364036263 8715752552 4279608560 2755383340 7822598553
7964819592 3950818707 4651158962 2793041374 2724581371
0972246796 4276377544 1356187592 3793729007 0250924878
2616059462 7158088038 2698518389 6826852350 5634245186
3346113220 8245716859 5662903615 9071770888 2377581782
9744285312 0871778920 8730806864 9657525082 6823948868
3558306014 8094812032 2550726054 4472162804 8594932008
5336900741 5677020256 3977480400 3670719931 2779675749
7985704322 4013030351 2343379384 1119702982 1661280096
1141674867 9205903443 3006092038 1207123269 6215160248
0745000482 5316120257 1416539529 5967942096 9333522575
9842989241 0112481128 1650092789 0735603481 0567795424
4257602130 1472728928 0406159580 1452176039 5499938205
3439349706 0181169005 6256577265 8749355825 5104538054
4207393872 3186726924 1080850689 5204082913 6324210989
1992152807 1440468452 3438266010 2855410698 0718406456
8925394578 3310550323 1245534582 6601252528 4210345929
8640136340 7261523462 5328862361 3727128415 0829779267
0261966215 6847547711 9241247250 1775297896 6778379712
5311377925 7253271496 2345955160 6709309460 2489218959



1970390274 8401517771 3789174859 9692943503 2616528499
7391425639 6997447220 9628175982 7338658054 1143197201
1695205571 3584902590 0335882503 5396693880 6849001269
3504359285 0977290715 0421574608 2123939853 0558487914
5478023220 4462408788 6664370552 2902201751 3997322328
8678688038 3470429972 9957167316 1783609680 9594380330
4647250107 9062140132 7697072439 7377929151 8019335822
2692996111 6068371950 9832155263 5064268815 8703335781
0251024412 7910043609 0852823243 6526111062 9216247055
0400115289 9061130002 8713833129 9345007389 1829456956
5054648633 2656429625 1020119435 3753869012 7668775616
1310361050 1087379708 3991112806 2631653520 5333260674
3479082036 0718112784 1429589837 8421782142 6834929419
4386020254 4985590061 1137561912 9007648307 8860937127
4075536297 1482485686 3504977304 2127667648 2646495601
7887605603 1757502121 6124968033 0203544424 5441511533
2985088881 9224034339 8638539813 2984790958 9209934093
4085215655 4502086010 7098389760 6342985245 1905551255
7088286615 9831629215 2310319816 2965315331 7872470778
7015071311 6574450314 0874924406 0262510139 0993397464



9070791255 3362164027 5582869441 4459466036 4764428932
4243138410 6299071599 9201105557 3787141455 3955684307
9541647489 1840988797 0947592268 1714479276 9848846309
9706599751 8242969726 8041894441 7287114578 5790242528
4315840592 6878607314 7483422911 7656869677 9061878189
9638914317 8029009599 5944376135 5332850796 3596913968
9524594947 1209838494 7493509772 7485840661 5928582818
9341262359 5037678890 9575075004 8031697919 2927775562
3551795332 8533782427 0619789568 2140368788 2225670155
9783990423 0769034286 9645120576 0620783029 1339287315
8204933604 6882471967 2500051318 7529695236 0507990072
2682150139 7243174527 8383931053 6988394040 6430446603
3582206341 0136978086 6038392175 8509491453 7181963976
7050062460 1091814374 4739011286 2202615038 5171539507
5024657003 0542748998 9986632106 4469234705 2448526635
8419869215 4850607363 7363597010 3700820045 4991355302
3422768361 5660923718 3762376613 2307179429 4035051620
5898378805 7576163956 3189651328 3337991080 9862874371
5032183337 9374812710 0691965566 0981024550 3437204319
7579238016 3893383788 4972800962 0067495263 9522924552



5300039151 3286520043 0494808400 4416761663 5725611033
6090890357 8702666604 5741186601 1239153570 9223079935
0627563435 8669412124 1406902000 9842972885 9971055262
0460073596 1659712462 4587280019 2149228237 4570477005
5555223507 9010074257 7964174566 6421813760 7677280214
1676343117 6633476092 8051244875 1798617501 4697651109
2314019985 0247521055 5143218320 3246838622 3638698021
4973252917 2680818269 1602264014 5198571598 9863063647
6938467346 2437353362 1229452674 0029736632 1892755776
3133614330 5221298373 2893624168 3809766311 2178439064
6592131852 7657575424 5214970640 8572612694 8555551516
9441916963 4563494851 8955490998 6185470749 2170919397
2150141815 8355491517 7803493082 8416278530 3200371138
8766971247 0164530529 6251462535 4808846593 7321981324
6040470050 7874553157 7744530127 2216787096 9923965194
4810027667 7245220982 6138895761 1939982582 1350595390
6108253438 3073846137 6643424814 2635030356 3532808825
5456582869 5145688348 3443898640 8470699615 8155355657
0935978529 8181541228 1024931162 6771664755 4232454373
6455209716 0555343447 6004957991 3059586066 5474809196



9975852369 6391054306 0532996986 1777455570 2748403160
5110150009 2750983054 1778820701 6528878056 4858883539
3009663784 1416451464 3065416094 5346492749 7194430884
3019008324 3450010711 2248509584 6236331155 9565403500
1025381077 6548708890 3824482105 9602175674 6917076126
6444651549 7448202617 6935992159 0010846789 4248630809
3110974452 1680530599 6874707194 9334148212 7894602404
7899867822 7086039521 7898191152 5759109244 0949061082
1941572188 2451387875 2510537877 9992750563 5089265177
8227569928 3904072625 9430099406 8365841150 6015542740
8549691710 9322553335 1399055771 4301224562 2535920908
9289954878 9016887387 9441498176 6740919472 1908585320
7588134243 5241468440 9469428734 4230346798 1486932066
6905476440 8187907564 3327809690 7374315610 6540035033
6256344104 5540561165 8425666194 6413156995 9202816609
5466040404 3307842960 9423364280 0676425202 4688437903
7026643273 8375267344 4566774360 4475911723 4554431213
7512998716 0534941789 9062407462 4805917515 4542145010
1525935018 5794979677 0914942776 2987677618 7535917697
6656933536 2007526440 0558272233 7825746124 1917751039



8969828500 8780462911 6124702935 9770415712 2786820841
5059989900 3507649056 8135315449 6010505837 8252154072
2958478141 2092260773 8836858332 5699155958 2762574369
9100895388 6352585791 5815462974 0992889295 5658108722
4687989144 4339328678 0061243447 9704940951 1498725372
2162071218 2814722472 0560791632 0354684535 8270539996
9956173342 6556438021 3934441344 1781432747 3474585713
3433696450 4566883634 5245300041 4941871945 9219484336
5805183884 7285289573 2812318742 7235720817 4646490615
6807088101 1749859272 4304880030 4705360659 8263624487
2218133622 0584427696 3478992553 6739568916 1759560083
1275125363 7311486289 1828853199 6477405130 6528739011
1602795147 2403765204 6796752757 2094612954 8849434770
6847358388 6574086298 7968413868 5412903844 5673491791
9472435473 7357796297 3109501363 6856340986 5248512307
4424925486 0012204834 6377696577 4869823809 9075338724
7381016163 3104522018 1482051710 2454902704 0321103931
7529141235 8590061321 9958071152 3524653273 0824518745
5190176321 2323926609 1955360533 7933941481 0222239204
3058509911 1278122083 4172998542 8532488899 7493781377



1492423506 4622060497 0162272257 5559272028 2304524616
8144832779 4595772684 0574073524 3872632512 1773860787
