16370367294092972943723175540421689267235934440354077502767759942545946384789704
05103360636431165690363304921771673968477712257959788909775796629461080990512584
08049995840059733596679312992239556965382945715405409911137013974718796259436243
66817641770563023490632125838659177774577002945402091647525815686261804600231247
51698487915445532957529849003129079384377457188605410558086801185284626751865656
69307506838713481282017659262445080497652961113952899467575243613768605314508220
32668434338800969155875672391771252005111021113757032558742765644943358347453964
61856284403358789307349399220557981420070941381156645749213067993299322625733944
23453863510209579251486302028560636485931945029176331633250615951407271039482325
72293880629611085850610553962587803911324973783245634099436310869658507772656176
25344615229626815099217192755886738227058179635974501576910014272886732190602443
83600654766328225202899749013358563561297260486951151747660173570445570713254757
82323405106410833480309870367393150087017573479152842644244918544804797475473785
69827634794195294103898949792506350437965843652184563405735316112304891698795869
87284336786008168834568992691970749638793928875598694406686960794738464328873425
49558981564610131884215446666698246694463927948747183651016372267639691293933119
66487969922163297240449335263562831378261040126781885567174347873057204895539050
08986719912524037934167182435423536300316409324633235294734455059528257455464750
24151858666587548273422695984378119437309933219596425992066346112941393354329710
64426762147230934951391228198469286571562594221326986639686885954454724864082338
49577869664302297782645218247168423094447458600824286049269141588841581090761540
77559081967721235693449087125777371153091528051460605868414274807239046499256231
78968698859322613199893102188976350858851422611514969717622920600994345778101917
64782623752389432923410941110190002764482687768891738344207422554627995432787589
20900146034512881783509730649526792766423944761370560117501918240578798647400426
31543197321378740578585932422277212612507307205192874056325975938476959235121049
00488778130025876104737306156824898246030636446176535635196603587245601135537667
76336334395025224777502515207366409354496713754134140612115826092702918379877062
63295720549431261251177746513779826580122909541274660877799026263237639684063234
95045219761483121369891511012669017616767113439506057318176037020988279478834887
46669162902223318652727450375778519604637235394684382083643062058122510161060343
19340150105134121083661274426159263608961754357209684051220746838546169636960238
42721830291512862957645931112191054822060859564641021628734616311691734986283203
94842980875648845555161763700462952874021172846279520022644450640414837566870112
42539332868998629637604260116708731761187407613244330704327857321600683571048707
71190729485120781150171947911252722691292196914511074194721044818657448740991285
93888789616461088336593955919695846853205130745781066902549120308427974947705852
02575544921015377725933487665315415584688631437224281759476841264958675382429774
93102534908209652010172163999754875442999588994401219802801869450899147188479074
93475560831955802734545313558800441071978745606949592990252791280680259606246907
72193531798660747374836614259235404507343858029250392714289549789026701720902190
56534677053604132893174547176416400770414247733068761369240405908710416786495990
52069543743558781271771911829272364600367365762047828458616031722112491418148967
15801722275531739282605563321946821992824104387945843138424485911194612817174426
67605600651745260690143386014797776008762708884091604403722728185612229509647767
40311272628686601103682244988505348339432272034465654444158076314509474861269079
82891880080410434512057484904367126176274018341566829327286053082165775191993030
05126233592803509859478779270922295744731648338880057815836198273667726178651696
45441433208685834127830763629800004261877257862485367022203230138461424883205409
78237332938970031613214434350044063117112364358491596953979093431797018078420746
05910061389656620554713085187191193443272783584013139118531946296641464057298066
47917906055022602444215662463252103507933910726892350886287724531288274885080265
07949038853217946640033869292028072357152936166141156632771787147073890687096928
79293645853060986072256028904013891601651033024527959897769077659535467252070487
80449097888527629475636729599948569188284992841722771569616716072368140758899180
75891553962083120954245997395074859445757706222588384828206367299321579991282421
22471678184254921678359415766404210860993597278703786449994433496538848338937091
22737905275464258568190619169712602288061828053152548785888385789946286408897520
49246668508585979870858614421969816953700978011177365821400043777950505539403151
40282850075243159322042580734052144460596935739992065848980286098412678971689337
65715872530666029171165535710641779940530622266200071010903587193711586039666235
07652653442660608282968611177863323387523130947784496932898986553993989949259677
32357353384716395881303074616497064688356738884320983283176413450474042815430283
47077612476833298301718400121696116807380066468537788270719735073047299327891901
83346497466115315475676267864987738717538299386559917942805193073484086871351395
23416669927557302755058043963116066043430647351695706811418884730013652168818050
76277937661283909179169877386384165598904693879120208697481955325507505421662995
19905710157521053315899248945745533681989677889354629643858223384246912115393719
44809848746531090611519692821785782990247985487216834066446596199449411951267579
44554877544802056382045924656454297272681368917299441411101237259913254304477336
02377619862175146211671339920835106828879770485781053930363793690349420589355697
97712209240801809046873549701940737492628170468921817760963200477977480933130156
36595384908366814761317962953466172335770363173529686737485306723382058837228446
04064140405878204085033043791248199328171725427740901722594458415531922500422557
54477511586148953808891857126059021712632900121320126471475911238864479895822093
62954247243081893259024702297948880750669533374337027558539728202992536202512215
08704741050175832586057239662793134670044024125387006781871467018692031120176084
98028588696582992498747861350892014870772781233030933080779258052033351874335070
38110421840429446175910517941772427361840705707814159543570457248259947324436714
94106915860945668592464052720530919658580326745670071040062414985355177852285606
99371809108653536658685260325918726234342522653499493278699143484973209158433498
89836830642585478969752440287557747015143844904141190176158952650818436470878124
23794797669804100367267630903845622168051367763294581795052478616533432097112286
38345041389230426258946368268632046923608223201333231816103668639650540308794959
06588642402150268345521839373685046733717538469154994122619523662185183683801291
23351218683303433123976067576098021222507962104257956689583440916104814928543062
98372346540936153733027001674416495772775492839834812043729526164478392167400425
23193897357063968274250269876953391238670150863975032021308238649576841859869720
27235989386043417621047654449908411108374694346368446549984200090499776621542117
01704436080868578417437868567518306705910024457724000821507517905041542557773108
00554873123384743626099220699746541658034656142553404284466135469406575054840024
94547993528195765504947501600811065878714958407476679479813309961578751587530772
45415385422718497333585573329269910609921768973400783549304141124266671966784546
46873874991312431491166413322571256258507689319976075447028381387195767887204664
30678286957857659776085064127549917716681926707725122665686838221194797580048269
22186658209827715535702804039293847637800071738881891227726965498581117882086605
75417933128890937379968502745070874376430439430728259093765963668094054557884225
63541743026693210129506603784272179603055772972336156013988528024578721337605034
70008157840388611764207552417044022537566406668984460477709003424574758429237726
17657136704717298578892037757362201776756679293462546680046873783742218606440128
33032421038624845317302001807777329115651309561544651748058862546559166940235787
77889681684931359696333089859147201362661891130344574262344009019936899223491190
31643238310043154515000886487195646054195308992818763741622795148819942098926989
39774234633553438159865084783907949463250207661785569781329376663074102648919846
86946092216292465107276050965749778136256095030115079724019054089118072129419310
05965625087806873997517928701009083661358833540543103667340729861042953105175630
04339494322499581274154370418351033890026830433452931466726281532945173077778732
97612089182515119271677305649703464646353172322050473783528172345632461338149851
20083155109272540698705662401821504809317037893151802495121276305959109201823183
13479067486605279081596218806894018544267295390620408347272454354899941600888337
89179671512680626699622911624949524032836026632727698381378850157800937803256885
53691543217734477942618675593097381216291333835515800433296773677560230908437083
89897934389202689200493517063837798911676199089318658805012864715083295886184434
73643381873885637970656738809006380672176534034638839543623689273194429745047737
91158413921953658013463657271775901149756090443503246356983197251195977968574617
09088553757629219652964290403655040569738274289876428988199062764050249424659273
86195664598686198270828781535404845297520067290436396146790437245102272536636261
76115940503560302678120799657082880150885575629154549885717901233861897125200314
31528234476624671095270898135240275777553389239451575715328776366190871544754895
58037624447316755324493096987054034514339640938228344775383027369912311400122207
74851234466161986993630000769825446688917828975750775315379443182049960704529925
64395731873653337127892954976133406690494882967146159615245903062174088187012652
29254253503124420932762022193191629455806341404888132054714374642795034473052090
01403110503737707017119565756516743549846933580606942421508373911702711295761587
81188983405340976919682940098701857200458193521144430509651289840161192528841704
11870177437264986121155696638054470409039807220461369567503737912465848280855343
34003876395799071342730618209005049656692082730069740124365215736078205509102921
05005750164401895627130398395514950771085871057007296997386736525791570910390622
27502579138473039875298950620327364915118122236766262986516800236299320740909257
87265877727122450968424795054959440770868096599594242754465414623177164219177300
58673851900232351806589449134866931297523987417867724296373005995924722912402574
16028111992894799187557740752106582942456479097480707589723359132821685386533844
56595401785116688684874182156426393784810696316800404506745912567718679484349050
82247692393807440325717250151764535003769844043328832925520677342716244776731517
10796425558872109687570631584845993734684813440003396085581867728470950312272404
88694912894266823262894441542580096310395713465221280272378678799400293735496754
52371320712237356018838269134316412097908747362362402463635291993775035005826954
98567171245865392392365152803502462264960391315175050241001733993090369797830826
97463967797878693385830466135065044733836042578358906268172131370868354123715486
17750564364194064491276176562276081787399491149364162386123834089802574466851484
96948108869043291344458972869188501598940491838755290033321918412211788989264297
78533208554203852688839039557259661466508291064317064641589100483590737908383861
95091048117394676480670388623783478457713362316924837606969846245342935710962829
56850108809514235274700248077537919492543114025089011780028751781062162937286127
38756582406219303642584925747837699055787023142270741157926892851831121357528935
47568766553259905452088829233149616445446682810094410909396230620831717103691264
20791292006103613438177805526485467825570192420890830713339395579721947539632657
25181970361341102933157497762646152515508169589589193133466986149567954615861993
91707522087082416182820551653624998382911437885542208933357314263431942577311630
93482363199997512614495795829612834033410972565688610518263686672435237639455460
50330500163094863932545720561552489235902202218293285905677636803558829180223771
40516985089092405656681394762142430119152638582272136614378323550450445433487446
88985493069695334587854946087207992397413121767583634517622899263312725373856028
55990440016113851036953238561755460516907661432154994677315759968816711889308825
96609903023730104283071220842690940963219848053876644876812552830069639963014927
15493270618509732944568801639820808085110929215633474455237841310249388292686928
22865871921535083763963542471489971319273578118525114924110667344404273270683997
78587841165579300994113795227261035792419055597138906655836071355253637020978849
50715923155666818361371160744872736039244030937593930541232583835415065941326357
20706547570211522726658722289887791064543512183934258891884957139895125491814534
72231960661688197327443412589788404396917457754093443548633069562023315848738517
67735131815519711499491088721076481376190373263072350292339992877959679439403717
18339991923631291262959636967893968932453387412171675819897473998092518863249068
01081836221560873815608439521919683339839270092589162291730697015600200881606626
48175969073263554211295255420279874550137485755527815881240793781151278663736966
04962376777981500221654541669741152018509369667537137556852247969897543396016389
79117883073237189217921334738111143316549616702710101917992305923506776305432004
59554601329193872014917782898968978822198792655105867882247390537412000600972290
92745421158068466009491329790147954940513408993421304610426805243937721801346563
23442695122850207708494772994455704575286810454041573675153134030421187971349007
05743125877467656074115469697355897046327089178846594652293491808062906266672383
91480826467021968243112843533554758748159407462932463182493720074489648582112231
93222103662179228283303009629718831256718885240062231643908652917992705569670808
05160485050962394960359636439408950969234097717441008725380815530534485799662209
58112845601318406129349680439658409197396542626271087963952170562306246026578125
15680844061178507193689789788966773256219128976593826803395613543225791710882763
18274956104736471680805322843574053305812380393252134772857624505584038063387446
12051102102036216538364542875421102802748633983383581607497856918898011133677198
50616634413506420893476022580504371531560312131284657774511818312681030833267413
26655209016330356155459795943177352361715768158750696961393523706618430872413304
83161198461023205550494127110446599093855118570742127470220077424044816888683105
55811561548169585038496261544229331512217097748053675460420040816188020495076320
94156656908259909272671935471712360402740364997861954596521893297252745838758721
69129923514782046315371974928496733122446475656870556055930222889779086760226286
29825918788235531259015142676457701238428255921824067880399816539873087133483587
32565838504955471433509997031664969367262701874239607704113220123448177125490562
99356152792244495022331147167356660592985901798007202745815075337998645857726834
57140233198286525642416817213265968597445859167773620957777063477301413218617793
34326801613752055123287182936969800271545092252713374359298144928882452698344120
86254853986181049623188555814751930782320001757498592509256027632978536613412999
43304852355565326547162261006903503031103826156835014757756554797319077679022153
44111972174499104679527131697916368448690680194333642077481702332663770932485700
05544439969533728174410250656350521347809600799671035843769605153774504318299215
91670174523546624622840608260711085990771772040620728727801341775165575988146157
18422373246588634093248865979223168373212899494698919707420188757446239916948834
95458998120564444812075446393120638467797865193038392670883396318335330600794560
86802036878226496388339817575736359182654078044126176823658758313582509810196983
34183910259740918102723067259280042147577250551377233662139573931066322524731350
82262791698357676446430220824529802789938535669243425914089941313618486706767796
32563426172027805952896300168523831699525279388496024016073625560566184186773051
29664879611123916877322639491412815116512114470556774716794379807948459869413137
07260137709145521012387137119428301828980885620631873759637709724768523614061997
24261416472239614099562423268834963913545196692541667029411544749028636080870627
44950139214620679985040604351509121455023080594997606038253558380214555283627755
23827183396554006427424756889623236746776127124503440301930174018421239966902097
57543378452470273308245023693944993929195377409580094535831272862531272563666569
63828962465799604662383881155980707966840960084333819909645954213722986521556659
61735552857954440376815255844708939069501138451125119914561792728887930846392576
06266357739437456490695884929635790118717772725547720162702989868714711806366364
05615606672528102381767305244837021295871526637743098837506175312959799244173691
32592300688316130257179589047350214813877428736351523292382495300186773414445241
81144694128132232061062305991021382100150331312350982535727541157534568076786750
81674975195751060563108038604438405346277681621280289071058546345157494210687641
95394577948322552522315313658344536115150802878957152022270452807216285642431049
87151505586721124860891138807293198879977862877450291591245913369480263440793310
86954405468603333930326160016765891254345779252215378702201673917839051883596929
15897832708433862170334912437343907497824351413254646016629850623886273263451721
33630287832545877004010165182278505459560340400267556374654390868621990230663631
09367828786742807158316878965914720008882487202884281490796835874889966427791218
05094643528893704567989193055262291044971497118707831140147760286094674508960988
08685740964433974728364816893044471640479885326609641192989146996181041991988362
24986514010232915031094843291059888243174691956706402559515237827224221425946150
77419304530890306283472529255761338955985795858684054317267621155528039700773708
58863086453056764887378720970153951904614802411196219126803363844385925958054562
35091629000880377800789102580886282209305195986109306826385523039306596080097493
15249831643600944624061268276867989613140319620274861768200795035214026448844329
88402557014124614970939410745825617032354148531666299392211514949676081784740197
48513402491121530439750623225819492435905720946722716457247482705015013899470771
71640807101120222598920931090013348862707635069723822855406406876332437639631023
00981458688564624600162917248983496220507331880206095603982705875897959792222423
86588242822434700612352574802496067956370597767339493872005693231757480293531131
08650421284088935649623358747298764285965091006449770117538395269306496028094146
82789508430534995226461929465396001007097106233635338432263333003393328317966073
24305038142024549049626790148047514493920106723058734156006304210376133743152446
37150244244296920102561344921455707762808386727795408896511163009187909933572326
27491938803385680549270790726744948829760927323486260166516214521778924617603355
57879099556908261879971443594108708597989896194481675549926458997818393393680820
49441889629222428396998468689170009883989327291548151092907988385932546402641136
11014335606967941795985561180268701089479839346075144069834895640126417752217008
65039849064427903683156402522092835736123447624346783825057869981644207601499879
28160534821983718579801020615225171481946462960320264956166710505552089074359483
96860893739184812266697012620943747771729160750756345692140900314227376919775271
39495477068154520514300534089089548995805537032724733818166745526293303308866401
30049972695732842883816691064745286076929710315021373159410481417455587502477668
17014916676543247978250322867770057279679001022476103595438411848181942317071602
30083981358422426553836615364558566580582177005903668749615609297628822976110846
19405526527065956947580987912421270331525745296473335382393229435393356130567170
25975732204843423489851396609372522408520752518384600987017235908725968797799352
06736565052693257012428812249324240617940365052207755548779721645212619905447428
77201778660026108553060354798358334692945238097228153689856235614875409622814089
76051100534710089225475321488915208474006505583870108035049510955190718938953308
20463986322444762516263817530744598650117311704576772911788673952110578401780837
67296037791715143719581158621960332747964035750994566707516991527202278482321025
98200263236580696845112085241569498625459357095647233236849299742988810545621069
98697876291926698254367301047230717001405438169124554369766523903974753012907473
89395678391591875337016223149276297878049805104011831354866517902708533494190104
27009568596637267230610639389273040769171320059642753555682547073646866064007179
38734733380703763297166116115069014160578768284919642869906291959067074548454890
68454991733535524966520089252225611713419263751666150497380001153078483268811679
68104667703324526280218133449473401024652736703333764007126530453013081937158352
68627400388834389867889214200377458721992813009046155337155126067788723001430918
44344074681111143462619716434521647110567090390925896255934202789999375096223110
86265611236798084578054767323298071376763279140405030579415647032598716831920111
65699252208346809430028244314366580215944940028283128403866149042135355982700799
37516319545305874781697025919547004481117927328944292707343877930277756908239526
64651238177416273804956741483495056191702029848877370347251141497345224117461692
71919639596597062171332448058622617229514582614874341259702217595249972446851665
74072361101432956437645064706317323481531829408012192482403521242310448285356923
48904786103329772354535460248609144767448798437654728596707002988565257482512491
93085091683345127020498656538460059617918821439173585674188779032665661469111553
26218486259124653437197506179179559620353979459658546484541721509309043161117507
36811857516059974735828403076060335231387707416176506350635017976538439393517130
57392625064472708251913796747534819492363607156549237008181815960061151150744703
53466492284353729645173042939845647328671401083565922455202568910234776605072991
37736333334699185273675103573508164859496828895279927722908648137849006956313275
87963246048465825821781471772928273120139685124380525681013648846003908146205225
45822797968868124970974781215154588625152113670942709138033737964825506755105705
83850324423590953380554152531903268569282610285076326338587231896538909734820417
69708860889146861815555671662886738307351530394487165114589935372243557702096547
15999138533597182533099816735845312668151620460880488510181334217168027687911490
17360409850675540762561478178252872401655412603345167325816901362579620839884835
13562145178590012163379525263958347531887234865863016297723955668335400384793713
45928306264520940064446519556661614446222944831374138474167057363441991076390437
37448640402192618477296084179185658253269861241306280185426519183094915348652547
10063651560278660676275763391414409882697637554348303896884804286809606715887486
70051304147347696894482768135764550097150897418848073006776604009351184526645561
69947578527577698218280787580061126264430220221168934952050155973776356607934570
68477780214457773057303031328126369643783349583647705515321392040152990041207737
82255896791660042219861812016347869100774005005849120318599441566268748617442332
13556577821284908799837975960344090747640459355744943404810357386160517523914338
01434519214674957700705167791068556128482701374477824849546389756312858192853417
99778651995449414763331448249781586849187409850001023304752785622959926494926097
16348557432641066736482750532126715242261292561050532667505228945706745786152025
71661435407800176961701779584061418462925362652044402151465325384266314163520958
03841325637400372567610358984579768853039607612529302948092391419365340583301712
20276582153303958386444098112092794566195053780154189275611356491990117709066788
16745768282945178733047550907692808201696758873007447532563821436198777299404191
03773186884250993292123184622187534405731563701419418731195254644512454269304492
90033954656118192102477576149243322582799948665386980535453259183942025697824276
27906368524686783957577887158518205804233335942695639508514962208005559883728873
96780919041491105802752768370925640486040761289665915776512958594731435299787258
73153746849082435927700323269788587590230857767533172742587277998303613270935430
61847021320463294235148283218829522001053822237508317627317465522759248491651367
05928650352501575423991929647472706115050596658779442009255353081811927719606087
55196220130439997567790657266618867379944145864918988748932043254326248260603009
00197661883244478999725956444652505804081285021503256515982390763972641078804227
93788218090291706783543126407862809165930287385513570906642089913578115424808969
47497302690458952814611402382282832906896184763757219502792142505255433432839794
21127426191920582702188154814876687225383569311017646731237838253343423196585169
81567956138439039645787252058192077785851925605723071700084409455301961780798975
58896163350068785200079585005930193284111469267082906026139700955481823898294452
97616609161261334671632016513958096706604801659995879032580239056266563000384331
28486548357878651308952967850421167070967765005093131994336968261935323868318068
86752234061803067157335272510733419684837209393695291678425928142845317609515943
18163616085967104305272429844313886526289297160128684092003031633537883373358632
95008285329211618736703143314980939241699950438687271121046056177291698112568205
38716303073137506754189212390073493508654584394163934100569763813328526335080913
45053508399472691388016827338427610986370773744023549566701093106612806782279688
62209951617353848075742552072809908141586277049067973834566987922543844162154832
33380838307294499328930994869035270108838699748390231495464104160954186300862697
43689101248127945623476547943876937800461734315340731242573944858411111624536914
59581399383355722756488819510502581874049580882602214884134565946568924925402500
33596291103072938722601761646211525872544477532427569612451091202052388826143009
47783538666601134659169736898919615853309601012131189236494554461920407969501575
71314911760789451215519412475447229963837093264806061649253109588179804778068934
12196274296831406687839153609261698172971729695870736273243931027394677391804256
14264130636254474333799551042002896166507306072460700238586105356110984584328116
81402476391835242462917207418665917366556944061800864550651811222542827022982370
55722088831624892244555942106116753421181824648328259747570405009401199669671155
39890919923753890380384979599900709717464273338786136743120982427163533440958706
26109997843416808591702410124039221167605298453848006142247989603049276680351294
56392428312082910091813786265386119262762378031260802943475586736441923929249466
98640438245636860676233175672154243338320104476301893281965512707693939137171499
60287641303540126334236446008511411478808734176422768047340022298834978220732659
41829419286894776706077036955567222356586367001763617566363204805324969409717800
59910622878455285722557822404706559023830271417282909396445657916193096427198662
43864718752701492943906234323478110628184833032484886755602075434726620319987897
25400170686350591551057103595660116209948603272440456963081057329074234198114269
17373308110055310699250564726005109193432617667327446290279490350553889205596965
51947054101321254572683796625096030857055181312705533830427344927500576894257564
86250822325548679353636716146715134306937922234867157302915334341647819556506421
69254737281566803632215243763705378246556564464705179443110525235541515484322368
64035983484830440743696515151037237770064463028688644951953161577157937636242322
61506321993906741635079903244265447678253346342148100607518596326890125865106038
31014829265936259588440798891838851847886515143888054142813384307417584047324577
97553077589609814999312301906521584711795875485306617924103211616705718472725812
07776294762853279011912577064150041615864531741030661313697755164540464627521246
25675895231410867662605058526965838349345658888938045980110249015860929521728654
31346523789967251701551309403754319233479853989752534215782484634490821907426028
48320381856469125385858375083380922234627656134888888565361281473911720153139663
25833978193044432222497061442206978228603435692464845258170058033610814315058611
67608619563961123918584280545721910311081707044400828745702456840176302555029776
10595296045215958769909055766496792485829708456386707011071623023306300247034314
61792737272781370811146336477290640098809687809580637595441646379064631267707374
72573097761736168651270760044116629891482339907103986419371690158610588831930814
19020224257526494643066909002450720442796085456629821584557760045630761051903267
38474090006944182170250511784227517136098002838961138703845037562138761594741157
50253090284219656894989282417447962749636728501884964763120287840787794662094871
40282445511473089314563694235031690393169161250106141837468114263133734775344481
31933135707990510079543270393478366729431643963326464652614239509402545276826286
63007892602918180893425337942607580948503007365797273871679050659017319520404958
95826646428956103738786087998084125917699446863818579078530528329662736867140196
46385588941623288549476677595967657866977223924850550386431774319579300241001004
13721147053777914673055819132161400305399095934445691466986534807037362111904592
27639809857921039647748052635576022588126485906251197731323479157025578475362823
17013793908381937694673665728397831198638302833072939139129047495069479765310651
26010714505951056122983803026464250400792200034740470035046343969157959626562117
33048921041136397567345572100689084532281886360834176520397357042825868149900338
54203435141625475008776337226274464623046804112275607414852835397351581083813496
40670760193747992769222107119531688669563427484199490535712679608409364565043854
84488118515463572075543395697461535318698902049138313991759029827500076537389052
69785121773299570918759584539121370603476727606277389408640352402088155506461625
90988767652099944104499300006063796683143512645100752481887383673655587670147286
09439711079966200494497778538849587629478586075616888878943785155569595056109865
00532448172862230969250786113719764927936757578923306393038449305048474952843333
07740458768892934501822487817004199854950946528516739521336548329941918666555209
27996152943193698688870809248127618412589284507126268590600863351803110051629019
63873134634140545867588867637986117797556929980388854083460696448366166798356474
99587886821082833163081018813229004859979836945036565120120184924513018750073282
14679756436133463237615951308981895968808866448572578364092648652593963128160949
49803646940026030669108983604864442442522669966983703915412092842102796229689341
80981119771906732382034507946129735959069950925611548412399053509824914391552875
66548026357753594965506109580304754082715214779085635576009659742624831087409866
23474752634957405713109869267000550581361242168464057700411769744672542772195530
77724336003604328103166251368100347948912753134311756944365372544117235056485817
63678036486566741650671993754081984956217867474981381766389456386400934982439942
03399915239901989560664272555665934391301168271345744534902264247590239135810549
41411358213860786058985426241107372232490283985367503516309223337674619889509886
75123732247163047261906594473676581858406173132729758347618129300263416947608910
76991032803663245867440167411636055816787983692454954775819327927002479439621078
38900955700858602368365113764940260058041886149381178363754642430510822167928444
11311794648506913209073517558855384451507533341372471266697185449946183314950298
68814509861041427073980290832469318360821065924340493154949338638616402275610331
30152159528868687970187125053236805026685447493251046629300334499026167417830539
88825472311144122732391996418435497353278124179508790170673957492804686340344953
38865843690617581700600952939423906993625362640905033864681119235312124879739746
94943586889101458501697978484853219347840576225526166230833950328295931892444561
20558610330233231933511613671716844088959228700078529001494550673215670365818795
05913223561203269764974408684128940694683587620975120365645150901658606385216573
40676310108848003558324878556797351128146690650054606893573931905205975896137331
04246279488347393130079817842530543416056316548013308366072159881343977277603922
98102007539293699830874769429003157016138490859455030969098841052926333048072480
09146979623817839260227489828428568232799537932832329409189715151228195040805939
48106111533677397747188125683748133225726976791044533603869939020931683612413763
41711043417794834071942315530077308396333974099365597021801378068973448929247603
96383146788932686256422548011661505244525019884993630023795522364026323064457559
91070273614396689766761800189532271917748030763447182801828745884932569164985002
80818115370181170247183937445444077560329007097186210555204805457465663099013769
19511286859994754467571365349728403942012145761461846811957693450756223275105559
66900050503520179794559064161134747965149834892051232861880911122046790636115952
00135332134584656850090029067581227738529209527088839097522693713986974248760221
40979807083208517995940748409793593255256549878788665047541402677088922623975525
60652750782551368059881363401636907650586743764156797697281683915162776702670875
91510154936676747970332041276449839946888618488512911138727525238280792787115892
11857480874413464920456565806493912849234839026257048117132879628341002880333584
00819562984603811532346066890624932538265041824014521257696371966062419030418656
13893903866935622254106348946014115302539769221639086816579812522551149585886216
83486291495065929545485282325121669268405641748550489078621403621064539694885202
78605760185180358996610216900328559824783702796840879901066914145366813327395683
35751200631325009283397667021227249929515499430058327772485834251884581747504074
89156596254575666882145506998832742255513859856787195219987241890729221946775979
30821828160828009252771531357814435769863660119196796489806718655071265293537367
36643337477501019716797270460921596570504146564627148301446825728848548948079860
31066525289901045772354440755463782208852462571031405462855946139307512970186602
06999477494634383944868577671953718590227178379867990817784348606867741617787521
82695815982590097665021005663125672380826566720034547578325112656481731003444536
84116428742601584511145388711796642457344016560304675202184105394334084677958822
62552620062600944205596637077137303794222723319833272046299733273531708334230466
51562883631307748640851796741566946743712277469887905678464491309917138159512617
56611828441708235702341100206496706603867948909570396405599858095620087086530868
