704414290175360040674089107349380160862643628892652876508218173551121886194208
793316956475668206730542582746830668704945619538454368508107361135406966911624
054108302101817148890886246522531710090852105992521137717038332808011745580666
618181981418301909267334392948025241559879467239728217924027793122319606615872
292087283153196809852979319504930636790854084636481652720253792267905300077293
755990310260710003308198249949000725848792246448831558130078899923016336698953
066415049599255441925204524061802390905092366148194650935917492976670731986021
402961355939618595720195073468044232118856862047694920476501073348266260990634
831320714936168261662783920181840846745033459287857444408010232368566225604960
558068332923403034113241718166401580110272712032407514998502451150871428014212
694434618057717233915912125110679032599089787713420107133455648271165500796617
571884204051192523143641993635633173217478655150266048566728842339911609395833
775790894788638740027200846039742066409228660562003343365009572599177670940152
855658217628752907556595657602839734574667045624189223913833570861546501822192
099948218298247806463566970633673106083198157844345158329778528635136754479059
830519928008994405761937302076509812150577325636881437766799129089088565934137
541250995534023094184829912629440179536572817680276870665599324095610217346116
785359639700310521061054359483308986673844331874175105192530727975608484351978
327407884669888219963514074410039498392634237905755996191627654898773061384946
832132728207473648366355273188681466455866578879634366224775647396828398853794
235139068240688476163930821034619202624192035523900624186182226616151055952695
762837667588784422828552853087460719744820687956142364062794269323198888114986
391819899494061650678406823289634781754951808561903547457149708275978610248121
882242723311544597606413136825160037514047538468741360719287223194825297378806
635625285976444559678567064448853086511238624193810063905398475006804689823042
272302505070140327186367294816802718097523503526505970477750133807069294508328
987807423411329845556750082699225293158135469376161494612245869831129611634814
058166502895630005832860240493930098470940623326622859630478422547133938004533
150208213270369837543142797320566603940279560218442530940611252259098430662166
597850845937311051879230645430327516083141501767660322544916801337191546532715
558455101196684121232128330337863373855997539746841037695764866261980890251761
528765050647493852534762792717792256646956647471145427643411616432098342797044
988307473220784899375738230864964775561155969839602919066971012763046771470864
489682013182851193288002572233266741880286891509708216973820435598838895518589
924489901203580323773467134475993019824127109575480049101891880618355870122046
831601508297441818767146420237734857038387922023597359142457429592723514925540
787563550393155569016383477731224367943790098364594578808699920581145372735458
153184253480715335095969417729755118833492115910178773911120237430064461042556
867931279414510855490577169126486832298275982332409641687700793634660393295967
162407817061027549231315143817435908975198424620751119108137899730938573842787
017380884123584785821290843883365600938817698778372477774354559197875152360322
011777402860616730836406781729115253798391244444578358414085488996042469459052
702471084079146486165448987944092690009016537395586336008704536666422350942311
560727996097365617198943531473609004973672755298286521895272828006270485811379
301349065505913878163999247888173124791991767544808810587710710078557494653225
779341488956718348249045507052219084721323933318667191186164330799050756007716
360788574291034833243473113840765775499691049937363838681265005406218787146642
462417532158617247715440819405287659183591873306067070230348352875881111660963
560495055566112570302803342101011601937150325586930502859884061501436076801040
802077391185711389851469542076605994656466602594175800876792704111289715690316
263679639483843185382889574352111522706196199532177046275174153066068082350823
489317564847709493570408537668507262585055754091075674496608967042259940192412
458603304518196030830904375645295004243606750597487302415760549234541678201677
296236526162047999601217448165147640745352986344650191933307754286973303661609
117107650814169831296155476408285708571084415745206186826201347894635623861489
272914779935395734706432805855070978674685589363672129124324297924279627179800
805240149776231566274019455517127992693605805496818176656937389221433225887007
502222650013793680977929650116296835953392562995873729073068797026427590631343
273197182276025609743550323835546075677033005654936183296623351734354208300136
714332777356911185073252553434658466759173206080141555043922999573402399523709
879504501632068506267293861363748704762889865120992068049419454026767024473323
892078255221273318146145908876498005199315602977706997340857231669213144077419
507814789037448058194324164675391155153673698523343654583725122836763718064080
776038066823117556534713277510641753459122111601443785832015326880467368912135
026650534717807531564449892350017376911066345836419370145816926955177471907294
380862814271695311954071824761141872288421580171758339632701765091745456262587
521230486769648053584415529708816857862252782253738487540776597434930883444573
267073016692410096993478491337829466097415869655474731708352777516338344741156
687675321776408742910578622903130168577909614867184646951574248333537845324760
464021066069000227283083313382418846506787032489424670459724809413064020594445
474805731603790566731975762639626370180882116638858066748823926301512055101592
096414615379683648948532406622931633321154504960132250937652575818841225512072
126379604167823342671126891720344087104200621214477476594903609656080369458686
201304640108525769144592072558901461613169131780495215120897931586030173092435
969805031533882889823314960898448386007764847490439946189990376419173029542671
637372409021364619302645263650229125704199286788011235914795911096695077648551
789435978690797349283221709888153101697670231336910559161447168596742775180616
532750945153628294651910137043570829955393966004659153712135207700060789723847
480665156881487560169341299439696553679450289138793951087660371946410010302000
689713521004896823506821939803334934761484497799487866708960511505631312735766
116632002275939299023901601361502642216735305893385179911467513493805920294088
065354077900733640115530448874485693184190038043753511982134957378495849142625
742936823661356270665695455404795168639735696430257382365330787199247642669760
019980368680904420968925657811406363403607976437471675189473251846834352416756
606666927165213657486106125921726932260795404291518266542918895285276303062445
253737027635530992747664215862738767057527474148568753617549000803175724781728
219196278706965155590700303186251342423419667552224941119931409886200087874259
228857923016472999566685122919152306017065805040980725059216345815973413308724
576606883411391595019554037539981161045226626491308915420549073251557628613291
111467017890059963003171099098135574821529549463361364220214192427155202734436
415443002452417119315972840712733362798602016176387936831968137143410454208971
813537809948652614590040486012056023770503927492530040028128690354030855469893
504012756265311930522780675526645534558708076518831683963337719720780115141337
470418025116261970700947686910565835321186130119714270816093883092590069956153
777221320350167016405245754475565889564763582007780238394138070647967042850800
240924125063972509880203560956821988285727244821795543407776255191720759813322
450451420662057297950040592328198980835033627190875059497105859301310941908473
337503662026189690085566397076857613980947500347258328834327308923076123386821
099457122979178822813915657167577128263771246257980521532621652698163407380698
554845912375786501801958972455298664427692739175235218831832992294726313140938
889116399334959126270949610448503898532881410468489373679754749436253290969152
639653809049022086953092985247676929833190503080139007541467831007998633151916
776964266819437551988217152869059817713181851941464505027613490383669313782361
595581896648376973807225164010831723409287843234494877714705541507862296269204
051275797888786873232850246047725445433659736148580790249359296383412976831358
244775767930468169953983576236107687812139863468744949198941184901361682978746
147804506630849384208276656202510465533098983700352783143897313851611090109978
571288200131246070742566711554517867974740213100898715262539585413765248522998
358323706405145968519048723319134806441556633011658427683924994621498674545873
699631368579461625935504317932763953701745687224685056582127187383517206960795
340828042780664901291906141747062321387459612927763702336770191445234306767853
044020536459986044743580732986781380854297910778121019216605952262218619094107
353667811663305465077101753584593356537295534763780464897937116216157998107782
355423896113179676137890790463001990341766860852026595623975672641138434836791
244393041675300791193067457207620850339493093749006289443272503699201481854074
848671924587957234821203981331484243501948865918990064424231280299824825606105
228670833331125852030074966257334078799471608932033505336265558034998661952958
256832834211660791302267039561479526946922812095897405773986985572805119519461
583650366759805104979126737598208930563320278866158797776999137305793977148812
132430654617572259109750982168746615657313979649738474048110902062602276757277
197557386706231063249843922957068299674107840368371780609767106509643012961462
318418698195452522706378112792565544673089275959441651310753925462917231518282
737833899619155625771497227318104271015183784289539199388347386222364160126353
459429537850195569090423282134738507648862665139396350473076680608495855301599
791437565791511613824437487920730330397077329119742592470467760341424348728300
644900617752841079537514011110722849213169637649063714446736385432673307545450
462436874413147045882873891040656710748777931909637954775210756391021991124582
283723238775965924495311687768785203443592462620088949700859215749091341184531
977175447440873413125224284022399839514768337295539566478014260159082867513444
584931932912872013370288316349830609876118380296257086244697215651811639932120
077991723492159562621628659661178833040252033989996179711897778385361144372659
876194540422156012232245725209188854455240646316672812364238679902578010588371
499169514155332950524802042709020084532125597200145247111374710250464810933817
866299263827323719851028100922726812397787102579970793515968343165891930278911
212748955404863457471922841983554296336968533062865037473063557546767042696772
730492000769427183108301750932116227554232698423868833765247020170121548427477
518532962945701947923169954865733994474546240524931705841963742176332122635291
505352635747338869622358224803849671071411354105866480342087752493162099014317
816388849971659260016031774270882296312052291611135001162288798159680195778234
846143844730461792908145471980613837848448569415298050265164787793133399128557
032747758116202144330859446501359802429276735101200818016774141681384615407120
247055002266250422037004217799632940619217044632230475939368471037581582701400
849706229750053662713144117031272486363125914088944363103342430133771584813845
510171342258374613135189367374545522457617132755771224951834576159420423919195
730625147019308169187050094409686648730352496601895326792225537028262848203802
658389218573855447006029319245674243418960584333120932202629883996087345445884
725669429981961460036584350992127373568093184714382146680318095721167458416422
090542188194131502702546324357154344486869831632007920802854567218626216969600
232827497340697031237402994080170226077953273106699585887841759395742884296869
506020919438007409101800460303723502273642597980155608527647794605837023105447
051130383944014635776253868226534219874707095824417486555208848587915850337140
684281896973039069422970164167528004908765872901333575353938529363096084973689
670021237578828462290511921695370395001757185718563805643161438329089747856489
762499705014440622047133697632146949092746691949246333248382092393997863247567
320968746941239663897459078074566857035178181405839172593094314556419046843139
981529195310950674290759866930338368114809233842053202492328434989295039077201
777960688773695362588297556334110841034929615513589366229404286430829489905017
846751672590706169476145654030332125518941780141490783520550035270973821446481
906944425160421865385011622156933350956339820743031093327826471624014644129122
827185531320162114455808372608944707725666708058219536693755235911788872215674
011294876525768652917127529293473366711511787215509437569110819715763031582953
121777282308734315898171210057585519892362409473167068219816615580292173753597
228271439587436686014798266302633951492855962250949485568793987532583276916321
468742853597664393723768699442792656288160440510643098883032353264025261342120
109284739740219693780761612362593989476450757302440541149762996139087716126374
536324487593006734148052902112676497133612616925735885505422514927116775186155
145902638804438398010709731103991256022642175020153169169990390867555537116353
013908964454309597657158403432295697646235877365198985965847047912354275266822
426792996469229274003762182597252735577756870074445210609038925719780859398957
405651832757148766840613204438778113171084873611906744150110092968088088247565
707878471155118803725356848848320496187155748556386905550680939837584844063402
039814839093687984442781715621664477419805309589094771635363450809314586875577
608813795721279392637397722339094136075852149061185475289224625879465107073677
969585097951379045941805011772804054799565603999174448270008007466095154985386
175450802679317587849126131672827846830499299088511496070948914357606605163276
335087659233255855366844379055728584366201944593508534470863609657410177585491
292641502047262453155443429108924143369642184572677720843573562510576793899632
049777809527160550272997482573532423361648923484324806035630546693655555410920
312251949644285962293329135068433929821248513008419475166053458093395770409588
309368359095279021992457923760121868285932707423894836034952638936432248797449
115195916339347073598237488821897738498566709291240251241988905750271676379056
933302965318392933620412820052389891307726622057655586254657152074367251240056
315743488773768207466121593327620857564827236555117919327661793135546014780248
319876206669185779036010474961496300219948618513547878789247735909279850826374
954770011944746652826502261214856134421193825479850995736820094461942029635592
106245586806174200747569827055452584371389958335341734698353845170743533996710
205886713255379171602921554755343522980058042507990544059204251466490666399021
646996079109916896872161115676273896581452395874246525219915780233650581089090
845595423559413944818335379417199445798992679296013353502111187062274189071749
491943326851495709642416684631907164230490927887798805224505423988143624057428
300584481121641829203587794496304319080851492845997582190484404613232656225445
122537128806758185340654173144565990192444622657448454115466870207823850485335
729415572598653274126469380260913297098169961148552761542795371735710061776979
527633365718258524403073969953868543051136622165667509728525688183257691102324
033988732896756559043181016574947951235844980424757460030526340498495970005588
697380177659741958385542296456241635001163307984435566038984166479500631226400
775306935352277647669360424985600659696477431751099445539829363040536654877579
549651677356245098575494779668665356520278032947566353162831918819501239367730
676370289204467378988383626615528378169170380445976107549795337377072666541459
922696561411122660621987293882291061497289962095380276726858353847160520321854
911782282602648160600724614460060159162428070294236576658981107754199694964004
768732111748653417416824797046831949337317258669429768869308860100868965826046
797895854863594154230770789150711363255843198663655135521403338657051704456279
925814016523163013508777895259215122869097157074264215808023627051630764544226
809657986610124122129103415312037776712190352990508600370830539650869144906926
463629547378788623186247542559626348554267291693814254151385239566858023236609
540048513088618307689510569374396720192030486087823512424916395556705165370060
915967841508555263571954293286848838413461264643412220915153694459018489548292
297086966590092126690303802971358001972279913263904056473926177329392501864888
855757560428460371348551049104090694629772765633742857223684722993617601727799
197919403875085454213844113867658571115999820058404780856510017420155869578455
219959892332607446987322060450370020410621943139178412198626859060315156808370
575582383228678613646118104087821336931227539862859375988078512729709500753720
922332175095972528350696719729739822890638743938247837646015150224921518963360
129827310816473767911437501929211041188026322253375952696723315381230383727272
593209220454554385427122671617146698772167131889128921776037246962040186229791
567231775148767380987406775965369289815422766193723361563784809190159007334470
956504399830844721370365549996465147810205466054364682085489472542784093218555
583028721940295619902518842558665600686477757887133612433728296750413564168887
925060609163848594636637671597840161653998214610588883735032546130167814296926
344200243501057194733589435928143100804467228859023341013112633022964497704822
173554781280997294011804718199251995496182041172967450878759496768051896293304
586082980664911479907125944789244075037829243579348840994354740342475436155380
192236024947050374030163538718421415305025518497868116731164239204858828205388
577507235973355336827777299902685324889858946673412299431340973559882017277695
647204780144858617289481956686637140552607438535451062980202401192978966626018
594996997718264936683987431370712793313828499106808701768087420356476006629132
691832126855496179982941736113741599148025033048988451142542659006755580159989
860198205720590453185531248773348698304042973837163098353861191295285361001922
225304486581057294321178018872172567335432003051386645925769706255487271003825
292396168716318627497340271602680844283210073294617788466311730623670605723911
523161387464536531079628937531669639593817564099914075237430564457230540341193
419986514682143548792330170825743090026955465040743890737901579325702216857542
238595984493976778598011863244619895549731779726924718500941574111924310616425
400318708111788042203019110915463489165771064428865133920231051753997885447457
339121813123329242620901081872536664724135657383462582015341083501311416526974
416449928206773837610279609475999052973182393909247791128298040010023771724988
780647901692688364358918677527194365063488890575544474411572231622982381528966
211940730314246608034174021929030361082776128502427726549403621778494247986433
434236632732020523179408089737196464283571117668829026791912620475068923261433
793887282717090786939413719311377486764700496117533284981160880229143489450896
612222756558747978463150841879141313693733531215015084919365489068107698727406
785997649754820335545866898257157711285495359207842331685074844079566715296028
774365908153395827233511500633013009734453391366281501982546911540798867164760
595549809151707770755661250216119789788976074915254830456170677570753810512867
271313995322263487067908020405373579841478602988532505283712234936131214646752
957495305548028391281405403321752787516915132948205575200146195221901196001909
737324705197260135181574447501677760851027283395184012265318070657465888701716
321356636466088340945301297096619223237533013955162473336161828176880998159534
465458331638709423654763238817010398663906193315910806378388824150308851180035
876463400155885995048629347953031407124546550018595719937811931399642283977150
575698715223920847491883438932444253987015833425450247017465310273978848959428
245661823923373002208082144811258639433185396323972281579109532359352135255129
720589550063431610019465591937486291193511352992059868591637014856242785222144
379813263926848278727451764901426778137660357612441934549040097597595304831715
385905776553880282315556761307784486258451152254024382503897601783692778432895
193324140650289467586875318182042047237570639699145807711071117197187851833595
186892141283561433772024618274317223322310660182134595629905507330847198275401
592283894451403942230986096120066998034500440535392209336060247876408829461027
889175476779537487064278884520171117294619833467663281574195203525807953685265
802964241632164618288204010837392381910149012118419939637440334003054073567052
260979082097298367470390670789026001955242380883278607358095398294173497011303
548417696977063070390676744559127520361292729822276066715442444080056387735953
874884073425685308772486502861145869930897891351566431751373051164853934446505
978760717815481875241023804558324972267483537156813077316595649765267641965624
790353493744059315241768227230331607542471529353038585525941398695154861147560
244357913202166710623187413714305106624409791269624146279265802949134355898722
809450217479674434386902740067028456879647308159860243621864282036523350233475
769130609975090263112691571211336033449606192362911812775504493281811021050136
131900341127871853444608906331903912825496234255879626260404872862249137121376
751781047848751748450138382508239501616864333007501107658042470894004635392310
915314308963746893628287820189353393671147372465199291848237017895219855962111
852459684140598759876045374846546098991249562696911327691967700412991658535278
622870057406676430726274037669304564827516875372325602823738263794783453423913
059945012925524609978202547435958146140819171550582984004219157525016069156901
507278108515278856938107786839126845958565355527597966425102168459455223125875
980470622324656348387952267496910173825131731712993824370290721520424339467391
574651134950768129688124239605601716118830104911014807905290463218304270853728
952275116003009010461852228154559842650518851843893794060078155594275367136441
238507493220941599139388108025351831819628575869087854379442584228473367981527
311599219110435494563479252828078275170758108481941166659890203171676582585966
810736105404678374319977376484989493275985579487071511448200514856422892556434
065910180115084947024655200483695827111698963908641367457458961549639526651069
457007929336770040601552781514803666481563476732160773437617406686162306517466
621742864308446259560131402710338847945182761729420187801115417264300909295512
253334512982972305939317997313875709917929361947056737422554308715259108723152
733218535310382139414197177254509391514324870254311290744699939815744419608045
834957416360562002525357477638155352066060270953624081676945115886629065182700
832779461296579234299807270634911393087422378570902210250597507917745086725865
991731388946599698241161312928248734856446106434739350379309212730664669650901
253127109133001796798113820441879167925699841921897295895110035708820683268102
416248288123545398875910611226823266533944951925345179965235636328801640793127
194986468770405302544003324991934426439318876968925417787192704687466142666319
567546507911840098772974754470804925129037974663111670469759728913756800127583
999932020314288522794393254304576967610815749187127562620921836167010229140327
417448156953515409251056843920937061018840961537225065221283433657352001356341
389855971791486462054741203698126594355909544407677236907832273645312377517173
917202041297867524557922573753898700329664993823061947394275688283427600179930
345762866229547203769128225722234637559326778118830813296576811022362427512866
783827916629289225514903269000345640047832752003129795857860434005591625103533
774706665208960020744375823435559675651231545160487787058363447966669038737955
258255216525068846371198095637819912594079867624244901891739720454530910762545
417552554485346751328229639929766925146449118499246501508378050032376821272348
868361919347172140795734457849569791477583899805763144596827938185435143083771
843081229791117611899864537529530720316573493400023662227381946277012800461539
346479396889513579360847240614825084898546838001301280005772394547275101291948
424152256170513643808300727362812804957116608443083507631605890036967254798849
295101018037620099930638897851609699930073248491734895532270604821831514777361
258133651755412687016765734509201682431076832629486331239275368764047479017030
619293208096243720842167161635013792238435960633059846167784276621692478364661
932434837712375557064161914650351404766572767687201100276449353089816546087688
242219478730921795174884398204802302386181741251125721374235647227355579935395
159835919184513998444471680433341534378554978656472655954665787939991526902230
005535390056438620591564666297053846517701896164630658769457669283736865044006
271663555092091759679486762052950592661664526892972071788106578863308696225179
784261670969533402150334018725087618290226200334827861995267089898424653133204
100481955286429971625984431214539472020111887406243772213724529901322078617016
516427676315798461823089631057344231633773530762505185572214479041670599052187
933928469026006433316381287899796252990019331684153102884931752486179542664237
799636970974067425832351972669972779655108447981503357898194497159816161532375
558491457385133349066689244422466729351286161700630046848237993794525181887545
224499068049851465892662512127273311994306228813763263964573369499862395553782
251546276360938011095849505357176902129770343183129592562240280994062994151279
330438069425513615053059515523708398837041168639036343535699739996245626035707
804971147244112925636180579219222584059843511271694608247938679371053559262723
950563757893472960970049007013130219008110850051383941011650272158809239089523
747637226410895470084124436982098307926143669903272528866188031790784632170041
947044097611317233523745409227382868315575902577782783840678156967159442045416
102416427214014570600457186440883047128183005461122157837440063410855140626133
815777827223238699272537982827481942564839025352302170139534809587311390889198
081762297362713669826427327426318809744321545896102043915336357052309499250639
298824047398506181092165562693846015638203669766622359814671429846866204131165
544517965999955832195766704419522898539222243370452452324888889392709048984046
243396178442166284381216717429383486095690515621870006523943235621964553260025
057084212850613933556165609617837080313651136049798297357870183910715609696411
388611391837041665636676686370955903146369929600070651374988351677347423339737
236511311317483849221749070592869390311677411457056341428595155149043493438075
956738504684329767043607070414526988788508141392741818118282248843636947312030
964515633637758914469237710158126174193831031478637691451193373700486004235812
744891347760144790425824602307869729713529948829136103981190589619388852945029
466187842409147614704825339470620212334594743176464345413859654701491979229436
698017629651181846424913053982436937020021423481374333693181277421812652652510
203622439672717921607713817196560568739470879980740666908027656334427392910909
191257523751208915930434467164128042184090972416041488875328657156567931996596
505315743057466015546597674440758157123465671556916903339740729028660442323717
903211721898464706842982228677056602700595872304292524967450167595352393432585
998136785352578065933038001965713380499374510168278260353344745796479925506105
695377705756394225963887725755690787721522277681498813448099922289891171798389
367254581090234771979693568541903428141396604109372027722180804678592238542509
248168003425621707535861552089497033541387980735832674349803896697931036072125
979112694544674564131754758289064543435356818010449866032984708231280988986725
675777436529099514875259695058038071741562728104661856512350011284045412054041
594741372114133530136160414255977083624375742587328992907680031567291626131219
228378379379699401529786612748634226040100812191566302141744521452765351183400
582852412964742633742576890417888797536507978397647600868255243210924742452178
934911630698479634657649182113533851831414227218521804237213432163793811777597
629096771526576305353191411035051070346786361407170170118768371560645140047194
550034520279724966323025704826810767960359628700557039580823062533601593912788
295344088383485936547020545476418873776875214962136087492760040435179379909927
511940885116819211721328083060916727114493402168188571065306314803743251259520
693160498096024475707582226479688071564804928306545742860402403484998769543692
287821359790409035328736285947592927707926766486361143424423501949268395113712
673965102481334568405779238116982726655714929656946593054922689242765046852734
823744406498487950865121084244954306757132130082358822272883055621819225390684
329854685193161918680032023641790729755668635619771540928285606065994901322820
406769124942013636957141115002219460881798463520760688177106598375308000409709
147331606356843986375537479404895737117011335435247987466521179369878154449363
633574830494892339690318073078765455454111690151551300489448401621842864155305
279004165601835197091985755999212696469460560552317879643837499576232226793966
591483958349327218145012667291226782252590454264995873160412073901250064240979
717784212367991549880212130193369185519991558055479767444702885634899132732646
084158280865187352802285539950982031302557213040168966119646544174223499557991
533783967091855918343023885331028219060544206776934779942819439952723446964674
524080207698110160565892604644338671583677156938549833641197246055774185718830
386134698239293053233070222099880557277552669349665167249991878943975363756016
292928877711080840677841789352199136414516480243657034607540891316587374906318
689361865716465822022458524728374810420202961335274271751707142555170369065860
328472822481784369287185519067704280070312175218143254241920098859512999882733
637277099887035335810693533529514512835791995838231323154111469649022417101937
358469091625998077678839743725800993017419837888342970633687771795766792453141
867796417557468260508458169708416269152234703195491927821169816921711963148033
247741026296640362247458198781359809233128952439157274043774861393052138189807
982312977015815387893588075529218996679278418322538841279280851743936084642396
210701155738189831394091787057190185833004988227120127754345485893770454932332
246442879501160539820311029998871556515566113509068952182562947478662837775349
757734002913325892753855980489969489747555405312950470233483863137863870453505
897996282520054438435122400965480476752855711294666704304954544277108356640257
842604011572894880011298486446951296673662879884315977036962670603519227826215
738686721358723615231606739257553662693596708878790267253385224682598626619003
817171263801176186968548579128080224121038022948039738799786151339244588189540
435624591234618998404835245997847781173630799696686652316699908331385646249804
713996576448207391123844406780839579944132222675665037296132619393896506240291
232358513739651894796357453003150262039835897365623821145743350732889276396877
423415412666071119549808149909159011979157133306883256420241263479829086292664
053080151406535440367526689548936821924080933900814557941399632132824044287647
621863255454077548183044438088551411880516403624683914503412235425199898671035
439692246761826317489534373260493876959033491566179474802432053646417973591770
776115331235959253072791449378663732097849702593500658960906330206475593183114
750052894867181301851381931318067629478471201291847011936197492299228588976654
216924601539407594927321913252528092010041897611356420791498533860844809960584
310415503797184838364969829549262847289525868111855222714130078684661797630869
766071031917648352982670308221776390080740066458810528979410414766450831035356
757640525219778710565878582121331910993562781263244971096847836564923197895853
559603033032396201821085264131445539785172961583848744564171885460384157945894
073807825951191984168695350104783504569317127703904453974419987690801423840837
620882388686086647883672866608465763166438277604828955859076081531220899601748
784903868708111974729397399751648732910755971551283425163323554743040959725707
478332356497825965448649222090373981788636841036622787388806024487315278433659
955739511964362927321710524756612811877530984747677137126008299430789251944898
472384888889245285580449851040480739535166584584195021697601780086294552005250
441054665187331302544469285517476119726854056959224333296244392023909119771698
889734300357306132161637206598665303284478598911836712572367422064947346321143
951916180261269878758627031105410062195115027144916858267443332782921235664733
917638831767836583003334167903088464344639596014626722017765529622045431835156
183733400758315025364707415807882421307490335463057665459574318559215040177526
152198547763690490102000760333532209713709618550757244147401357547288934890513
187495520495537841581503226145973722870709280436443295019703379416139176616866
362849358961973428260628362343430158392677160432108478965650500136776167756179
714082177957270439881976908684394542007008893591324037376054044379117252029680
368827693956694327975977158244153780517731272331291590138331597255024598584081
047825230541809173442173287779821928853527212611793966651691648465520696823102
786725656278176874538022587172078592060303412397451548375605425984265779902094
696880757909112606675092471329468311412814176938024292934999291211688885626809
764936402452009867209445252169110080548033034001161105327550006197359025904639
596017258464240382202622087898503103750897064770421143881478857029316520294004
174355756202370261884733091262204634139710677947576461983881838485166893556170
903801308190186050623972437012083523918423750434865713994534526010584308038876
957239540427918053728889756158255712329000655914178736205641749326968285192159
047047038801395194594175275630863850626510714750038345408893411670056934567337
833829202327842649776173241256131300421599365542868301066865814038544461692885
