44716551661267493079937470577293052175042638379836766815918358904965216372649296
08371472040674289962767203154102115043337420571828540901363257214375920546404718
94328548696883599785122262130812989581571391597464534806099601555877223193450760
31541166311296384371940033373601330552635257149045432792519079400711150478537803
63708973401467534655174707470969358149127971881878543767977516759278223003129455
18595042883902735494672667647506072643698761394806879080593531793001711000214417
70150449549641245436165621015091999786297249590580919182525548635870352932014200
58570578554192177305053426875337990760387466896842834026487332908888817454530471
94740939258407362058242849349024756883352446212456101562729065130618520732925434
17925229941744785518999509895999987741095146417007698930562016350219269265316659
90932381182954119375454485094286218394241862180674571280993852588426319306701820
98008050900019819621758458932516877698594110522845465835679362969619219080897536
81321048451878451623062391187802460405082490933606999809477625379297359703775906
61459946385783782110171224463558451719416703447321627224432659148585957978237529
76323442911242311368603724514438765801271594060878788638511089680883165505046309
00614883254545281990825623880587204284394183468786514254137768605429107972100427
16581577830892298892426705300963990358223607456887192002717050562634379276091995
41896027393286309659213286086611351667773267886393638131673397225952827993034420
04804430472679083147817261327798086094168819661803918012168971597200147504115472
49515141050365790014682198153143369117183969236801627378505573465789414526396845
20801770293479685390015730150919242725109875728959618125815431338482479478427571
78990069004828609246975201126633314582612493892732461888069986734059756927851692
53707810445919864771156200766233836373688812562248357047719381902980923502800091
61763064653976903746120776177531042436237332722253985877792090234884391640559585
99831559572131135722015368030122555768337977485868153308815976455596463073489861
70444071965631722735119318496355853383142667278838334503929502937754404012839584
40716449774746707057377328163528489266788893275384180943222174087709628317155373
73087389011635269637367647026041165542712677443001704407745964150351544668469898
83081471711673591977493404140866686710887250626305478873960961808073562623368866
99382204414429106327747280812518385540296543359795892041895295216780033035863591
70607449178999016670105071102879699625445301638178534224338269341985859320628789
66056748051328052409814147654842848801447240837203479551540965529736180580526641
40416908140565006530666352783052031017646501963552163139656989573276328361663315
83346417866623544988120750167071691492153310470066739351500230527309730250765758
03867996053817576728257204318917925283698541453695686692503247929357194508067961
04072595771723325753368857119622048874700066176790511601056454908189107616335099
14206626336872394189114896117794790081348326665072495059648513896920699501239594
67416836620923119701645876240906883765587938520006979095538406103772087392136059
09688361178199255939276122013717316698092843293358478913898096804893717881413147
88838709602093407982420362956675642251140226638969684345937058337096363808216579
46503195205454166993982610975593870988470347537448765100331938094388427353416519
48052158283909706146831505613331116037431432542781608242807964891486795412587347
85802904273964536807551844289975646162256794013176962969033901844024256250132312
38201300381779451192041528619050048086815914949181885979792998737761904553100267
00166850604059761716596586892815370325006585275911011345671700061559899090549115
34884034325610933621296280037280016167349089778517008187138784334431418745796331
87905805595191765168900636832767199065347196467619579145257670009556054361162184
75861290027545691958401076676193341549546875928707714947174782675774482094158914
71525130674672214180491179041510161624749042795451230798555722138437281250626829
49390478837557122516733262041797053294441892500125477552926131338871090288217763
39509325553840674777611692192119288505478580841712229540486365055216851344031436
61873503481373718553479024645744459976241001476255234071064479861106653830498391
43323255855220712770172085993537648796177004970995751349857282128815867090652893
79791658225227087603710406129982627999643357823515717966366403518262501896701372
21388506965596892881034512735275830786490303343966825979767368260042216759762419
42929191154201658973953051518624188694450503583769109867295844843050159374556853
74611045069497653043115674264812804526999064388076661574438502396781141370055566
04513456064940077365051884900433029736829116199453699429625559632692394274974587
58295097555591208191129337714226234274058699003894827189381543990245333109240396
49919055177307968218374284853313295652654225896246589368232780433362987936455443
86693591411913250915630260031175193657529805199004832556154937412021800240744570
36001375153473513043249141314044980863133669654504913955928611585785821263309922
57616279827544805225089902795438768396428292916835039001789222607573521307316798
80259954850093142885988777403381856390162972654783314697040553401085775570227111
66116499803508657878158217189411322475976077564067149751787512424993522108843708
81193073426320705046954986205513418622065400593064154242552649171544964537469484
98610752722205069026523281271233221348163634422029644054859999817821797376391706
76469950072877203387975015316115588147937383883970018194683644191509366368859867
74801016438906177057787077506831077270925117345882299582559857586674091835256478
79483719249671126279419288870425739187555399126120249614372728893846852860684686
62394966533688165316237411111532961676740298072331599386547453150802859378249787
27960670847566364098678403238236050440666123794176243577499524081824942187528835
44819169153303642151700993008004652332905533609192889743150839570415753124617445
20577743168770224294103241021105752258665733673055721197405686989497324944405755
29551392708557339666369309178972919161668311588165159364832955699230720056065132
75158882162079359572129467988395510158336511294003581039370510495882007152737404
71993482714388268122715164050526371968657105657369826577632523561775920715827154
51977267951001585145736216492730531970976497752863537015507435491947389811071950
98056364010842524597752396131754693966936689180906889064970214432474925659329899
93384801028199545843182721879288356864736924174800948053327202180375920946717454
64433679263187289570840036472226255644053536066129922256868195685065564854453445
18590684875690558693031119244456009022712436235108433024375640883473866772954007
44355658106413466860424846943977039296171078518467789595681162531335701274530257
48670978499377430521209948564101216319577316844903890519027471952207197212047931
24110664603455451324645869947976533923234649658681854156091907757214389733231180
71460714002658922533681710177725020825273242725341423536931982047414888640861984
17091078215883056626827410432949100275073657373332334587782941890133308610102836
69885996480411239919600435667940588682144260461450259522170451281200504619428321
63777569371715568728814436149859050985578241207936836406245231945351777018108048
20864582055339070249790905213429612020960172538718836180919608305137003939117066
40488719837090203640721567445592206624744844551817289176253087952202533063109048
28412346272203490413438526957310335877146849073479715971982167083789036135813517
23573206700941124556474957041407967399496845340385141375943886777783546309734525
57978126100405977739532917610716269933516228012642489652421825991028660013475184
13366050163283769307785007240731149946152099245744132353249849969328131203348512
64171071733531912109617639565566370961814064003838711464537511910923677787403154
42865794444815963900152934613559776111968375213683320294191798909563644992913021
74233386327343536882857728034885226202401849952241667702950997582687194499913924
29993072891499636421170146439010925676609887254369467768762754590815691923655002
34174703415705559619878144557528478160186571342677532079277373684112221939603234
26040828854710640725841661756921310826525695165185054380755762890046258113647029
60472995554964651347285479774662044494460743108961778523131602713836494316635688
09684113784143349692078508291277099755220139398970624496116257221020399500343155
86827746498438701722637844906226215960770718371757518734264661378785192521702694
20669508255493172934477680902864228438908518765570229140835384749927059792147957
21125734097261158078521470560350340448520366803955450789634142382936152761003950
29801018485779153436266496389900458128421486022047231115313410324364546495011585
14914584965065181124591622012028780589032135003917906844742895008581143233834278
23220751256917546889669699292672187387026966005058025600388012877742415083532372
69280453253329444041509319110101045607436147415257589261941014362120027861903279
31327856256099370616379462099625162592846087608745973209697131756771490067118354
84572285526827551672018742705853675041066439239197094510901417962403611755882920
02439341867437330126013644336102538825325522551231580586997745765337755261195614
41663738429916155519844374979872442430738691616238228428778890624606550583525895
62894339502559555926362666743158170857937047537677918605883143886598955476297355
74000062505871313578051158661481357239984205796192568432687965448242615090957418
15241005159390965133835581281731929146608221195960084196069627850065506822687234
76729714384676098434150220797828862810129524258387203519355786479347834377717029
70813140329874097908147965952421564404239329431466115252049742923751962424438966
45210734440716822107095651479357051258614770485230309765452753400490135910287476
46206966024514837325198251155814145127513705343592285017003526345822339142737488
19020483385352309837416588902845011146993019842295597442172510310147868938896401
78843574613269262909267585360876096316659760139768530415491586380264843818668988
97674626213257818484531371393888650803959915241061581142315299024232649522596474
32319552516451945468827882489185575951973953394733820406381207144461488156460960
95948644731950966085787844754365546329456002606006014035269297039107661350499616
56180990804404976856353366348066030489841267081809537208644485378075355414077797
53022316435574830190845586580762267780516803238974528914933183865458129470917267
81190995787972627651840161846218826151737032123687547328874010551193627482992616
50025809474814601356724864636692795854761374133913803685528712249552516128711903
26662930938070764334131473201853617826123359359064248468436121423585752444917550
80430295398789269427115440486407839707559858721371117078178840627922731697832355
86745855566361102303665472392163714122847073626961532781019581561268721838961463
27765381368192791407186063192853336963336429088093641772382770266932712754114221
44559375296714367878566083123998329893176931815396517280501999216685109955283361
58195894417776290508985318439064558027778990951826883411286270070939981586222279
87006326712516715531567743419003075631596122116644373722722910251478399688137468
32435986003933547696790558557151928711062588362329337063885484098145012382289519
21534230529711493865551513574181747907100619621153679559177459803029912521235316
74766097758155425239539036949377300968793381802164533012319008704313281935718939
79457449537444919223476442776812325496533655391878984435986903716705359296722932
22340626646914832816896574011423089867887394810259587299266467051777802355467143
13998973834754933950606603416282694168392674825557139678753486569568400705055389
32432423731770843360790770361046531048992494931600935676708123493368030179364169
42127558707900961990202692954593600156255049364973103173417447656650405620915696
84045633086719439299945587460846101161946871333319416111116330714941043786254884
38522205991670714055860745500240276142493161470189287816294592587118438542492680
00986231840458367417176295707331051920112080757739982421213725172185610815719677
96785160630043814526273701023502713867708441680799383324477801660078881141824366
57965538903342939270474269204287594059112100981782874833987803510228017180387506
49762400426156026029346578088196190954686741841221722014111970036540094488424852
83805990388100622913639808069285815415452733379582371182536833889771561037816347
10580759675381248361225918334008477946844297907020076016822283240837851964963023
94760077383245594495320147062151485547542513259820379733556632507323422356650157
65559163936920978102623637545423251885415323648683722670472310919053821122778089
34067587169725099729342783254765798870139741553367456645620955183039691469564900
06697528133299105013954222310871898789717814104699122268433221242552240992007522
46501185187714247120096505065782238948566143724773354216070834451327718011434005
38207903892859721928795065272189363047361362381480404755262484218365563489198432
78613915722419438162445036197309040438769743925067422349700718773576834430660272
71942223841186616590339476550776426360051783209988779071275134036822879967510045
84621908334268734417115340777779654277019411237975325101775118696060692020564859
92344005574831845102575171737154243706049620234186775860441953154109266915446121
64818735752959316586753743855344429582907453030451239136661929122564772279777093
15939134439976288794316924202083470541406929340319765404849754556245239080526384
66854735132382629626143402318241073790914186508030710566091926568985876950229378
48192686710109208922627740317294394590873818038116734117293930659008360676302522
87510315282236276389479940622185035744186524905938948997248100203719213256756333
31633195719384200341700408194740760728699758583282964206305147188054318873479663
90736732974661273850941146869515721470782370964621045696387131714572022016246133
11170482867057565080393370015750085687231642981847719050327758907710566311272970
90064429173386338328958973246118919973493766425425239418215013364610291432969309
77863081140869496659404854528006364909741832411296444042971410151142875940314235
07639340410646072510287881733276065853131366578814704162948422562151584605515382
89834395704641311826210003960381368404512923495872095868038661380839511243314662
13666005638687264562447476806545367541018417725414974029373550220754772075171290
81486820962806729791955063028212018144357196534075285964195336322651231034619346
19380791878344862294853385494192746024270399094679346483811703931169246135254869
75046435105894445865095141049662604808480923225496717593179869011976773912124072
71074903234717677064235163732431114715723104726186936347819623408043358312863499
60452429381165506356010625000809506017534699512545046055074762946443418450811644
02888896991402093852239510560103467339130152223681805086012965658436489334376750
39144895825251452477329736840950015855999266125576672642468132845503728275026636
75739383421714803737916035075963328878835673797522462316053902615251104370230749
54471039819942067507012121404157086005546865401555986886128227862329572118840878
92924620951071191131709694086460352958282824741405136610406406288005708293978009
53884629059533783248471532359549439009531367015977301921183757225484872227793226
08639426727821328645937497350888114387531223351111710362136906514054770292584194
89639189150419523437566573213634826527396046089653590820811120126598972206838384
69308377896374521743049480869753199421740958565067166293197235822293250927967007
79505683659898017183913122170901394557200886018843201695744976322305988624520426
91257009024685410031297091065345234315444598968320417238553577978989071158659412
04967878810958247560444034863933973510520908964184917831111577117071970886446689
37252886522735017774554103756150936595497175261445125822670282722964529969060459
16987531033864431615960689670381230614108628010859128161508762578519857610359933
35312153536392130105582834681356696839223196862855692356818415700171677541788987
96821840787635174332109185810943283122062923797332369455591990845584270739401533
66308959346674812010839942680472723084927997816550307897071742498101642884911063
84661284573256441315052587392480109885084285884003495158754752555174386691891419
12254335816464164898980764106986874603995598853948571231116640524874313795715365
06564779609114389137982118898242595411712704894027458315615945161464850749817293
26037926670777553299128246990427438185330566697451288691330474687450193426170720
56814125142080359793461542398294879814812267684127767725252112170226603667011416
86899856213661007080677725583868056043269028638536749944880446064349640810700115
33732582422052515646857222628759647760206338972523854189232316115923343845471516
65361184415469001684720722524256316060967479502780978838184977692685975580082439
94901895539913159841562388117299082584680018182532324620349861506070807092960300
60540533968688134475249485830100391697013078174300719988980468660961935547771920
61742231604588039375157569830702549477953727100748462788928312879714868130625924
57649163326128157254967527906801599628077767202451149433408030999829519793911576
50457495975778423792970118960867016082114042886193795896859306928994628950693669
85471749139491870673109823356778149387865230746951221915957113432950854465447549
76556005956069476723791449545018710436084595723132451505594916439422750859079577
66551976631130102078259770291551848528319794435918391415267453695684041916897536
21517163820321209166948564688328145262767185495319332140792607575186173506694412
61286948316150540692389200258732285158874109481224667096992097028243552323373216
16142939103912939245469818124703912383247917211100656807207480510672519096116437
39542721373028973034047076785657434146315242587642711376660131551418320928724638
09604276556713628852842494231560115281292863052912598710726978325611225904595330
65678948327810941066761665001051229760179782661781063457033216687090755324621944
92017376081516506526055990312324143665594549403990585122193519093862631616559166
87460056260111597373251993128408291097458698238276551112478574916953811466817237
25902468241647240483490293757463217678388247523767501269030091741734011732402346
63891206001509549588344099874110709856708021635391380814410387703302127463999356
12006593785363722126440386856127396429720494649186609674837183482187911469942675
08921474134782585803828672283866427257808383460656649516249622832017089023164904
32686632810154398398846888644071072447428048620150909185698726857749988896651969
11075908839177693121613721684248566990430848630775166824201222192984548560072421
05970286856305179035359318432810268649736540682330777513282371843877274730053105
78473468950232042970019224756829471906170419558523429955670865611910659190539171
13291894143095570130703187714463195134883438825562628290095760503414641300733031
24734504620507708917529105604211086156405447510099440733380429643808771299201485
94055201885955680852144110951556684186420871668471050539288282983385905093436026
36712122196953283858079809706329651525269155629218269038733352743009316791057846
73282909517487615184374546760862551094301805319077912630605106092967822218831463
57758596301806656082702867846559441649936011089620233248414232958565577230564803
89919642127793273551048937409971141180545547679432602606693299307969484563598753
16740869923648491674667019043469380311685940553914359518816336693750157301709724
83287378164628822369782529873216580846626299089656293976154196439208107558830127
24137792569183742878048619427493068848158920791833045357447633075483221435893541
54455232512042497724475111438782299893140892948043372890441900579201655678299844
09205080484403300019494928859968021738124079402971031109511729856348356919027156
31447181049201170646963914956347740086584024846885973687263421246230924510719034
55297053598268485104917588387408958485841186917070749736737033361420432012091309
85883579789078290394076157205352180001131841541225607820036664735726375339446935
84123734045192496929228158942581683961423938551324662343313180366517426827741001
01586492350151961089228863331133190383604040071292916018723666395711424320122883
11307177128001398734227579586382806751295886530029128005802861237112282944098140
46203393076416699154928236666102000101106000803107634107253254341649431770729368
91919745516835592122567573111416831270390633486034242616397010904513396440465698
99129252782122443208393739920828254283180335782763583715752808178261207010802976
74834777416453597975946709280959408386009450478904940704158196916546347280372194
33583363149130447732239486383857454954844417715112407777596888653915255884802874
57836469344945178878070322118460137212208295502123841284771946126495544643148459
84667392320677141997742412428407531029618912401161235908479320239173740023445783
43769546802688442676928619101578377598702937655948197758081316867176140623650680
26470901656336330751255525583261282342426134210148171001248823794042262852947666
37365905992317711856806667628922752492649677802643086274944049718762208972095774
04838749005700141795268923860774118048607778031460395819224350013590836995064452
75872059356360561730387524561638412769577906665179644769689812457206922701835324
33130291922130934967161464606972204889547234559893485583785874568451744669943079
80785978019296668565174664998401357337465960869667167364201365004433313077689473
39773654455410365745363516076941997657760758500427772232228522418719637633485677
90700459375264074450263270959964976771676023979239172492679306699833179767472586
20421995757622102553876740920006020244891471233780075454105394606710210985489981
40368837764790478687950953647256805265946636549984140737608691678887530276339571
47445925330997695918737337201001007410943411210653535200309360537933056798329040
67043758480080037368478815904260396998753270296218556629564058378427743646781351
56164639309882298690366623351837301322105863431258703814662252415757409837437731
06208028961700754161721152312789143407503970312472367168327906419473211921015733
35077376989437744220379339376913469297521440487814987731314452572248218945910954
14153444665465530700704831578665401895641777571283918788892459763074794901980531
03002092808919632614520608584887790960666043967052853343031111784758340786884620
67369535244321838545478757026457949378875206521886454833159496657462982591109288
81903855642342416188858656637647511770227159350667299090481076809823701860005526
16818553277828007228842362412051541387641103514042470717679817191270633346107808
97984679896522495807773699372574075413995941365552329829309703929829232867254297
17089703081139515338080105802615953721471775800778184250115943153499950657517043
48230856492345992882382754483556163350584700297935774632607510468447118419488482
06878133419536220103702243260320026614926368001096523666498850738573507903802065
60617043582602581734812150721874355641997720953988629935985573570701017564977932
71487474641672710287758966413542438788224595371427314786422415634552694482364583
64129186615426561823241050546757523845164090914547354612070285216030543258152718
62604510488220479242119484707282331886721732450164885241794172598999938844178369
01476737635231189889854578317999151846279323877759714106718011128107340151472343
26497984206333577669990348473148409124439343082644904386620248503138401718011624
78567460167903124797408494760736178939873107750664241489237808745848517094502413
39588810500214987457354527035258374346148728631347950701302232200129747009421522
30074245768239579144562612811378953803105209699308994947495868963342602765972452
38769510425517863066623263434233214890737958493741344827159650986788374077841400
51468972315886216163324072330618027462056464266482106421988626611818364857276991
62078818014591356869528839934365003660354031923691300535280892516006331930133650
17838770220551587862312812095884953723748755979988730424156133562918918959913789
06783545061133817925765766533062525622073646033947246506566554725555120362720644
03643545283318644696682692576047949893015043149269814168085684393049308974097182
39228235051954909562905122146024172305768518193904868810328932684314407530827604
72059589919175920337920039731983301201480336193703476225957251372636883917399534
87345821448528884269598184925280761770549039492238323707100445127355026405147652
99023031669935150715776281675990828740740194891309388501716284205906401969871318
09810404501983838099415237876262974620870809351498389459316838600622515297771437
17932363929527630597864298464803148466816289381467445724271799585556979683292094
26852677390203773164571335948660129399406326573408254461824463178291749696429086
71578904672429011959585875896822366288966377932505827552533965682099906129894834
66710269643061107388133844182652838010365870847990523796953140067463617637986610
04858120996369326353815808039527710994862057800079396140446999268169836330289255
41992400747382024309477923109747356895028709421788866653744508547943204409329312
55752376853643888225388374914237834482875825645352689635205487292475758265212753
98560829820932266745923691237659974081158028277904448604761111556452123612532430
82332293380481919375577315204398650685646691741229556145231565304546367843975855
39524262273136204957545367452012571642068866016275944525827093058428039814637927
58249122588943175756579391157771982189102030560201834759781958624425259904985178
20900705009156105006729908760404162602477915134088873371526592567276341022973618
54679706118268232007951195550145222957057882411989886292677792340818291700195646
84509456671735285269624574779462072502878110853569241840261777121144617598332666
51938395116742965440884746188419297117212958338407734527872146471938032813484294
53051470919520642176490902361204549734405675264407999209743774113294324653332504
62307453277997064060808605929387320578742652483701625794406164744836474839624005
01273143988176193245806632018487915371031326117703736852811309307551478098179796
03078574862986494108499750687478308343341433521850985533267527817008798814048217
34183781642739580806000115855332591533933002362004699709560957131482709268909134
48901731254885184776300914835670228972995401120963988155417396934387469066428070
23318922100178206640142282021338662344298653412303710703656024402129561884384561
54238678894856429240947854899992877550718049141284435675880471987034294736117708
46678335224044032864229980111215779622090031377950011979279498839220490879006299
04214105100494615297765083043072984125387230050958694896020536004689823673796824
72524131979755129146990981193151723446837574853502809281196735489098197240097871
77204475144963720020485538807797617907870018089637342634130849637455808667171245
28007759375220782821722504524223606877336978639976804407726033032852462256160088
37531836487735798846823087128955012938641212525522445721014327047054618477136742
45499978873339900838637654353379186135695043438463338188214751370349754144124866
18779597929121075252519423878158439366843678417744752921914789682234249951953266
48108301082825520583643993432634799545291797752599042788495902724883518753302110
88507179521995364986269681375785644859919317710439263073610134145119611419799939
18067263933537735429332811763911404203726555363966537074841313013742047409707389
58045578056260585818031237100788048916432341846963050163035026762418409385248487
29358709021949494466375840185750134733596934046467479387263055238392763922340067
01380317254486502368231086434681283303302770266129206490335587916813960553135004
12613583378469417976647191190114484639137919588206784012842328312602168251948716
97521434745361996749254102368778318214642011514176100979584111246350012811233200
28851956635175608924921777427256357998856671080862256402539974524672870041311805
29483102157927687877726665012444263023354822624900062903474438868231684910801415
59453966853675049422165235689706110670508836147949109671531833459000175466341389
12493929797408415490047352781191472174917231110336991518776715051081549619294891
94061637558072066715472094521563264151307144625452122779977305109388665312957222
95134806067597340319444491268474855565498959789225018947629614984589858843068531
54591364323186636220836371729455320294773817612653100247104035380757481000134596
73028937174908033423335016678223623636675389687706983335557378308212789962762616
27116438319408485131297616494911166177953791095898984367685067422853139131132694
23607069372905586886949303901337320064104666750045488106915975868657563359133239
50663520273788326086312465401061710713964855370811496326223812547695663430225019
66922736539842911135759302417953794023528515541613279341994934858289457308463622
40781769751511416884184046628377222848701406853582966354254416592531261549378946
53689588701660511704278625346134902610586038073965723898257342431546322452251058
08339034719186042572390756220887804755139350545670358847834828020371417031829315
49039573317749954749113909198427771355630994566675057398592767635436528536844052
59629586696073684155935100881751478468812594161734979598690463261576039337790464
84064511679228499998983643607654975381224949735223863207263319157502713166234386
67179347786390107199608690908774055470659850474445428761118846102234307383727860
15109584149843475676856313906306078748332207653464612762685802082505681044954292
98314716775863379474368057001681565848235010761099190434849600158768972199537323
42934614935925248287929541540410991494378856799593065884980764394584847865223998
78062461423529959263162853321053167591673685087366794661165128603112559359533874
43073941640343725652010213685375735367579219932693984127381416363586959480393783
64381722478961096374869703508682173936038468040133490417876028586785511001512808
76503026436440376295598848111520976962621483952616990514432295532211459488889537
75507224799982253353821919833514733179768141977429785436910342696265763123597605
41021656084346529218735187938161978911731515828776720642801451740296567718422185
22572132996640026475996739081876464903202158228047734133626495758650652182030262
51160666641677596962048780576576529900603079323476420074141365157017370103242477
06502045926259392391267566147688270358871294033647412877283549020331844500358234
08075722084565079698268346889918492764534689647493256404863799907055377734984121
89689136728851325630718986023876883580688187374521824181714951865238611688675502
01207210753280539073855667075376679313390444490370108104132998559891431718954851
37914868846335607436103488804393061237883623045535187941430046773505108051100317
37838328330664680238213161695805115833163589798655371001252368464052186763018347
54114064057501249844384001489729273596232459624694505414675700870255345368772855
84028381746708992249701110405577547243066311090058399660954515653073436121532548
01920464847704109631782995550269712489513482310561907913561561863346814063086564
39714473054344530449613126274299334237557592053146482731537902806194184892976021
99632279737930233530905260077408976882205137776166466135237656120853777247203462
37288408114442352683465006026561137079099101899112640708918971456626282817211213
39207917929552988113111411819340331011040490590148059061417573837943755227393651
77732028859823328359628621282132426079565715031275121657985832805680395657274456
35406113530927505920611028760346586878840942602203507562748754218254818275035272
90835257538212583774033310525445449478798009780704719314212018997454533052973905
73872137832846075735971268221390940563230709701067891126784030483853565366050096
65129434308574405928419201823641443405158140135530088725470680326321003228313891
42604444837816541980539335185057497427815221659081172416554903534887051185690537
67623295995922800463862174784258257277885033805696189095887352718346885634044470
38522490078677017340712019240189999050911652862993512642758366398284655089519431
88434131530922435711089966334095921864122186790081219559919385909707651138870300
22072014188783699842059689799922357851989271797720755215417251803857862878188078
61682366471462571338809753909045877653340726782419737978716752466669873095367865
31606545412143901361301858029256257266277094961974660877458085244396223711754067
66481434946676413862277418844356874511575803392561741659418950887200355644283720
95385498781127183554068131580230320998247329994826675571004656724225222232644785
77118652224177938975603158430327937573017902391707889764255749774398173035527318
63487905182706100558681256630331172564540299661734771348062587745501872535909604
34409806565236987280373449400636647945186903774186527866578545898746440990144154
75697970273346391738192830340121817794622663350389775924361527325035862126273420
95830802613250010132206892907114602890650784555443021755339907131981340129161023
00765480573848993756764093226446876251668708848469667675336540246437969120116244
75546759691118255291612635451593338602405224182915609860309491176729196865128628
09627873482564346013134476947044853736511591897591596941794043607035953737189349
36742248401201059989807829013279139031194709615144537508666006688167228793806320
81694100874581152433484610085868590010650346196166195301496479874323563030243668
74181177546038176651266227025098833554579014845873335854855275606276617964221207
63984160716710247781473942291817827254308431632396354269817529511289675010740867
06363678746632305364434054084316724530965959650545817586081178960418406624796174
20022404228730887503830482906663039457773793532500931422160272679692494344581738
56859936779226066967679735499183483041602708476913734417115036489661361901483785
14424890318297803141290007076887936523474882952488768735800750630737569302976370
74304355371633058562897834022039520775535270424626026367648004169939849068661335
60757194305387447457974268340608148415789234024520970097096130249786150593090213
87945104385787653144857520551996642430051054244843014291912103131993525788971305
67693270615123526718541244723213669019648559311476948511977775025011414011503537
13304847923508985308382206173405967019928374027797690039756067020374913385744379
28550832575320544125996008361620941673763538170459952358818739815217079043505932
12232223136292487341323101534805894898837792360076227358000579972281981735922564
33041306931340462482539182192205140468612252548111353530446324397131874172914825
85143002943589994334872902796291664675219432098080867731083301092251037923354338
48881732259187142966376481129125974323343507721997244161545511988670811337798224
62638040108164844872607571437944637254782452995615673036351666494382661193684854
64586544803062826407944371436940927041312176633296007535233104727344079744318571
58449182567631885280111206569806247014776736053930254639833775394201431975366687
83685524354152605421738023111999836048359612266315355246554635539507232314886214
48637065807788119112893133547353825839134182066089895784802363239944181053523674
36960569136080342595280747549477179958914367822483417406997168740263157275248100
25982294106764304171781358996318537185083710908499040416256617557053182328197570
20529870857272520525463770157477900914158264650822169099089163107945466423983024
