96574 25567 41930 91705 51728 05200 23607 50859 91197 63522 87559 07902 04336
97431 23506 91683 12119 24495 97155 62674 07521 46219 89862 33088 62599 83028
59864 85757 87494 45963 11528 69708 86710 04626 84236 48178 98990 54546 90861
39161 32183 44174 14880 71862 34448 11483 12094 90361 19654 68727 67755 61788
68287 20269 10481 40924 56410 34183 59756 04276 45816 15131 78575 90166 10717
82544 15698 08833 59372 72999 56033 71371 20047 10494 37656 29114 24886 05335
29949 96423 00699 97220 49181 20100 81905 94391 40675 05326 50047 75533 85089
90979 45101 55109 14869 07004 40711 95723 36026 24336 81323 30218 70928 76991
96806 65656 97527 90422 25826 78415 61083 37642 57810 32629 20268 72110 70274
68139 43511 28601 50232 61906 49959 17189 73641 76378 43649 12197 09109 84094
45148 95358 95910 38041 76941 95665 78348 22071 74910 55127 52639 14838 11720
52604 82696 51626 42710 09491 93933 32661 03010 43605 30459 11701 45572 09584
71435 37219 48246 68679 34673 75904 87226 81334 10207 86090 36571 08806 37661
62497 49507 41310 70774 01682 18058 59455 26445 17140 92774 69230 06269 75113
46044 17456 79467 35828 78226 16295 84248 67515 73791 72942 72417 87831 05429
85824 51175 75511 88450 65744 24827 57466 08002 38588 37849 23962 47368 76150
70157 67725 89832 11286 32295 53704 49025 16387 92512 75908 41791 74464 04669
13531 04734 79844 64996 15459 55420 13996 31735 74763 01740 03679 61929 19942
19076 28954 45656 26176 70417 99538 16113 33873 12823 51153 41525 81309 08791
58836 38351 66479 72259 12944 27065 35571 42511 73732 38072 32632 95812 17979
16679 69232 96870 96923 90100 32555 74789 05509 98074 87061 04723 06461 95984
95523 96576 12208 67386 65141 71699 30755 76918 97902 67515 73420 75864 79634
53384 46835 08596 54907 27326 32191 05040 64289 71309 62245 05162 06466 94680
98869 91712 21274 04504 02068 49232 66241 76013 29102 27866 68727 03052 84709
45252 68254 96617 77249 96452 06699 83692 59106 90894 08263 74010 43498 37159
11264 55822 28060 63613 94115 34431 67717 69934 35366 42849 28294 43641 47696
15881 99366 13882 55577 48770 99370 04594 75390 78451 49034 43452 11745 60594
03991 62684 44697 66182 13874 70705 32555 95779 33196 46099 66621 45377 56493
54741 69708 56238 92147 73222 86550 71824 90430 01618 61421 92760 45230 76706
21142 96176 72747 04123 61610 72200 09743 75864 74927 53665 14953 21647 80849
07514 63300 71016 69131 34206 62882 56261 82838 65836 98363 21087 60710 42751
60733 48347 78841 47967 32427 08041 08607 61841 28188 83071 15098 98213 53384
06610 65214 70870 46874 76099 54274 73673 50945 15535 99769 04036 73533 85551
05257 16826 50317 68240 57439 93414 86239 23319 81432 57918 21933 21898 94045
08650 13610 99809 83839 93110 99635 59813 28001 04973 15885 96312 13185 38012
05046 78764 29106 69365 60043 73056 33431 98487 90489 98524 70129 33007 89344
53286 81566 79762 88049 55328 46386 02013 34802 65279 83694 63933 84995 67504
99937 07814 74656 15434 38930 43138 42378 78981 84780 28860 09971 08869 56329
88347 71186 31223 82785 96365 31151 32377 93137 36473 97429 36941 14990 28751
97222 79995 45182 61548 82989 51151 92668 21124 51355 31847 22099 90435 35594
98872 99922 03506 20398 16011 08637 62365 39782 17238 02378 46650 67362 45106
35034 42318 73153 38308 21204 38047 10999 41922 78210 39747 55271 74160 43890
16972 39613 05549 37184 48361 19803 56589 60620 25009 09366 43993 60172 00738
36133 54405 09432 90724 76518 90950 25077 24675 84198 94122 24659 39216 31163
52038 14736 24795 28539 73208 93095 33421 91063 57028 05576 62972 01565 56510
76778 08059 33453 63112 18295 61792 88767 30028 02450 93212 27788 52968 41820
82617 78476 95564 49803 85691 27578 73726 78040 95915 87117 33971 10316 52326
78060 79812 76092 46173 50412 01826 66874 26280 53852 75843 97916 76090 07743
38074 84207 51185 11910 29219 60339 37628 09867 53665 08521 28692 55321 53678
79325 21882 57410 18661 37054 32897 37358 62725 37017 85588 06639 85135 03869
44039 60492 82588 20180 41917 80736 49693 88580 25977 58398 89201 43897 47165
46597 35108 52605 70623 44020 69637 06566 01295 35734 04358 29614 73427 27580
56308 39510 66737 53492 59659 51857 56469 39723 21827 57800 03250 59389 53038
20539 69755 88705 11543 07392 08274 22440 51629 97087 39599 76846 12062 46629
09811 23680 12579 89128 48025 05094 02891 69597 65079 39543 71913 11379 31442
74051 35599 63037 56422 14527 29434 17972 46187 59796 40742 39147 83899 35415
65834 71615 68584 99036 77305 66113 53833 36708 75489 00413 09198 16763 30749
04151 03375 97307 24688 58392 46941 71554 82957 30750 61850 58815 81959 52899
26602 25626 90343 95733 13450 66697 29521 15230 66869 62279 20947 77997 43365
74472 67347 14089 28071 41128 38880 82693 37737 80772 93104 11076 75136 39476
20061 08580 40596 01963 90580 15761 00233 74638 69352 22838 58014 34957 17812
55814 45862 93004 24794 04065 73685 98620 07914 60459 02554 13929 95008 80447
10384 75899 03265 48097 33816 69405 00085 45272 37135 71394 90246 38203 08668
54180 28383 17527 66806 42784 89561 00575 58599 91718 96678 64491 54063 57001
44971 94249 87892 08597 31254 27556 75145 75206 39911 81507 36397 48310 24907
93841 72565 34218 94276 76911 65981 53430 08463 70877 69510 29541 51365 51734
67505 40152 39706 04257 17460 01089 96844 04988 45985 47797 79050 31632 56848
91565 57231 00649 97264 98721 48080 01817 70357 70150 29830 08879 48724 38877
18884 41683 30347 08723 23950 53776 42232 94409 57732 19137 58237 16739 24704
21672 30022 56883 13577 92303 94688 90066 24661 82532 65849 07244 06767 02493
95796 97217 46748 55629 98183 14966 56117 43997 68048 20941 66257 46387 96603
05171 27492 51192 26367 61533 75243 81656 21733 07716 50129 52098 87548 56467
13186 26023 87619 96433 48679 61514 40832 89020 61082 83318 08912 21325 85368
28564 69916 00795 21051 66960 45169 54306 14212 30574 30068 77217 40715 54732
17957 57701 75959 67640 56381 27291 53867 51369 87123 95570 54235 09992 28605
97546 99621 86195 53135 41321 39126 43667 69004 65429 99681 16805 50737 86677
06659 88027 06297 25020 01882 84588 61453 44368 77145 53613 04414 46561 33690
92862 74827 69819 46836 48055 09529 68681 75871 48599 72973 08233 29240 94777
08527 52799 23304 89271 96333 14751 56331 11927 46150 38921 92906 16780 60790
13834 51137 06630 06843 76267 19988 55151 43681 26613 73199 12103 23546 97867
56421 21062 48990 05553 56402 29243 45831 26423 10383 63416 78171 99083 54140
41171 77401 85950 60667 41983 48143 34544 42471 91436 82822 56543 80047 86039
05759 22417 07180 26706 46875 45421 16269 58746 79539 85407 84464 65414 03817
51149 96527 36211 23540 88016 69902 80149 03322 51394 60832 66817 09307 13868
82654 99773 74286 12778 94177 84752 68132 83718 18759 10364 21408 81783 22073
98080 59714 20328 53097 21443 04184 54591 83002 83340 87057 83138 28497 32837
61286 18292 71367 45161 89736 62072 37396 13279 09449 84014 15440 83040 74405
39306 75407 67126 18254 75971 30843 47031 13898 15695 36597 17885 64022 75067
42374 00323 62185 00947 65267 52194 19012 41387 47827 98834 26470 87361 68124
85384 44401 27725 21050 07227 93158 53096 27912 11311 60167 77207 79525 72613
80024 06844 21885 45353 71213 41902 23637 96840 12385 25528 86071 89967 72569
42274 33323 94859 50755 70839 06187 74501 59652 18441 49981 55476 10754 80080
54192 31843 69481 91732 63143 06035 48399 79078 33072 67636 72909 09807 72827
35585 43480 32260 06747 25370 97785 46456 77611 81807 36742 43673 91769 86375
80721 45859 79148 50337 00592 99496 37933 69100 28344 45580 89838 05401 76354
03737 13301 93112 93080 95828 76121 07380 37480 06602 69767 84288 83582 65737
48655 67858 68822 01514 30462 49655 99576 03797 68685 31819 23658 06469 19958
40718 45493 60692 21697 76137 54266 22396 58644 98977 09214 78134 70912 79174
60871 63022 08219 81434 65424 50657 31262 68308 95790 31012 89336 07886 44107
23018 48054 00373 13601 42162 29159 14699 20198 84148 29001 44143 12800 90310
21078 33305 09023 84357 26779 41617 72468 73411 50359 87000 03151 09281 57003
31081 72741 56246 80432 97720 50704 50456 68389 86263 01702 98930 11453 64477
41685 67325 12330 37647 78817 49036 05257 26055 20684 37061 61165 39755 13254
13693 03867 78326 72082 27323 66424 92064 32363 08926 87688 26650 93969 18616
83271 73975 74795 52993 24240 61869 92420 36378 19294 85368 09803 52563 31092
44821 52692 76219 11625 91458 86393 67703 46534 80367 88712 61333 67116 96822
64509 14997 05544 85212 59751 87008 47200 25674 65875 24039 32061 04590 30700
39438 25201 93831 02480 92901 96846 02472 17129 83216 28237 99462 71253 66359
97189 83744 25099 12067 36883 83738 29965 38920 30662 84307 45475 59074 23534
52740 29211 60609 13463 27684 74952 20460 10409 57560 73481 55101 67720 31875
80089 22449 47529 22031 09384 16615 88823 58499 39317 45149 91439 55573 57641
58418 54798 31702 42852 39654 51087 52542 54647 77294 59523 03609 46416 54199
77979 47136 80634 49159 98772 40917 64431 37371 17854 22107 40572 12116 68686
92153 24049 00803 84205 92119 26228 75440 89826 14789 08123 69895 63670 80804
68762 85244 99897 44085 56779 69456 90904 23405 30355 94352 46407 51677 87395
31139 28698 61434 72275 72144 94689 18960 93294 37547 67412 34907 79275 43383
49412 32306 00787 67610 08994 91561 26934 03892 11483 70217 19338 76178 23370
35892 58171 12869 56345 00013 67619 89714 54009 86643 46192 21976 76975 93001
05552 25198 91300 21230 21780 83193 43308 80446 59295 45521 65911 85593 92025
79781 12295 20653 57362 91447 84049 46474 56500 31154 98072 05658 03606 67380
88957 27464 64375 42805 58193 22299 30508 92878 06874 53740 13271 00274 42831
79253 55003 45153 66931 72112 08822 76039 42809 78864 57273 06979 97128 56495
76934 35400 40307 28440 58174 66483 76658 49803 99589 64243 37018 34541 51720
28533 78109 04113 12446 24329 03353 96429 66511 09482 83688 45801 27588 70129
31560 99225 04451 81254 60113 27498 60144 70437 75731 38810 01319 27612 46761
16614 83352 89355 57503 10601 84497 88994 37827 46138 54651 70824 16131 67681
46391 18700 00812 84514 43414 06739 98543 00727 72303 75811 16135 11094 35561
48963 23929 75084 63831 52930 26358 25353 61784 83755 85196 66949 97225 19355
15953 80720 78386 15142 13028 44500 51795 23976 09684 33198 29259 89216 23223
58239 63902 62548 85685 58754 58198 37155 90084 47860 08674 59457 09118 12879
32282 22051 76750 93718 66110 01319 36258 45223 49394 98295 11199 28083 78605
23506 41276 93375 48130 60959 42644 63425 07760 11473 34209 13912 85416 28183
17226 21437 83062 96240 81493 91997 18752 81063 67348 87667 84816 02342 74323
00271 58192 40418 76865 45826 51936 19906 87336 89288 67151 33840 24548 61109
82482 00448 27217 99496 65871 22571 74429 04491 67811 94824 16563 15603 03473
83331 76651 21218 05278 07959 58220 29833 06119 45164 01941 33155 50379 66298
02153 57680 73112 45305 85915 96970 99739 88055 74355 00832 79071 84495 97523
53594 64435 47896 80372 12634 45094 23070 25399 51028 64458 23745 46777 61013
55691 62123 09752 28615 20532 13998 74567 30341 27676 50336 96366 82306 66555
20515 62491 13252 89261 55863 86850 31008 49180 92050 76806 58265 91527 61637
19928 69425 83506 04859 73227 39492 86080 26064 06275 21341 00780 18151 05623
78792 62120 39424 78183 34394 33877 20639 58011 15809 08419 07943 20195 17823
57401 90546 59599 02896 17711 77619 52703 54051 19372 72297 22248 44208 04400
98750 36941 12776 86593 02213 30106 25031 86208 51450 76421 05298 05088 37197
98605 25577 50303 94960 61584 42838 84686 61375 10968 44156 73098 38079 39434
95700 13029 26517 79571 20625 55585 19513 13574 02989 75892 83475 52533 44098
58911 40069 44493 08432 87400 50155 54332 58779 38950 80241 12853 87587 25945
13640 08383 24944 47134 64368 26148 19540 60041 14845 87023 40729 26697 74063
13258 78634 79066 76982 66181 50125 61176 92275 71529 12491 64821 70237 28844
16357 60099 68511 00939 41144 46776 28186 00707 22785 22314 94104 85643 96255
79680 82212 89935 79926 22085 53889 22116 47652 20850 36770 64764 91496 13378
93537 61537 39156 91778 22237 74483 76141 20253 34262 25080 07300 51347 34227
71427 33310 63459 71803 24024 42269 50458 09053 93266 89103 61938 19988 38844
03623 17952 82435 49536 24896 70734 15594 80676 88515 32107 30644 76077 85962
86278 52283 65724 45643 06449 09627 75171 72656 95423 83929 41958 40952 72532
81659 57253 45314 28389 62989 40058 86539 48682 41171 13929 62735 69389 73482
93585 46502 78689 43701 47983 83826 00205 82088 53517 07321 62887 25214 52220
52659 69614 96214 78848 40129 00450 77372 52424 60507 43396 60818 18296 02960
19196 31412 49985 38422 01769 51103 61380 56170 10163 57743 54253 11486 69369
99413 09409 08368 22007 19364 35111 97859 27824 93491 47705 21872 26546 10919
95972 69439 15240 04679 01173 60252 10300 51886 08033 70848 40114 81024 63512
88263 98617 00818 04888 38075 02035 21448 34874 08491 54718 71447 88578 09574
51549 95050 05070 78942 88428 88410 02787 77774 55981 13231 99406 24176 53214
86863 16581 73677 44100 84063 43695 99895 19288 31086 91245 17866 34255 93534
58242 58941 13905 16469 44037 75626 65821 57784 59368 29909 67975 45483 50510
47363 37708 39151 03385 46396 02753 48640 16352 04633 88434 23467 14935 64142
91608 56846 72487 42447 82055 11375 91682 36472 29779 36129 71080 30253 09344
78115 52773 75404 58968 99035 48080 58309 38126 73235 93563 09854 65643 76209
38537 10528 08344 60718 90760 03388 78161 80198 53273 75949 85669 16704 70344
84383 63503 41636 83252 66403 22417 45194 76678 14042 83193 27482 85188 21403
44319 38444 54754 56765 25341 96591 94332 13258 54322 70070 75903 85652 39668
22717 13000 09189 12205 08451 85261 51462 79377 17597 52885 29786 37931 71121
25295 29443 32375 79100 72909 00170 35587 63798 61248 02814 63093 94439 19169
50129 33631 50452 85163 53931 28685 86427 43729 61094 46101 23560 48774 39863
29961 18997 55965 99660 87490 49271 16768 52686 75335 99129 75832 09089 55329
64095 23640 11606 00784 95005 37789 27837 50147 34412 21237 77907 72713 41466
47404 48983 75894 87675 42329 45468 99354 22034 16699 61366 69897 65299 78580
79589 90558 64050 38850 70831 37333 07683 97668 82463 68099 23552 19727 24183
17351 27646 18911 23804 85883 11556 94778 88101 75970 89776 82149 64434 03179
24443 08517 03036 92214 13762 11943 88641 98950 83603 39306 45903 73618 42937
02871 07583 21966 60754 61137 61076 36254 39286 14316 24289 07540 21082 23362
00123 09384 73731 22203 74269 03383 85799 28678 57293 94341 68287 05376 33740
91938 18463 22611 31740 93427 81179 18891 64244 75135 43478 44604 05494 55379
83455 61633 53815 86844 16920 54518 69891 94341 75386 66390 03357 56765 60326
43637 67906 72162 66203 30878 42554 51572 08117 24638 12515 12669 84668 58872
09013 14486 16325 60461 01951 33718 14585 24998 81766 29925 14214 50147 10206
19319 03736 71380 34766 34310 29705 22241 47850 30188 27510 63474 46241 25870
79373 39085 09575 77243 16735 06688 50942 08761 53616 44404 43755 86016 06258
37091 30057 41620 65273 67094 18886 67964 57055 07447 24714 13700 19681 65215
95438 06985 15999 48336 13575 21322 10613 18847 71926 64194 23953 51412 23354
67464 61491 74301 34758 66037 33817 65326 04557 40292 54722 79360 28892 61893
85899 69565 68767 83017 18687 39887 63887 62597 27439 76062 81326 34466 47679
41367 97261 84933 39507 46658 20441 67798 98066 04203 93711 66663 36696 28256
93490 97348 39115 58690 04856 03251 22192 41534 26852 23693 16036 76549 10477
02733 52154 01431 68338 87296 84054 43296 96768 40360 73182 43533 62248 65433
82359 81235 44167 51460 83407 81166 66185 87817 33980 62419 92545 77853 46267
80390 39937 55780 27599 42957 20528 10437 75666 97939 68381 09341 11895 94757
66220 19121 75350 93638 98546 52830 78692 37066 25123 23684 39023 55876 36228
32465 71611 83714 07880 76611 62179 51788 79728 01841 57201 96390 84400 26903
74503 81192 79717 03144 89871 81503 13199 92111 56390 83030 17288 01261 06420
62005 35924 02782 77393 91802 63917 17720 13612 59847 76933 98064 70637 63022
60888 53599 37595 07908 87890 81791 80219 57680 33381 96860 51204 87107 61087
48984 11568 74015 99530 20639 09813 89932 61095 53886 82640 84012 16083 10405
25974 53925 15764 03732 88908 67369 48366 40473 46227 08560 04089 16107 82221
94340 51797 94550 15534 76829 66855 32009 75019 05581 41991 45911 24181 50106
22556 27411 23157 13773 58697 19437 41308 22027 38384 38159 40638 57138 79133
37592 36233 04404 53487 23304 72406 68784 13333 30478 98995 25522 14688 47973
81356 80839 95644 53300 52225 51320 15526 77688 95412 77032 92786 70827 49004
11720 76663 11278 36381 52343 54768 16631 21189 08686 49913 80236 28177 52759
46061 21181 33420 54791 80161 92203 46912 76038 19005 28012 34397 35982 70461
49981 45113 24618 19565 85282 32044 65827 00820 64934 68025 15565 11272 82208
38115 63192 25650 99452 01222 66660 32260 59396 24701 97076 68580 39628 69755
51115 18997 30490 85051 75876 53067 85758 00066 04240 66894 17062 03038 46785
86025 73706 34352 59958 68850 88679 65400 44651 87790 20894 29351 53217 31675
01137 38031 46603 46424 29489 07632 22281 33763 29991 96413 36502 02862 72892
68087 56003 66137 70607 46357 55150 79087 98209 97226 60130 47290 78257 46908
17545 19524 05573 79131 31131 70617 32319 15986 73971 58837 31081 68916 96865
77041 50695 51294 76523 86134 81576 69675 80364 76200 52890 60222 74453 17443
05498 40286 30488 50869 55776 15286 50326 08094 11606 88570 69889 47620 46478
50088 43039 73107 41277 41919 61697 45051 71103 29082 81520 12738 88663 42263
14921 47090 22001 69406 36504 81204 70360 16738 60229 06716 29816 41119 82022
68607 96132 47395 50057 56756 45682 04754 61904 04230 11062 37136 73959 95678
94088 47059 76859 51450 50172 41517 74601 73514 30990 97261 55093 78334 72000
00000 00000 00000 00000 00000 00000 00000 00000 00000 00000 00000 00000 00000
00000 00000 00000 00000 00000 00000 00000 00000 00000 00000 00000 00000 00000
00000 00000 00000 00000 00000 00000 00000 00000 00000 00000 00000 00000 00000
00000 00000 00000 00000 00000 00000 00000 00000 00000 00000 00000 00000 00000
00000 00000 00000 00000 00000 00000 00000 00000 00000 00000 00000 00000 00000
00000 00000 00000 00000 00000 00000 00000 00000 00000 00000 00000 00000 00000
00000 00000 00000 00000 00000 00000 00000 00000 00000 00000 00000 00000 00000
00000 00000 00000 00000 00000 00000 00000 00000 00000 00000 00000 00000 00000
00000 00000 00000 00000 00000 00000 00000 00000 00000 00000 00000 00000 00000
00000 00000 00000 00000 00000 00000 00000 00000 00000 00000 00000 00000 00000
00000 00000 00000 00000 00000 00000 00000 00000 00000 00000 00000 00000 00000
00000 00000 00000 00000 00000 00000 00000 00000 00000 00000 00000 00000 00000
00000 00000 00000 00000 00000 00000 00000 00000 00000 00000 00000 00000 00000
00000 00000 00000 00000 00000 00000 00000 00000 00000 00000 00000 00000 00000
00000 00000 00000 00000 00000 00000 00000 00000 00000 00000 00000 00000 00000
00000 00000 00000 00000 00000 00000 00000 00000 00000 00000 00000 00000 00000
00000 00000 00000 00000 00000 00000 00000 00000 00000 00000 00000 00000 00000
00000 00000 00000 00000 00000 00000 00000 00000 00000 00000 00000 00000 00000
00000 00000 00000 00000 00000 00000 00000 00000 00000 00000 00000 00000 00000
00000 00000 0
(end 5000! -- 16326 digits)

6000!
26839 99765 72673 95961 16316 64746 27355 12205 01860 46884 72568 58242 61445
66107 09658 68578 85947 94097 48346 32983 61827 03089 12885 26326 09939 58316
04692 01526 63703 47869 76396 62507 58258 87529 58487 88615 23984 70226 62960
18595 42755 15801 74654 21692 34248 95644 54980 97321 65397 54950 02879 60097
04443 67760 98097 11228 59359 02002 31830 08177 66074 94463 98654 19157 28052
47906 53203 29025 39173 56133 63399 39785 35760 25306 93575 55142 21966 91299
98317 02651 80324 02810 75144 80105 57484 00425 47452 74140 26383 72101 22325
10706 23789 27575 41517 96407 98325 59892 09077 38968 96342 65538 33519 16803
39200 97139 86769 73450 16081 56367 63744 41238 66421 30802 13666 25692 90977
91375 19948 53502 31595 45649 79001 49202 74672 87553 27879 81297 15463 73369
37067 73857 00341 67319 22853 60910 11272 86793 85205 71971 05805 83641 37167
18924 47976 81882 92438 17888 75472 14489 62887 12323 22684 24960 75414 76504
82415 90302 66067 90467 20984 95636 62271 41695 22826 49322 59875 13978 02523
98431 99202 53594 58372 20824 55006 75336 21599 05925 74105 49700 39726 32927
73107 83778 30189 61116 39647 38910 51895 24695 73174 80397 44831 33017 11948
49813 75014 21985 91661 33136 77318 97270 82764 26636 50121 15417 98449 27245
86945 54528 66090 54086 95501 94618 98474 36491 27756 54059 53291 47696 68293
10127 39858 61120 42831 34522 14308 29782 55200 04833 83182 29115 38267 50774
35011 02112 22036 57208 29664 53541 00711 78424 65371 08376 42793 68883 32083
85386 57325 44562 47102 24662 09428 26236 78927 66813 82258 62387 30884 18667
06405 99681 15520 30532 63579 26126 43270 36948 38408 87567 02762 25330 66713
61116 69700 68436 42834 44379 21870 68184 96741 53297 62543 33048 02646 94132
00109 15365 93658 86978 83898 14480 92711 68852 15169 75678 70735 51910 68901
92837 50895 01749 32281 11116 73031 08281 66766 04120 05310 56382 16432 33905
39713 29511 67413 88483 96774 53056 91786 53794 13323 39818 66791 76765 71370
00741 93977 73475 26194 38945 14052 31293 22896 24661 76987 80123 50676 49494
77308 66831 92480 45528 51197 75934 51912 54081 63146 47384 16269 14778 98479
63818 21228 11558 96550 42717 03872 85980 46049 09516 45441 24349 78145 14002
97283 37310 20681 42609 51601 49778 14103 75736 88491 52144 25224 28544 78896
93895 58278 76139 74813 48218 87715 77391 13180 53411 00500 23212 12641 94386
99172 72615 44256 55036 24950 91543 41846 35324 61157 57571 65539 71729 97888
62251 52177 25681 35550 70098 05113 24246 13434 62749 67145 27886 38077 12475
04457 75923 72549 18078 57904 69601 58898 10582 91510 92672 13212 21531 52037
13159 20864 96741 64979 71972 73129 20576 51155 91964 70602 17436 13038 99231
64989 49125 10856 18581 47409 17226 23917 20725 46201 53958 49060 50452 24686
32113 00948 54426 25506 62310 52998 42269 92582 65108 51512 14806 86273 75440
37624 18417 00924 36908 43859 77739 09311 65083 93021 24106 74353 97561 33701
43054 98228 35175 97911 96475 43081 77433 47578 46025 64877 82755 67966 40901
71158 28239 27883 86089 64398 13530 02195 92308 86056 47717 41370 35280 27213
28544 19603 52032 58913 67728 83045 83292 02690 26502 92022 61523 39494 77454
24738 06139 13727 20596 29788 08266 84307 81817 82521 52929 56631 78723 30996
75515 12319 98557 01146 05975 08167 53705 44606 83305 15181 71905 90822 52289
81315 99888 85086 41383 75411 06841 61710 54037 95738 62750 84784 75051 18932
10868 73431 16259 50488 27079 15331 96833 49897 66476 21509 44390 32763 93382
92582 96825 60080 76593 83396 33165 69163 79451 34478 48024 49899 22777 63357
23347 76639 06896 66241 96317 03673 93391 21082 12320 42808 30247 32640 63265
57011 07277 19831 47568 95614 04967 87706 64304 29903 84888 01938 64377 88144
62182 31571 43963 17585 68428 46394 71481 18858 71780 99037 48434 22268 39564
52043 66361 88623 81077 16673 61639 04143 61177 18763 72531 59029 67260 23035
33067 37999 52066 92410 55296 02223 04662 87592 45420 80182 67220 83980 92156
80052 11239 25081 81570 44712 44399 85770 51201 69438 66666 76548 45913 90595
34955 60345 23324 98091 56141 15728 53622 85126 70733 96054 09901 49693 66801
49452 77065 37595 30413 88484 80664 47677 05332 65090 36264 23313 86328 67391
25786 19209 25516 28124 45589 84015 66515 76378 44831 04702 00887 29994 33928
78434 96499 81676 63977 88288 72212 63096 30662 47193 52570 21601 75379 01919
09599 71744 91423 82507 69159 01844 82829 97288 67068 35893 28931 73855 58133
93831 52432 28367 59323 09139 10808 68465 06216 37086 60330 80621 52384 05311
46755 93409 73074 08215 69702 44090 51687 60366 87772 26806 83041 54337 95410
59314 08904 16931 03105 80843 57039 56810 27026 38999 49422 57493 79427 53989
94779 01253 72852 55893 33527 95927 75544 41588 26798 86419 71876 67284 85222
78885 43295 00007 13174 71781 85641 19905 18792 52260 30650 05699 72158 32606
75591 51393 33987 91215 74198 42331 74428 86428 89962 57762 25591 73461 09206
13377 82792 80066 98899 98655 96085 27469 42113 16457 73273 34884 57675 58137
86481 63474 98772 36127 18035 08569 07734 25568 40114 38108 06157 91289 76722
95657 22934 29802 77395 15044 60935 38349 38942 78312 69976 39232 45547 17566
33973 46989 02201 53200 10667 52591 24576 79400 58148 37050 19548 05685 56727
03674 89685 47376 78203 77636 91407 56376 08946 24492 80006 66566 10356 66006
92195 09873 86872 09442 76753 01957 69350 22339 10568 04917 29061 94746 95412
58866 26269 17285 88159 89476 85567 43115 23872 84632 98214 00400 76382 76461
30537 52727 23509 95090 92951 71073 81022 80414 53836 11938 94529 01868 77390
66823 46610 29799 09768 16023 79568 02911 98385 60091 29161 40836 78024 11369
95122 62414 22282 71293 71338 07943 51102 15172 70404 97315 60918 69924 45097
28283 55606 98270 37741 67301 33421 10878 22701 65812 08632 44765 41688 05338
37478 54892 29037 50412 15576 38213 36496 97951 34613 94688 01981 43598 74493
42540 49047 65200 04356 48260 46031 56897 18953 67155 99310 84783 23002 28645
63599 17439 05612 42416 51564 99098 85274 70414 10424 81089 88203 03124 56111
71151 38027 17240 13524 24768 54435 91880 36051 62485 96425 68602 85707 43716
21615 23150 88060 22445 88082 28870 35524 59412 57848 43472 49931 54171 01339
37268 35547 05255 64025 31736 64793 02263 33329 77932 29701 72226 85184 87745
42330 94764 54825 88568 85636 56328 66990 93289 60726 22721 77465 13974 01260
85238 37157 89464 61264 97155 49584 75587 79670 77228 10553 45753 89652 96092
84835 44740 83794 37232 76659 63252 45729 44167 84268 04018 26648 64460 41738
02820 12105 88974 25972 68187 31212 69190 72094 10450 96001 24892 69359 30355
71414 18261 87287 88401 53018 43263 27430 47491 24114 22131 54307 26153 19767
44986 08576 70786 59204 96126 74181 44728 79127 48125 85877 37727 07878 60181
95229 62694 35846 03283 54326 65015 60449 06868 90958 24470 66863 81824 59947
75018 61516 68201 93788 71555 37251 08658 03678 65869 16979 41102 76632 07313
11969 15848 73041 20286 43786 21457 36732 39420 36782 56089 89504 47885 70688
16509 59044 88684 54154 72132 65814 76080 09031 92224 66843 55876 33646 24178
79567 94671 77702 45355 37548 67766 93447 34391 03370 66029 43613 44249 61238
47673 68507 89215 83639 56651 14332 47002 82691 32060 25495 21018 43328 20453
05934 17725 97886 54210 44663 55672 41436 13215 25270 66289 86715 90256 22531
67367 99329 28800 42822 09029 22797 74969 88338 80369 45999 26602 33491 88868
51384 11576 75290 46261 56616 78790 67415 00441 20139 81026 43167 03027 81024
11051 99750 53809 25144 15526 64436 69511 96072 54616 83923 54050 97220 83284
49994 96406 93261 03217 50880 71770 75262 57155 14447 95582 65577 12145 78833
54130 96605 84609 49905 18354 19207 84685 81049 55118 24633 56462 32036 22545
75228 50483 22601 54014 71149 40477 28231 90898 85604 71959 43222 74307 57037
75698 28497 61179 51060 65649 90760 48255 05236 50166 05181 62575 59911 84687
36316 04330 68341 59987 18783 12812 95962 02153 86098 91359 95808 48776 85159
67505 01669 47628 01648 80264 31953 17228 19003 87230 96817 37821 46563 16865
35886 30286 21101 16684 33441 33382 30755 81919 36382 43629 32880 42783 14305
56053 10850 70462 46421 19614 02193 66978 83455 89744 62588 43692 36455 29385
60002 55415 18596 69932 27979 33616 68525 06221 57597 46324 37074 53327 41416
49421 63090 12640 57698 53433 01010 92069 38295 03909 82035 38385 66004 94406
77153 41098 11998 79428 05455 02290 69777 53661 01095 00673 59395 25230 16334
49452 35610 68250 72997 91217 79184 36374 81406 28442 77968 10004 17566 35947
42041 67681 17482 01767 28969 04337 06496 73522 63106 02653 57110 07597 39523
47360 36298 42898 40155 65943 22305 48753 56151 11086 69634 36262 16544 05756
41171 35383 58908 72173 07059 60390 40597 79384 91036 51191 96134 27919 44012
85668 11728 68159 83596 11378 94601 01256 76443 43808 22470 70490 02318 50842
35213 04263 98111 89709 58324 47141 64597 76350 11163 07625 84809 50087 01493
44951 30799 65992 95409 76841 58860 94165 54309 46986 06758 90186 14170 77814
14746 86227 23276 52950 39894 25408 29023 55866 49521 28257 29079 24581 38510
76586 22878 60554 51349 96972 30704 16315 97423 94456 90393 03811 82027 25795
10551 97811 34231 01517 85218 90424 34649 66508 94181 11735 46092 45262 02137
11371 95676 84118 95115 21902 50733 51375 74217 50187 04376 14126 13535 30941
26084 80431 30512 00792 97595 21404 13789 62888 32437 69036 38564 17780 01621
62716 18165 25820 36794 15449 06943 95430 79632 87899 64780 76085 55063 94991
69621 95279 71190 18095 86155 31881 96993 97668 05165 54602 29580 01794 85636
94384 20328 34042 78464 80996 55432 59459 23869 03672 09746 18276 88637 41318
40063 56300 79422 52847 97636 75001 25683 19368 82203 37458 66456 18033 29178
25154 94021 50517 50386 24781 84027 27946 22469 97885 39587 85054 62395 44995
16285 87139 72119 07425 38606 97077 51534 41105 90831 77014 80695 86251 76529
20766 78889 92864 93299 27474 15768 39254 88482 56304 17350 89230 17783 00218
88627 74976 88930 11895 12631 65813 51718 79154 14008 33921 36382 81931 08905
13335 16193 57064 39544 65286 63302 01623 44805 25638 14824 07760 33263 55508
93360 56044 24600 44829 15085 30124 85782 00238 13927 06394 86086 41347 73625
05925 06112 49075 69732 72230 62977 56463 81758 42031 59774 37335 05962 84716
95549 79569 12937 56712 36629 44813 31175 00124 57330 81851 14513 54848 00803
41884 02413 15976 09925 50954 39620 94022 31369 01994 96532 91541 53506 57492
05708 48498 25212 55715 29713 55766 80928 11195 64613 65599 78088 82060 13462
08029 11237 07331 58792 96890 74581 26312 37144 56706 88267 98760 51125 16475
24320 88169 63302 03846 64475 47681 76525 34396 47124 03339 72705 61625 60955
63985 90434 96445 79449 54309 64647 48946 50904 85321 89219 57202 95953 03046
41111 65929 76828 38865 32485 62823 12400 88496 43477 02070 30543 38793 10515
18665 64714 81638 16910 28085 81722 27353 54124 32597 45068 23707 32570 98289
51744 61945 60710 43651 81581 37661 19512 64796 18479 57385 49839 70642 79083
31191 81998 65703 17688 18299 56276 53773 55081 78779 54776 50887 91276 35456
48741 85049 26881 65492 06042 79454 15232 43256 60886 51127 25169 11299 13583
81410 87303 31622 67459 88807 47803 83704 62171 96367 83413 08873 09593 42476
73904 77611 59889 91225 79567 12537 59564 75611 97354 43325 02258 64693 45409
02864 43805 87414 69908 16556 76862 73727 38684 37940 81817 95610 03406 99236
09651 99467 48154 69729 08696 46593 37397 81519 70165 92423 35232 35641 54660
38443 33839 19403 95961 37886 97368 03878 45735 59776 59711 44253 08399 03609
72079 00798 63076 05805 87154 25763 09053 13701 17042 82566 14614 68549 52811
59811 58562 21641 78827 81509 66485 30846 10831 51027 95050 43600 82237 04805
90602 56719 83361 94062 78491 32697 31422 40638 39734 51453 24824 81302 83541
31074 95583 44183 86142 76255 68458 60881 25480 97423 42877 49200 90092 32840
