233 2211236406303914545699412969744873993387956988653
234 3577855662560905981638959513147239988861837901112
235 5789092068864820527338372482892113982249794889765
236 9366947731425726508977331996039353971111632790877
237 15156039800290547036315704478931467953361427680642
238 24522987531716273545293036474970821924473060471519
239 39679027332006820581608740953902289877834488152161
240 64202014863723094126901777428873111802307548623680
241 103881042195729914708510518382775401680142036775841
242 168083057059453008835412295811648513482449585399521
243 271964099255182923543922814194423915162591622175362
244 440047156314635932379335110006072428645041207574883
245 712011255569818855923257924200496343807632829750245
246 1152058411884454788302593034206568772452674037325128
247 1864069667454273644225850958407065116260306867075373
248 3016128079338728432528443992613633888712980904400501
249 4880197746793002076754294951020699004973287771475874
250 7896325826131730509282738943634332893686268675876375
251 12776523572924732586037033894655031898659556447352249
252 20672849399056463095319772838289364792345825123228624
253 33449372971981195681356806732944396691005381570580873
254 54122222371037658776676579571233761483351206693809497
255 87571595343018854458033386304178158174356588264390370
256 141693817714056513234709965875411919657707794958199867
257 229265413057075367692743352179590077832064383222590237
258 370959230771131880927453318055001997489772178180790104
259 600224643828207248620196670234592075321836561403380341
260 971183874599339129547649988289594072811608739584170445
261 1571408518427546378167846658524186148133445300987550786
262 2542592393026885507715496646813780220945054040571721231
263 4114000911454431885883343305337966369078499341559272017
264 6656593304481317393598839952151746590023553382130993248
265 10770594215935749279482183257489712959102052723690265265
266 17427187520417066673081023209641459549125606105821258513
267 28197781736352815952563206467131172508227658829511523778
268 45624969256769882625644229676772632057353264935332782291
269 73822750993122698578207436143903804565580923764844306069
270 119447720249892581203851665820676436622934188700177088360
271 193270471243015279782059101964580241188515112465021394429
272 312718191492907860985910767785256677811449301165198482789
273 505988662735923140767969869749836918999964413630219877218
274 818706854228831001753880637535093596811413714795418360007
275 1324695516964754142521850507284930515811378128425638237225
276 2143402371193585144275731144820024112622791843221056597232
277 3468097888158339286797581652104954628434169971646694834457
278 5611500259351924431073312796924978741056961814867751431689
279 9079598147510263717870894449029933369491131786514446266146
280 14691098406862188148944207245954912110548093601382197697835
281 23770696554372451866815101694984845480039225387896643963981
282 38461794961234640015759308940939757590587318989278841661816
283 62232491515607091882574410635924603070626544377175485625797
284 100694286476841731898333719576864360661213863366454327287613
285 162926777992448823780908130212788963731840407743629812913410
286 263621064469290555679241849789653324393054271110084140201023
287 426547842461739379460149980002442288124894678853713953114433
288 690168906931029935139391829792095612517948949963798093315456
289 1116716749392769314599541809794537900642843628817512046429889
290 1806885656323799249738933639586633513160792578781310139745345
291 2923602405716568564338475449381171413803636207598822186175234
292 4730488062040367814077409088967804926964428786380132325920579
293 7654090467756936378415884538348976340768064993978954512095813
294 12384578529797304192493293627316781267732493780359086838016392
295 20038668997554240570909178165665757608500558774338041350112205
296 32423247527351544763402471792982538876233052554697128188128597
297 52461916524905785334311649958648296484733611329035169538240802
298 84885164052257330097714121751630835360966663883732297726369399
299 137347080577163115432025771710279131845700275212767467264610201
300 222232244629420445529739893461909967206666939096499764990979600
301 359579325206583560961765665172189099052367214309267232255589801
302 581811569836004006491505558634099066259034153405766997246569401
303 941390895042587567453271223806288165311401367715034229502159202
304 1523202464878591573944776782440387231570435521120801226748728603
305 2464593359921179141398048006246675396881836888835835456250887805
306 3987795824799770715342824788687062628452272409956636682999616408
307 6452389184720949856740872794933738025334109298792472139250504213
308 10440185009520720572083697583620800653786381708749108822250120621
309 16892574194241670428824570378554538679120491007541580961500624834
310 27332759203762391000908267962175339332906872716290689783750745455
311 44225333398004061429732838340729878012027363723832270745251370289
312 71558092601766452430641106302905217344934236440122960529002115744
313 115783425999770513860373944643635095356961600163955231274253486033
314 187341518601536966291015050946540312701895836604078191803255601777
315 303124944601307480151388995590175408058857436768033423077509087810
316 490466463202844446442404046536715720760753273372111614880764689587
317 793591407804151926593793042126891128819610710140145037958273777397
318 1284057871006996373036197088663606849580363983512256652839038466984
319 2077649278811148299629990130790497978399974693652401690797312244381
320 3361707149818144672666187219454104827980338677164658343636350711365
321 5439356428629292972296177350244602806380313370817060034433662955746
322 8801063578447437644962364569698707634360652047981718378070013667111
323 14240420007076730617258541919943310440740965418798778412503676622857
324 23041483585524168262220906489642018075101617466780496790573690289968
325 37281903592600898879479448409585328515842582885579275203077366912825
326 60323387178125067141700354899227346590944200352359771993651057202793
327 97605290770725966021179803308812675106786783237939047196728424115618
328 157928677948851033162880158208040021697730983590298819190379481318411
329 255533968719576999184059961516852696804517766828237866387107905434029
330 413462646668428032346940119724892718502248750418536685577487386752440
331 668996615388005031531000081241745415306766517246774551964595292186469
332 1082459262056433063877940200966638133809015267665311237542082678938909
333 1751455877444438095408940282208383549115781784912085789506677971125378
334 2833915139500871159286880483175021682924797052577397027048760650064287
335 4585371016945309254695820765383405232040578837489482816555438621189665
336 7419286156446180413982701248558426914965375890066879843604199271253952
337 12004657173391489668678522013941832147005954727556362660159637892443617
338 19423943329837670082661223262500259061971330617623242503763837163697569
339 31428600503229159751339745276442091208977285345179605163923475056141186
340 50852543833066829834000968538942350270948615962802847667687312219838755
341 82281144336295989585340713815384441479925901307982452831610787275979941
342 133133688169362819419341682354326791750874517270785300499298099495818696
343 215414832505658809004682396169711233230800418578767753330908886771798637
344 348548520675021628424024078524038024981674935849553053830206986267617333
345 563963353180680437428706474693749258212475354428320807161115873039415970
346 912511873855702065852730553217787283194150290277873860991322859307033303
347 1476475227036382503281437027911536541406625644706194668152438732346449273
348 2388987100892084569134167581129323824600775934984068529143761591653482576
349 3865462327928467072415604609040860366007401579690263197296200323999931849
350 6254449428820551641549772190170184190608177514674331726439961915653414425
351 10119911756749018713965376799211044556615579094364594923736162239653346274
352 16374361185569570355515148989381228747223756609038926650176124155306760699
353 26494272942318589069480525788592273303839335703403521573912286394960106973
354 42868634127888159424995674777973502051063092312442448224088410550266867672
355 69362907070206748494476200566565775354902428015845969798000696945226974645
356 112231541198094907919471875344539277405965520328288418022089107495493842317
357 181594448268301656413948075911105052760867948344134387820089804440720816962
358 293825989466396564333419951255644330166833468672422805842178911936214659279
359 475420437734698220747368027166749382927701417016557193662268716376935476241
360 769246427201094785080787978422393713094534885688979999504447628313150135520
361 1244666864935793005828156005589143096022236302705537193166716344690085611761
362 2013913292136887790908943984011536809116771188394517192671163973003235747281
363 3258580157072680796737099989600679905139007491100054385837880317693321359042
364 5272493449209568587646043973612216714255778679494571578509044290696557106323
365 8531073606282249384383143963212896619394786170594625964346924608389878465365
366 13803567055491817972029187936825113333650564850089197542855968899086435571688
367 22334640661774067356412331900038009953045351020683823507202893507476314037053
368 36138207717265885328441519836863123286695915870773021050058862406562749608741
369 58472848379039952684853851736901133239741266891456844557261755914039063645794
370 94611056096305838013295371573764256526437182762229865607320618320601813254535
371 153083904475345790698149223310665389766178449653686710164582374234640876900329
372 247694960571651628711444594884429646292615632415916575771902992555242690154864
373 400778865046997419409593818195095036058794082069603285936485366789883567055193
374 648473825618649048121038413079524682351409714485519861708388359345126257210057
375 1049252690665646467530632231274619718410203796555123147644873726135009824265250
376 1697726516284295515651670644354144400761613511040643009353262085480136081475307
377 2746979206949941983182302875628764119171817307595766156998135811615145905740557
378 4444705723234237498833973519982908519933430818636409166351397897095281987215864
379 7191684930184179482016276395611672639105248126232175323349533708710427892956421
380 11636390653418416980850249915594581159038678944868584489700931605805709880172285
381 18828075583602596462866526311206253798143927071100759813050465314516137773128706
382 30464466237021013443716776226800834957182606015969344302751396920321847653300991
383 49292541820623609906583302538007088755326533087070104115801862234837985426429697
384 79757008057644623350300078764807923712509139103039448418553259155159833079730688
385 129049549878268233256883381302815012467835672190109552534355121389997818506160385
386 208806557935912856607183460067622936180344811293149000952908380545157651585891073
387 337856107814181089864066841370437948648180483483258553487263501935155470092051458
388 546662665750093946471250301438060884828525294776407554440171882480313121677942531
389 884518773564275036335317142808498833476705778259666107927435384415468591769993989
390 1431181439314368982806567444246559718305231073036073662367607266895781713447936520
391 2315700212878644019141884587055058551781936851295739770295042651311250305217930509
392 3746881652193013001948452031301618270087167924331813432662649918207032018665867029
393 6062581865071657021090336618356676821869104775627553202957692569518282323883797538
394 9809463517264670023038788649658295091956272699959366635620342487725314342549664567
395 15872045382336327044129125268014971913825377475586919838578035057243596666433462105
396 25681508899600997067167913917673267005781650175546286474198377544968911008983126672
397 41553554281937324111297039185688238919607027651133206312776412602212507675416588777
398 67235063181538321178464953103361505925388677826679492786974790147181418684399715449
399 108788617463475645289761992289049744844995705477812699099751202749393926359816304226
400 176023680645013966468226945392411250770384383304492191886725992896575345044216019675
401 284812298108489611757988937681460995615380088782304890986477195645969271404032323901
402 460835978753503578226215883073872246385764472086797082873203188542544616448248343576
403 745648276861993189984204820755333242001144560869101973859680384188513887852280667477
404 1206484255615496768210420703829205488386909032955899056732883572731058504300529011053
405 1952132532477489958194625524584538730388053593825001030592563956919572392152809678530
406 3158616788092986726405046228413744218774962626780900087325447529650630896453338689583
407 5110749320570476684599671752998282949163016220605901117918011486570203288606148368113
408 8269366108663463411004717981412027167937978847386801205243459016220834185059487057696
409 13380115429233940095604389734410310117100995067992702323161470502791037473665635425809
410 21649481537897403506609107715822337285038973915379503528404929519011871658725122483505
411 35029596967131343602213497450232647402139968983372205851566400021802909132390757909314
412 56679078505028747108822605166054984687178942898751709379971329540814780791115880392819
