991548298140316916221383875229022298549243151596872584818567184067257959318855
655807126182160623653009992804687140297315413142369156838546433032280225919031
621234464100299242921072075089264998200806933547033130888826407068594723334881
489339469624508286460273841129611989468703208734688982605344485356410143460156
296998422156102213405450147427890532672470968205245474718618434146056912517668
970901290226517443690251076956177793314421538098031157754999624459281375095852
058034682455555010955823433912748674378256372031433671316031440522303159605409
742941722758546528976433431599436763539321987785493059516648531269940925669675
942007617983698051564996509026235620025757714251152182010550924358003946562782
847110629639155052154144945731257112981283520645304907398633130942209118959298
414747120095278048413301952294084661101180265288116981547858694632929487198644
887388357845711175925414120498003366530496887960394276218473603705009337246846
063473383887132199446667586813709954916164022382644569323486994595169140101963
544076674069664993855420808620138140619057082340801597663576252162389729325432
408009157068332203282140365744165273347829653383933318042534610696781872953225
197107302343073198370111985849457331809749563188551335237929735858111120036796
883350781025656644687991259898754370042776990862594458354403175716408511324140
045451167382294041393947369766241994650236766274778819474658440494617073159675
882776572729373660375256080775878931007715973954796851508065439661408019126638
186068074736482517075070663204373705662927211981626167813165283538345924660575
996424193245584220591347130216462343384137300660509882818430669756707559134631
703714557799575115123846693277563314824498111411252581907564854987631602564864
985057811774346609046032216843074872052307175928385631935723661992635940753229
603594670248462357304500991977560161017696925602624278548949190621128973536427
855684905566290907150676010944511903641270925559092327057364885505461885588073
746350468249867920187048411468058202206582945347415170159094408794692504065437
676648225224474474524072834928156638244920690935694356552761697894172176964168
576448302567866633372561362114203568456069024620909264813726731958073125491586
305692970196743719479308536640111027830955753674651544760196565764597867290396
374179188999136134190686078023261301826349727079591484501744921634007634326808
672629250640953695322476212002761376083059851662625025167579257405498460299902
271249916951995465441794197270639468630911970694950222717804067939920615330270
480829192760693834410424569202731067644017032344566793481555632007123562453621
323252543301396656605098758302888536979983962164692025775263944511958260316700
009044732187236415102779123569615485027743005780766730475272480439774850464584
485972030325700214531577904461372333544218936912977948022916295091023643428369
072576450215833880703639744486051270579834550204802661239191090361170973037761
389791273188740790425414206188391803136191703252689586348539244294307783670177
686746275514617642764125290077100168855685798606156740551144893917049955264486
353919413958021789155199032007449939909289134753789433537808748774121148190276
252523000146084545242591135923972333539771363989392119120755562000206819243126
177799256960488820459072713114551622546385124606185607053202332646934172690735
163610291050022410394021467143863675783024705869941602927404203729453894709124
164317989913265711762736211614700244096968586246784040884423802573713477319425
730413902250246787740878271527917004719194096642017499210481171961073355222160
171066745375181030088366292385759034074324251694330924663622674525414591279268
898640172749501685655084026931317601521329698646617399116031409680908031946022
111023693789997831155651057442966198561289565563553120363878520521695889642685
734386914506871831438457475196139105071292309219611481268235328448176520872945
773094514020399302052479724723660288150783778171925582525087783056710161063246
281324101706758192384392314169403075991801065183545118947256524704254946863523
011539548504699673858494330456007975048316688422968028033969799511780081443736
547854817161555033537918410282193565713781939920434024494656987025761550642550
286755064557354781822347234777043324757076115943493502907150867562405114042366
101343428388743728163248153972970860838803932531486353561708222884849017707356
158580427340139561093886908461528317354337177107708601421820527648601266955673
510248646760358067063327442662357398755213495811482881080763424139013294921005
985560507451880375694641384053962128578481944364614572534473599820946618241291
081508969437258258443562952852257910899915154049075734267383593520098705025074
084703134332460581846293317290959219617430380833785332349270200449414191108636
709476153350349535559892389423811972144230925927667823265970605246290437372848
213960144197477156732925663917106829703587798594161690949101473556683137722865
007793838367550106478876749232840759721755095077903664656358403536349179459808
750835340305038534281937417937063492731786982617068858215869370971388930048596
925564426912114924005797691013564255000624133908074187722675221915525498440019
328891706718917946822393860240609132015132761343313616058356490465230748519569
333107770214015974916428065466199633600038735642335410078679200975861372666890
344729386272805530468231534201695602361930127521946300533650918861478271431423
809828024592787517157257083376607289225989439825887285226702348419303119816426
792201023050882648636421972747714422670675367512838213250145366099505086162370
364678847564093098372926950946471930108128643840360097851941616525105786264493
702829739820732604625336909985284341086623333363353634998482490457692628493249
803289727791456617328628294023973013578154328879230469220709553398394629862126
066482377857733691517181644279861281531342962078784151075883274468750582045190
066486243459065306991879100333111447517715157122186686874912754805143502739113
552920662735904419937262822520589774112492702350295703045386083569810716074143
482548011876505856869278582846317037639534725684792355018479906938114517209364
904212167241423297439690047377691412239843765042743124438375776568988658136130
782157666932007618242849508004051029168180488674462126623431438456907541039110
095914020779428180927389164614216247867143267440921707088109240264676315233891
643963501745827603331556750299381987736789041457500172655912219519434060030012
899667172897301224397996494672983702977473086860226563910149931925254472613909
785467385723224931391833598771891166571777623061164090786035860441701967400993
130854124278972647080635841184485172617208128106782604982712214984132233235153
696948080393326159304406685599981613954889016617629535836358436865847206307168
440142764454672487374773738285250660986371007182009691549417083182701804518065
214720224426247460019723844435405879480989204769250639999958250914623114798863
170001015757205097055573218514737303613631873164140539453971538871843851921960
562733054004118306938126231845889669849682170202971244783336172793612679436336
055220705913398307113881681010364898634003369507642444659827255202239035400518
111659938955222404076296707097640864543514356842827633691705626641278404815606
248900997923879310435185895475219169735670345069867590900848574231263023219062
225602031283455472430373684747433289106780021014005968108757939317895109760794
043403093004756108068023557957465572507655601627811173648658165084492933900042
700300742478405901173309157321329523803498872858732693363118752067607793981307
667671250138385294755401921906331545764550837285588215489774137985983936818932
189832191030700351946794375977380768002843357414469128264002689915049731694287
375986190200225069560513971176596866069246885326214484024561977641803728628735
115082124651834145317535951311326564563786794758086529515681675635992849558251
201187274828208409456412746806251110807518676343685671645831734023641426654510
431096324300902151329578224535826498415385338562718779878294611847781019988367
741319332170594272102343713327595284654692548315920333094402826929320198830600
840738033083190264225482410374675008521998148126570758148656086204812699945567
388521371343607251258483738921867504905506653697378062634534171908052239098457
530523995289791063427261969514123455096545854177750095237503668151901183754372
182294489942765305877027109280539812851533317216221878375817680088311655958054
351045370719393649705796623158501937492925322769916996503581923248328124158107
989181320783520599221219686861021875777271275151406381726793478561285831365772
882021797990173179562224755867194057969509966314838124731886031176122756511678
967786983393165431230731647790533828032416337133764381768239817216279507769912
222616538679416423130352491957842282357547182196366984582558852223390400081200
752614950641776326749905771762906990912992304807227241436929837577288309615931
155047034360598366807263365611190477549300038999183141647336406524985518407490
736680652567475869539725484829848716556507274142596904378897898152960012458773
084357133351915274872568315346809542206198258027899111509994850623335284650472
942141609056824359955638810215097933077977418738948045194608138582299725052672
773123589346237178998081166640601986636865467700785233759498155133760195798713
523854593806062858643876844935206024055217446315001371566745260841045495377987
065636614322554872381158598634583365085240568054851002668725285942984167014153
623389802179424463490808091652752750708569564484267213946880368344766416843736
548855018841996680754170897599904297215939533393266358588962861334264752105419
499280511581660168221962421515275038411095359428297848865676649797586259326628
386193361869092655722144181273341746943340619622320348589886305392742044682016
168021265883158411368383852369779285349369706470420797269935434520812997984511
654117873368748143296567819203218912254183885424390350400809750241163888377380
955736858340651152549223773393773624426791264641905804419164916850335344504551
269769885965178658614510380227721451784962161255741990694521360572792327177778
909753103189320029814295753406521012606219628059051427716945481264315078346745
251827859656419972282880072127212024372009831978575194276861756106896233043369
697515940496593113629498976970425477259412764083292618860827179079931665910817
207627024704924804392217302896664039849027852767330155322231197591447182346466
770797236424784170615213239690364581366012038797387055956155038923082025390584
259645245883564124244443224352850412070044069301432943412739686229949976600196
859916053135858636237543708739206910782099018321313068616517464441947687809305
716626606549348404966072258406345074104771152839467436093232512296411961507074
147006361556271399546041440561590876625608133265544451270830020270913087580043
287577433361807155118552799852957729201497131660557274269546060579218052265566
368572040106765659051373808357389756610843186089580631569277610760654618224244
532520142426470504721374051399101282409659123192705892755248759693087215523711
920880401261436771496409663898811784138723997108552921718467422345637261546706
943344675531948599469275360000659898749199989369391525356401330267133888632322
687175834666779309216737169192004868437200846575230202973971418781311859503152
338071789359203624628056232972875186850934730662550366346006905567601708826604
500970944397517428894780304414041690506519995614095772125400420666052990187557
818599981834454269165606627731079605164577974043762378957155143960464569553221
635221343979210720394388374790881538854962279981367332392790573993647059684352
092449788003844216742802789635707410186962275783422747135374455470311143281666
331794931756188347574182187180812419709598463669386701213224071922505277439213
083719031198997813346379972710492016093627393353509377267577458760725885066466
222718011917989591080613185245184431075520382264549629017296755950317065992954
507559548270689988978412826762294346421979537792036014882445501133562342700318
259496295046021048687242332983548019998486251639305688343776508252345742108989
674469141348275577220579948261689843000807371342696398736263080092501175720139
593724878833290116123496288977046908656396991580232645573220309003986404949308
844924349055398840078885815335104889508480444987261535076372327544970376599584
180802708010675108315401684513624834013689625491792465148770333054690204607894
222145272013339297303812870749575678943398142737111418130700502834645461200034
123335629113189074630801663163832483714137237183973453843463897395581484371847
734530658089560597873555903485420795458460361086435266726041352001854091665298
527336709468695514678103612247901102739268751623156943416269970399861410896630
361761760216778397363609108794227651118138111723081331486305276291370136309450
913956317625066918023199778852387556642375199861926933567583507408839223606970
466275986773699212602276095994076788939706939983198128255854030333482078102557
745145489784268741294638833405377625242961908920873678943739375127692543748886
034166874401966091911068471919611105604196550369089768664727481410287090773065
524148652084606604170054874233306540398189847939351633802626660673996603034384
392980280744505742843998262826891650278135384681129482483331235290225093303075
930193518282180440411648162394146728041181427737384700624878274355884810682066
297962371773843348950252079775242184306503868379292211486648380427539802493439
327401485830988722826937772910908209183554807547779563412376088310536202768287
751931535621271836451140834462051534334794648743468412641412568950976402693874
357496133260745226030723033216979175431101632441692425122484329846214876314714
900904286594693249165103390342109046086843348539728635280188102074642594979205
208939191403788442282120302604516114998855682559101831238936424101973907285179
916538155574575774951722345859819594061577285797582675064337147838175913516028
521931204864470371923706334953556533862153237067756385877826670129763836375521
937145989971784909436613433457934211710202499998118261793238371632904399768742
194839853576079785155273893293398343173411151732410762981995369651743910682438
893560873519725923718781775936843612013700592712947181741985058283059644971676
478531938581416178643694967344384234137236929485541695981904096484904814829026
753356663804812474996508125549811880441962230957172690143085819884869170251462
173275588119572595253790622442718216357693396212383816998031884012422691626465
710201492648314698927719633479204147534964718005279587817012548232177598378805
513180172258990867791328517913461446569110077752294215826028660203808600880740
551274985851806452325967770447985365252811340818675520429409864832436706743233
950165635170744789391247106508794111381419848624634939359212026694491240359352
082048986719551064156035935023686904646016046424172647724514643697102626398178
215704354321222829382576539692284052310051375319086784622373749388126540319253
032151941876838173063809873074367294313465248888178604257423765428578632789623
090785646946385854733888212847317545493203138266005263949601273633837205180293
718282431964638369285260577480057427198866019781738145821670011078599443377736
188660985969032251994561977379018196063290054302523244961472304743551052818318
320744857277959408523657125792633019897338051543184614006728745990065177124288
255548587639874201535753657223487215442010237506514183719550726431177674758875
379279248100248165803970771238349692085781410657197521160255256717601481254399
064955450186386904493327919075532723551236872422374591921873954984522665751602
477607705474237692669743055441841310705134189157142447872176416121269318456852
081214533395678945928621649487914169983467055275046610592924792788741212997104
063746376430689616695438682323253383300483170703566744621181197281897651579792
734590478097339055224622407987112211182587990852748269873997033459827425050592
692069668363831855179429184826515217107135985887094753315956422004498419408582
651383059148430496923682260777500691107353066577691272384118756375124192345191
655227286418337964190256103885162614141413163227142736691269679184008189349117
396623851304364807447298728516975232814596751787586363078051292028921478424844
097779590662563310444912423247442772135286264710875065052091790171320294816541
655198026928640119377632026923791227624913374491340187417041726248288805865865
239388102521629540426771894534608699607801586790215399877261484342995963591198
650425000064260708240680796724216160877900281685930753619103525502029782433091
884741088145561450506541034869658464070053533546947502720775155620034537864636
456876448945017289145024701775207519763546490544715303418538692679081886215630
543518763514036559502740363417227886197781509820555638420433001290308839662055
037431536910218092261866762362679549967714509677032601407471062594206329589845
387128922534788208741619341580542384985098562809382747575188924476457653707098
723068307418117771159580986342268137542079134190629298524856823863414812544156
786482700474929530482593616243130353531892837290719268967326960420896619605170
918946131636839110528194575057499152759012544655271867137848785713150529152733
530877431788694599568503702365415694487640647216414271541046276176852289208199
323503867409961762134178821158350202397368656943951864695655625214521866519572
968000214835325197505472023020193937103385069915493412943948088658795454022377
773435086537843665682464211557076827590588173947271922908352701145038002316815
545425890136416929356883723711942986373252925917872291643400691396994537574618
651947513787575716609039926620062176749882257656970091913599019529833716629277
057365252311788828969992114111133612429372063647643267420960204047863609597203
847076576645521591245203775849149547296990562586087624129379774844545618226071
764977129439456001535867255317118575137748887745660131408549307821518555873320
157783739936226103323889082671676743682400536099800877597231380099083985514815
228519264100472605674533357412738825376032955037311796880543279664700167421696
523616986555311582849106150900115478510709292098744940678817115208813226820776
895775220754111751999683926534340194809388799736154947240603427133843872414058
595279040011810395287120576942144638091794032397047022954753639566221846957539
264070846801488390400095105134947058157154626852397980347576106792383634302595
570443579415403009765959250726149549723027221522661158422062181296338106359007
756879367166297570562668055995740174749684680916446190025705336089351102793068
760298195854711897036748588877152984399980957110774605206659024014315079850110
613430078846962330435258597226158698672314997332233864545423838339605040042870
103810866786411509566289744668455727426772005317885608374966963087456560528276
439299322874588767591515180417882543474789279777021202331458704629681005246032
177612425825220663886068514043697259919109181629616190526158193719297541104998
472466143124554710521725233497393334436340515259271556297521332782094446391827
799994296684436542987926195390858165851773428396657901141622315095389789250321
990452693397024211867569806342393936526470496723210910526348046747994943147368
745228890512946488164636359880003715225177574294863943642641344592673797765882
721258976708496951432767530928746250065434867992879676449099835363945099371791
058892824519772376217566063226363601969244119950089538235749687803539752822721
450073679834160861738114464806154453731917427022488446414023695276690083326870
177683320769317372803111637498403570754366504488312984342084765086120243412645
596614411563803565258245846731451814800673616359407956167365400652491476785554
362410917932084116190438864160960760132633755333854653258377042430287935498447
169698353684838884632850517209976560972042708235494535709611634807104125735217
737358960600590252533068383191593168398574955159897448811527977149261513115668
633574730402310429715205836605316741369330399484871886159091383634114480270039
467076234274982184733454631466400014236411498440289957192190425362938567080423
025658928686446994970436287354474606436896759454933250696160773530511325936764
233059043450355241744780408914643742721515831618359315193473572651516610629340
469990143562930418089365056722998617817896357901919730256576951780851346429255
254320302493665392775957258169044478554333281016187254671321071913041541528957
551560289588807227133300466581398103068254802378001587433756957148862493845008
754674142806925186991362395582683714037385005131163537258647418452023338231108
971187989149112862387487352039997202995027498977282622399255999212295786354215
188038041346783988131001106998329205913255999440595754571440268900883216340233
220483413748548801986072453995334685024167990050865506802706030700834992862580
807298247661440836694066044467157643360023692009791707094416918778176660209811
182334454713494041964252207912720508144170756897813017628556042028144675123359
136305855990108943065988404394835650079589430525638201156412119874979126272931
634372823635387082622275607669317610388819621398916168488308123598525403305154
776136894570708816578126848487826198344407264528792790148352902926442985268225
576636660065150818159730712638722221512546621587995829105489123911896254623848
576653963585412279278875243632037710720423150485302931825480982216992840977483
060397304462588491750678160944920151094936004936417711445327029996945134741017
950596879631533804277387425362732720809841385994038430993823603912137793084780
563017659179678603322843118548373279527303873175623014083528953156430319947407
329518554329532952825732318346316241013909990630418504954902302134114150506965
051699942947109894689347188835990000241690785433157336623679491858563760621686
973070490137867051461452166479788796915908876414767627675005082720406184425083
910867130068428034500288233854985796876218382402020722759187458810363320080719
703921014560210714827754309885738331720465260468869987341753661241585261319091
699372443987615389394989169858712535189084700186643317734096610388977852796718
477682152308198814518691165502016343708881293345159657492614827142204768719594
980480174878061801646035446553101068412556782766443266815739444491003666526432
440164325840590986384021240510932079214103465942121247579767424783082899019291
446956269940563614418554844851316061510710371518091623996085427113651686975926
120856193105667911409766840614646524461354405308911497675942276009995113704641
209389909286297151021740499118904528211222122044946511925665223855144368271640
106255792380200233646311367602352321577996748685754095024545634373785051525865
475624728590498487756624108578520991953540911069669198008604335465173064720488
794369054257848282920891834585160895917131367140766048699672968705610848898111
811547758879516504525928019430071388405317889695603904959281442416140097633441
423711177006437756893542776235477983749440697269652319312546780488383719843011
401828454643628766858258866927327330465171600471435761231873550872041598035877
187888182910492783799512174622956265938786261268323670508148402687773907681185
292725753447584312344765101517221845591121307120051982918552963419400297105757
011389223544884365002974616646763280638905520903252961490692480841172277487006
883360151079439053763197293167442017131271437278785873477018097565658015615797
686699885680444897582293193639115471923530617077488916200683712685081209681006
920733045293579661579825218365438024563312286254209408245353346535557382215052
596953319354016660174384123262370281672949911251410288588811464883610907719362
590224415499297523073868635959668477744059870087578485798168192774389189738649
135242317141699509554603966228747690875932810757279627997058611622896965113731
605549812446774191296775142742376646807685609661556392096298366651787842391702
698097560181605898462909294852454328687572656823116232309364964547177067779509
540119572668732489887615237447122340097757407131658927860729817587148761948496
203323054018595678508988830863575408753154493911955506146784446597407075978247
854290295364218440358825627875847897567010369948098445361529084712128847880158
294789682707606950407166531100383598968744460104460056665593568933808347467858
343387575825187985719360166382844589024665607577641731176451704624730849363938
595562199789954565428637340473989050171810700085550806685866417115690328395494
713471704890399225940440647984298413193579681604797264286809597310868924463966
825463211125346833934568147351691324716310842963372664787968919688818072631233
217818680261895052815353701498576443325790034897215985586801772720978561942791
413784203294693577048520257461449619880509244412737587297678381444941563606417
092746893827248726647823645951984778536239509512944908770754212668573002305914
128011472103250107476445376350352896457630209817042643234715208582246748723158
490126821831359205257287838847977262943239729257782881464610198369284423401345
809781198726157468756069063743124000330056340360237739523842638007223882002270
280852348976562874891748995737986709106857077489109223929748896039022284510982
554788748758604871974373033859335066685777911644461717640022755568252241940833
322418188737957920148337870302345271585891153908348043811497999589056919940489
135150467855824813479109966095134436538528803193693942877174508986010512639802
069499843325390024468625613818695070731994257296328178189496842465814628902464
459074462821558578201086634071818092235915901060092777292664013648663603551094
207148977811044646463337062499570177718240210565649607033335784172946429336855
388532576755029547062712899645649446562986630322480804758335184713312793488304
566387197767913393486551812238938676244330823067247803264665912039732192548210
458949665320712069672497264563489628527217818634862258057899586322967347589576
708316056813957184503525394274629482545968304430611959042486683325191760852159
759992401231178509571026457634101249895725692496260964369174356607092924954367
245299232782829242130231721587060371943671305961726262440710759827619392617544
863611613099841585512007510035485701419939226225564945066696192099775636035792
309153540141545106666942338041287154374903015810084706328441964969822445886594
160594191176586367375932522159932714780638660331231163942833170963000815450850
775107498342929343668459276586260701059868733023330230395598998024515699711744
864617025248340261939019778267051679215113072529781701288794929345871007378384
876583349438457259840885030949903797643571633004164213799203242389815814531132
358237592834112239626317907544493655940722398728528743446891397812483542737986
219689419912819660721586906848360896917785700702112797004949155785394052820505
615920023328923728878259767921510799417952128929068536340198115192859936217453
410600929576727380773226503261092320787239021800295749678093574187683282122403
948219165031364381033088578948071765698298620910546671053033732610581654605937
250931970918923153723401920548722815248550003225928421388164075335463513395323
446187073962594629635663421135937348299999487424772788913635453567207544996905
559865459832637879901318904171780511721285695916394907567251544728080387711906
703568324963871822437274871736224081677005816036549960661285254800366347805700
277189181314888404600264516449054383604728725097290648266489655821525718875018
725476055093115761234829569579683074971165498919774647384205529699115900824441
269076461166943749814727591220839377861707724701774090385963698070353270609552
462847974394437098345743788202588403617117942101297684691914740251960171212606
217287922204444806769009181614869624263128018725297799584202332818160153844445
733855481440038853546798503939288715435363020505294022755389714871725381370392
446635717439373972752712558408297356167851495421855231923032647677473720638498
045619317109157355098437791155915526272822758739067564368842927507280538203453
212164886998891879794516701328564635637670039398908108702581476849261608715698
028671269045519473149035911510047729153757216438843724609640941322153690113075
072115974897656108111980309548403484015962514191755528966509820706783183111144
594910894232680797442809925503611436946849095421635151491842185294194348272760
601553255105695388384641938224246864921337546825809324874811653287189188963090
305462306501713175394682032079691881606639590931868989184406942626846275481419
141781728215151904594049984192940893638660039959250008601492965483340396201594
395664820666526001808985857923584324783263324042553877712379050986448382718111
349062736744681113716817862111562452469042465656854629371708641320554732704318
448866769557921253742432401875163151119336379305023936711114122672856158843243
399217224881686309636640457045376461945581615449657183174508250250690665838721
480674043232473097685832392919556628011792015840256809198974139992654411943218
268793744419506037886821802457599864877405528495719062900255319996271468383752
771212476209865926109510125111608242923676005051738659045036446634159183794898
967946933033941970890710873487952332315804472688162198577373923078076449625422
070690181404617336503756224742794150196400694198220100476759812360903836403536
098889466915708556501377547453493909182108757016058060637376293636211072689640
257790831468080741419751294812429009393893869723008765355876877581293318870545
886336209889110586884777051571643858877372485264739746913680054621413742105294
504451808377531517150296559160709844509523634030937262723902785960942240884859
162013965867352680174143009692750230706663054218564112562980815547806161112072
257357144185837622041922531338195662607886111815827787033425429999221449632183
693901073171990656385087452609184477056342739424673879974831992076712128456880
102000401096786743730178712328151114224142354336894167631348322557843527120744
564364118193594771860160416842731127888974182394512188808989716375181210019859
065624746235604456229887574061367398080022519371562646351945558511255946359711
322741174770487020361046150287144216928470970484664710535591005829114830239775
786248050139570169583715596689430726035104486743943696471768454288444040900739
638967205223373067402676991379700694702186603506496071173522599341519501869211
290787493556014608820794947122985705535402303345481607007056280471424219064168
524365252139398422009808637647980769746064383006907056370609889073252539570663
416612980896147408610291353986546916544176171506240090693281365258992775874785
062580562107704962628303876810057928814792364472079635338636876945979330248739
539848803117783068426530422487514843728311876062557381575027504960806699080379
114518616425262869211053413280287995603559174714696581514304470457471522550628
492166516037868521696754273325359350439716827385850752842291246390407586110718
461637791540660562111402192414372174678995588097254298474433750598119076289028
935213896005980398745158910554204982117112421922720774727253526122668466080976
157619102623694327477117613783388567235166894881314565076704639619649188032856
922592758392916602718102090671017480576418149395560482420369104659587114786987
148989478870996995752348173023931425750891023006769550075341281301443847109956
549354561502428559195916664064174953363772285387491816900395822606226612392288
870622650902912020554443670774267982413098585097360617265756068748530706881535
763902658093651608383436611816784639483609593259328761346563233238101751439323
613746876936605882815010715194516827709720999801161687311354139674947740289399
244371045722445922854521194421629430340906304563573558708880668236796503224905
098639263096307597324769953061773060777294760307689849161206002930249608836231
466497693181807894865470625055963428063844920981485516910115469114258501682068
447891041275441852254850396056479133471689347279482126176560857538265805164890
770427662088754696908674841735405437403785862002188483799098794739512605405997
007768251904024452184880343781002551594236392842595579851680562179222616362034
471281063559766915335549334615253774256341586272998574865092180347765907348780
753150361041899570531110290790455545577462021393202708522100076736161552703493
279612119774166773083425035302535223167678860917195385925457469455439187378926
654616110606658990237179634805776308090344870245509013682786080714567188326197
898964661860808880467393596990726570037236191523242645417629809320217608038923
874145981042375879172332348428695158009109640467346521995583024084716888283154
851789471868957907171413825586934503562070378150770450135720282526963953057748
391051826668419026521015914620073723280082714462708288185938857949070560683930
782598675339642064887878666247519204105927475628193244218508863864689494363600
002833844948752682406973607134639346796260494870698316952634690226376105271619
767442981492318728077558458531217400108401035129077106975614051734689422897399
405821878785057276727025760156509235148026633523613162439644244073418290191015
950482239315607549344640015494134254212664846063445248828209280297762772968100
516240928173465900670117598888978288882860541461668801974486770759424693751734
156134202488780963822060296629649939416228930857662052137206430521987211859455
680759119238994296044327117947628341391351634436709404836109281347202971379200
118318015675912877574257578878586782065534620061352301025247978209508524674374
467330507471987662477645732121352417285664000273373758433802027661701468493967
157372991704661212513541694482057806199301262510183092024829880611987494918832
689622964815468196161448903989934523419944724807738059956067156659630050857296
496953607957724957770333312677175189568446692358275473363843166915258316269748
431693170290727982982829387441467046337282339530405203314202696348884891632079
922379067824677397962942218799289628026860750602141861340365150596872577175737
829476030384425370798767179734732832381486713619088019458015070669174347723674
036456063914045443532711459066012137605130879615367790316284821853428621580337
969027695613404395116157470584437445332039240890137885329747065241138588459098
412329988629995476497836287522157641614790355338809701650176595653095309416737
078371589879850697946548286951335550956093801810426104710524865676549039060732
246477185973740547169987460809817991450698820535308400901234354854028129220059
