7660880778 4535718393 2937193739 3236408356 3375766884
6821111799 3505541020 8556188490 1020160050 5639541687



4510822060 3555410817 6664605241 2496622442 2804545243
2160320360 1946413560 9792001959 0240497929 2367329892
4553990101 9801121402 9086869992 0575891777 1880741461
2220502472 8585715367 5307478143 8973057178 7268366360
1576136100 7722863196 3885264623 5125538077 3194595635
6796538236 2499926551 8043307963 5962110674 5528521429
0262949826 5675533527 3100468788 6573104724 6649332656
7927331345 1229550591 8623293739 3326086077 4513507753
0901574443 8294873397 7960532284 9358301361 8379586264
8032129736 8474817516 4769136621 1036036950 9106666505
1717115082 7820093278 8358722598 3940463068 3763181180
8904423626 2199881236 8268078579 5262197216 6872017455
1747262781 8032683058 5488039709 7704793483 1035439855
9078435527 7667603313 9884605271 5031388563 3246768892
7104595851 9328951391 6782385773 5772658100 4798256393
5519352005 5204080028 7059678249 7393747886 0528356493
5914978380 3779649600 0521244583 4779001756 0424658666
5199807702 8839438516 3809550430 4921960324 4360903400
8517466042 9627430976 8387151945 9826447359 4023424821
1044757291 1177795877 3134155360 9527595708 9861258677



1456252399 4500759380 2060935502 4892008476 7332293085
7422225502 0645569023 9126543663 5785242724 2905605320
5754030821 0145123820 9021746697 5797653475 1725014658
3747884808 0537735150 4222240429 5760361375 4324861996
5589193922 0504699982 1062931609 6756517907 5132296077
7857553310 2658584257 6086686764 5355209277 4827556754
5177169950 8789411805 9363052499 4496701237 5980065534
9987396663 9539441701 7059698101 5127193331 1840767923
2718539539 8097640485 2784674387 2316432910 0290654953
0861283330 2664007580 1296184992 0702200255 5972156957
5883761687 8436434679 2755863573 9722535648 8413306011
9289574642 8093578580 8113233143 3115287482 1797660397
1257952890 0364071989 2332813161 1640416937 7366280132
5973822223 7426818917 6489596422 7033803905 9295964969
6482133114 4731667650 4197678110 8490966469 4257170694
5700787126 4014486522 4284694889 7617256746 5352205061
6210730010 1926248314 6821203551 6995015220 0731638400
4132030333 2423121670 8268546893 1758436630 4307843507
8592810447 8492663952 6523987186 4417338008 5681692321
3474297545 8326940216 1253332837 9009606486 2778549412



6679513674 0458774169 4559614076 2656625029 9006922672
6787603658 7137932796 0418488393 9339346926 3543415480
9518362332 3317522937 0352102914 6413312752 0371171667
5487206347 3892329378 5107290295 1446292741 5467619479
4274716691 6030497829 2889614745 8702649979 7079206387
2408250230 0642554499 5904011974 1085351678 4440901880
6462937483 5443961440 0353523310 3040411784 5722890295
8180581032 1237438258 9870274737 0401068377 7715925126
4535706508 3009214792 5834989247 5127453622 0061058545
7599736931 3529707814 3742841340 5519544467 2148941505
7452839171 6037154530 8252555834 3202512542 4166244575
2456296445 7910769717 1521470951 8505500355 0543906316
8825810578 5074635656 2047914667 6805569843 8455202770
9969719889 8072337148 6956356703 1776877637 8974327349
2829343905 1455670607 4460797047 6931646278 1214171381
8274378561 4621970880 8702106421 1057377851 4713588373
7738824076 5280451914 2713748811 0559744718 3100939375
1976598021 0024101251 1230813682 6033847449 1087716132
2857660263 9388492849 5989823656 5727204263 5720263748
2564949491 2629141917 1306462805 9566982549 3603261320



1925280434 6170439028 9260279931 4043613702 6582012131
2851488158 5731117821 0413103357 2888718172 9526271120
0081475064 0268304641 8988769747 8791731737 0381399918
8824241699 4212152776 0451859567 1190941807 3734793310
9970928315 5468165639 5271010461 1376254066 4495861838
5463898220 8996778329 5501114314 9959368039 8222303713
6329574232 1735744647 3421097414 9174364199 4731958840
0526387269 5923183642 3254918455 9550453437 7846709470
4509594201 2021142208 6419127904 9359945213 7392487110
7432314951 1380429379 3655436372 1726348190 7571135312
7093079527 2952211247 9531498969 9080894665 7476955651
2436056114 2008663990 5609900038 0302506124 2360775032
9341347289 0501316772 8097131626 8349596340 9292243031
1950848788 6710353352 0023712730 2029165929 7525265703
9210421496 3495238570 8560572343 4621576956 9851340683
0454833154 5907536471 1469968242 0910232143 1171769227
7385347704 1779407644 1001301048 5960927072 1132052318
5382227444 8702433271 0398781147 9127546080 8361156877
9215131131 0450083663 6310075175 1102590028 0864277150
2096271366 2397401075 2884454683 3161821150 2789264307



2976355761 0551124620 3324800531 0599511150 5431484829
5534329598 3057427245 1737886527 1930007323 2173623758
7327314890 9109455374 0270481185 5571990516 8393874535
2067970859 2118964078 5489504109 4056996598 8715988633
6207795504 5219321563 3612468530 3174705443 9402941829
2635524015 5452316098 6825531389 7018801539 7045962501
6917966481 2501555932 3114826730 0563383579 7260328601
7784741496 0045697257 8349562058 7328730124 5145557634
5230298648 1495441009 0788352980 1207012654 1095251846
0666201767 4204525736 7994690771 9084537874 8206080290
4825167017 6619820730 6183312392 1935356900 4070521549
8939034465 9388090475 0772416954 3651858075 0664904594
4318886297 8723571603 0224813522 0460109063 5214508280
6397492755 1284769435 4996203399 1644887919 7437902095
7188863200 2475020791 0237907307 2963746326 3366745942
7556378453 5691367345 5240148971 2590948036 8566282321
0050039400 7310663207 5257283147 1151926332 8928520696
7239347175 0982952602 1254947643 3019535743 8350925828
3111339115 3906337661 7373077236 3027988986 9985799450
1659237690 6754883798 8929400605 1628261400 4815046948



2814033083 9164342486 5093963545 8909132805 9511163345
5036563482 4519150583 1794980831 8272813479 5050772717
3359496633 7188214919 2837871164 6390356692 5779942457
3943554730 4493555939 6848032790 2086141968 1508260648
1092468854 3383329866 3907454780 5263629161 5627988031
8782827074 5163032786 3907566533 6219750632 2424864576
9459753596 6732006038 9826293000 0761251494 7980089567
1245256955 9827585485 7690124636 8659494224 2277271771
5184964175 1071598416 3572072412 2437196806 7203927064
7894278942 1712842641 3342711831 8479441334 6064724314
1150155098 5511712414 6682433123 5206284065 7226926069
0474791964 4729752832 2749569819 6327787281 6259540120
2053807329 5825004974 4593080978 2409529912 9654233184
9879880077 1681631986 0865120883 1586725650 6594414061
8446837496 3189291374 5993421603 4848228831 5828973094
2161473689 2558516992 7155311558 8887600721 7034102445
8744020844 3428273004 6730979555 5666811501 3003388895
8380231464 3138290026 0076322850 3475830780 8788951803
1398102076 2788985174 3534782251 2084675949 7430024437
8958428956 8075266320 3627696299 4601808349 4199491270



6559130840 0058626563 9963911040 6851041282 0071532462
5642637145 6355757694 5284927112 6355771963 2506589654
5536482125 4592633552 5729259528 1499341587 8776515692
2311915102 3373440716 9916564763 9820008969 8462984399
7759385398 1121332181 0328198969 9457926176 4935829748
3733877523 5285946403 5138238230 6269453634 5810031936
7250206982 8073843334 1175283157 3143426398 9641634712
7053034775 6991558003 1181591809 1137880268 8385475769
7292339888 2860323029 9770430666 2886955301 2102727057
6339598976 8941024996 8479498168 4201199256 1348075644
0406559462 3837087236 8881254894 9148794873 4808614168
1055211400 1845517008 4444842948 4755073273 6642827222
0633658240 1745498808 2913018839 1401568090 5000084954
6573730003 2747797209 9175074617 8595157995 3202237285
2359204007 4251522563 8616675620 3188398117 6186119602
2162847431 9079702503 6745928280 4678178536 6473935600
3540382782 8184576694 7823374571 1382212193 2616729501
0427069409 5202650280 5228985909 3500239449 0874562620
5345221731 1940957783 0195360518 5038549614 0621825306
1820365182 7337062111 9893902448 8975386358 1809944918



1578487833 6528865436 5422483020 2789241704 9689651104
1727594750 1781226785 8143917486 4942435730 0909171264
8771605959 2097445811 4629554223 1002200851 2052258976
4778114827 0394267766 6427827462 5939511743 8071986187
2226558650 4030028469 1469278646 8003183603 4638172640
5702707422 6203429718 7555809938 6871240465 6223338914
6465830554 3013155095 2851097263 0050805188 2652726853
3537293733 8569182693 7171677303 1611864749 4810424215
1279159101 4606569795 3331337740 9593674932 6441463702
4275245393 3503013099 2833648540 7069840343 9912124524
9275580299 7988240920 6644640425 8596620088 8741916498
7730275403 7292042158 1093781471 3136226288 6666945474
2124495528 4909149219 3371936234 0294337125 5755699886
5296623645 0353519202 6777637942 4820828605 6893623152
1523178850 1452131321 4914698685 4835944706 8658501098
1314205892 6764161151 6210940535 6780736810 0897342458
7293270521 0853572676 3805642288 4092966588 4477795279
5467107351 9329547471 3015079220 8403282322 0442894467
8218396547 1109021173 4072513972 4757357008 5553127432
1999675125 9582568063 2358808838 8436620326 2266191414



9347404364 9800024739 8332092411 8386674296 0926946070
1418388178 1107142824 3965779638 8439864782 3137154249
8947258304 1145149526 8724236189 9676305881 6820846327
4374412103 9055276521 8710735564 5257133601 1455804558
5684558650 4328599176 7651961932 7114349866 5407774514
5004730727 1171479571 2227572018 1288644644 0777517460
3282423173 3853376529 8981044232 2404677246 3204795179
8097157602 5800885768 9751340594 8054826877 2884776293
8464549604 0270370508 5394190927 6993706680 4551719416
0403763511 8018551365 7545109524 7034602260 0207417428
2384948178 2254906365 9920847490 3758320574 4677959106
7556606407 7500934712 9817005818 7694080279 9269046059
4987211763 4151914882 2518670439 5573100179 3710004665
7292180372 8487979715 6922788883 9704198254 5657064289
0898582795 8625659901 3759687500 7856985342 0944399597
1523667673 5599115570 9006141301 8853956006 9330508261
1578831597 9018829128 7776539696 4067539208 0848582290
4755619051 8637549059 4176472080 9084852392 9966365377
7468709856 8014236137 0763704674 2361802921 8679592476
9777652926 2929041798 3927505343 2943384476 5333985012



2828362798 5150263745 4279667177 1484197573 3906572871
5430543215 7523544932 0534653754 2382048448 5088463459
0853386677 2925385204 4498441313 6863751894 1176848626
1360368193 7363513393 2540806852 2692147430 7329134467
6252932264 0845330844 9386471515 6181394136 3435036481
7794755097 6339255988 2786903696 3238633034 2579445292
2923775203 2874489020 0405326681 3935475285 5017464531
7172145995 0814556136 4692526650 2271153373 8181759785
5795041988 0754858113 3628915490 0903908060 7754157573
6137375598 8018757307 5362487370 0129122382 6113438103
9234372313 5368988915 3374949378 6324984941 7642814170
4528408296 9399172432 3286772564 1504837657 7311449335
2155385230 0178110827 6163630370 9020525950 3779092534
1104705700 4656525197 7925679331 4108866326 4059262317
8893126031 5285758716 4242119033 3798725775 8742901290
3759362697 2723431489 3572572418 8379418627 6864566775
8686920276 0143980501 6387143520 4776738809 0057892836
3381779738 8457344100 1499664332 3582225792 5351711059
4856078918 2401521998 2852269465 0958763149 2471279520
1644676474 0270468954 5435103069 8261799914 0223407285



4891546806 8420957432 0750662115 4487626644 6757986364
4388023258 6360886918 7594422715 2142965066 4161384963
8150279721 7307126592 0578266002 7847181400 3420926569
3070309044 5702459646 7576490185 2781393148 1315092036
4104984596 9060225314 4748229457 0702527043 6304061114
4551422276 6936650125 4252372074 3940182775 2508941432
9152151705 9974545931 2594682121 4351062276 3303318504
3394889512 7672063729 1512493681 9357031910 4693572905
2762887687 8250048505 4800597323 0753265227 7925524199
1315961791 1522069419 6854791873 4156699781 0967025629
9399320816 4507174173 4905643398 6521998663 9055709352
1198524390 6798615021 4486239284 3873982018 7602285471
2303949459 6615725875 0965032007 1247665759 3813721248
0113415355 0616754720 3695791055 9746106711 2541711745
3695430147 1914199373 1972279716 9021161357 2625243116
4722893666 4414262124 3854981362 3694963571 2821160368
5441607108 2317751078 0129830425 3814190892 2492085953
6461082139 5648113205 3160737077 7207605599 3498150342
4064077512 3315121589 9924629749 7845474385 7855952270
8926710247 9199199645 0430401660 0562176296 2340149282



1816115205 0464381405 1201017632 7979026932 7122270125
9270816304 5794086959 3885030885 8577776769 8805771202
7746185837 2818585997 0177211160 3710982739 3241471979
3766386484 3160008415 7927253061 1640850151 5001652030
0200142743 3763904187 8862263527 4702258984 8494690776
9474761327 6391052599 4056603823 8237163694 3555470658
1748273071 8247418272 6362724046 2399440284 4447364245
8644475104 6902997652 6749734435 6985708539 0578191599
5859960967 5061283091 0194748865 6507512613 9713632927
6415834913 0420830095 0851100414 0745574437 8492789857
6072610576 9741819633 6967907551 8838322017 3443764398
0536829626 8732851893 9530815972 1384099875 3657746635
4932531139 3625597895 4300091191 4267407538 5925496901
5797341918 3710401699 9179009456 7835962857 3224471479
0732045696 4719786315 4908628412 3332517481 2784828809
8487610221 0097427834 7516462790 5539385196 6889569651
0876062872 9574590889 2017023867 2074010602 4538941519
5473932814 2466223126 8923626502 7205640264 3021776903
1895555206 1127114631 4671703891 5773390065 4528692327
2080811157 8757374991 0353244466 9361653517 5221246886



6080593973 8054689486 7556025887 0687103081 1898922024
2174952934 5821953530 0991561355 3607315909 5673469906
9924874268 0019538217 5246210534 9862701061 3215907572
6024080430 0827868356 2931983842 7105219835 4727511764
2330279958 9268727305 3118355805 6875276124 0919742444
7633568095 6874844410 4546702835 2365141527 6562700804
3630974774 5376780982 0873498038 4982599248 8106702977
5494953522 8299516546 5598506874 2831762852 0857196139
3797828505 7790149962 3213922046 2341524168 2380388944
6624267373 0018965433 7647650363 4125182850 9512088864
8562947143 9877956655 9280749164 8962562185 9267154146
9217676839 6054500821 6421626056 1064231444 3579823069
1965780470 5747148460 0729681823 7228797756 0496089158
1786867293 6323790241 5792047283 6469702103 1397518009
7841598550 0070553649 3875321257 4961674875 8725832599
2595761507 4339186228 4379883013 4604454088 0817809685
4911945411 9347026896 5059919860 4109976532 1119658106
2966550051 1618365170 6202928808 7760914984 6167316442
6864197089 2306484630 5675457388 7202476016 5257760852
9377210933 5844538710 7402729259 1915246267 6235381797



8693064215 3401316337 0113573563 5111098141 8211296622
1073672626 9615672674 8307752488 7444841676 6573702400
4850839370 2558385910 1226694835 8068391545 4791660164
5691486305 2393597793 2446725588 6717416048 5503871149
0317607553 7321944728 3058221915 5807880752 4536969327
4460174736 0524205864 6968697577 0612186776 1972058749
1045165142 7154954238 5392023252 6975123495 4654630906
1329460056 6507283098 7280338737 3515537522 3563183570
2537006494 0926380803 1737463485 4036114660 0048468762
4231089472 3791650074 5179705248 6284672766 3375517303
6873683856 4403704980 6617909200 8317107882 1049818331
5526148505 3735407503 5108223939 2474456301 0969204227
8844737169 6889509111 8573692689 0336659718 5225377703
2962201670 8106551812 6758009408 5251506847 7579219138
9321380928 6961195312 2090503801 8107658748 8368317882
7814252786 2618796676 0682197703 9093260067 2961512755
7125278643 7069898354 4440961391 7379035454 8518040397
3331374805 2358791095 5583040481 5348045391 8785403824
3236907304 3102740626 4177776265 7301034703 3840211296
6908481804 6162496487 3947345844 1215530258 1522214994



5822249941 9419547256 4103175021 1442280865 2302802213
4240931939 3272767819 5990608112 5986239673 3945898961
9071679777 7802595116 3147757626 4028588262 5148158216
4399441350 6196081175 8904619511 5853908261 3354960388
0323713522 2451696811 8059751218 9590028591 7973908665
2449528040 7827130270 0453774372 6785553250 4850397463
7573946460 9840856589 3018482234 1614986583 1503466082
1862236058 0194811455 4903515474 2662660612 9502687840
9754779814 0726823956 9314724876 0982803450 8118938340
4096153431 4863011248 6764653154 7875845494 6522227531
8773560890 8350438370 8112088244 1759938586 4663093970
4811725300 4020305813 4090447450 5115637705 4103501416
6861912485 2526949334 8297851018 1114723298 7404539612
7540222219 0958440508 7230662326 8888497042 2345670001
1949751859 7964940991 4897138536 2279458874 0760990432
8542281277 3058183040 2494510870 6336986946 8674008948
1097539710 0908494768 3041071152 9550638887 6524905456
5999426077 3886347394 5525114489 7203610479 3757254472
3966023547 7481274941 6069835101 3147640236 4194914610
5980556375 7044651556 6712365256 8282701574 4528476022



0781753972 3371640969 8626492055 7668761564 4577446446
6492547734 6729725557 0538828590 7892317597 0676863982
4966294555 6019387315 2710362720 1242931201 7642522464
4803181954 4683337639 9461313836 1445704160 8883422253
7155878358 0701611560 2717754142 4723331527 8135669400
9898004445 8238998420 0640748958 9238923892 7522891473
2945531240 4247755208 3805237951 0123938435 8587754549
9900127206 8286659998 5790984293 0384600732 9623842629
0797218233 3727476694 6401526920 4881430422 7394388383
8698807236 5034008809 5245127260 0136152570 4157749789
5464274592 8669621641 5427519072 0789657656 7620470876
2910259298 8877128340 5806131718 2068879509 6273552308
0228036658 8530930270 4619400614 4644918627 8566424494
2081621020 3832761116 9622442138 6397311571 3011899185
3169915158 1650258342 8128487414 9275360507 3550149275
1649655689 4986881445 7828072415 4009011617 6936589862
8113745927 9032257848 9093397688 1608670857 0029953457
2157942098 0997220532 1457514271 5411220939 8869874562
8011653320 7925455196 9851910384 2815726835 1201092367
9952429068 6799545683 0838859301 3667218521 1353641724



4228370492 0603648154 4497177998 8618739061 9701265066
8437064042 5124459951 9090062260 8217984541 5139874086
1561892465 9308440274 7014710167 2547160166 8601739769
1997662011 1199893015 5354062817 7813282386 7987398831
8548093651 4175269040 5027399232 6953229393 1036045698
4252059471 0877602232 1016774679 2793562530 7683377220
6929809952 1332754934 1076406829 3696256538 0979829922
1502007619 0656713323 3307191753 1109537696 7431445827
0474521918 5656561730 5618532166 0425946455 3856168837
5993453276 7382788781 2223153728 1113417355 4517073553
2082760440 7745254423 0785453748 1125966546 3557459604
3270368542 1573869622 4447960925 9367500830 9891400068
5383635881 7787486427 1068825787 8740799283 4182519771
4084223048 9497915517 9876782746 8475408492 8993864763
4983917539 2445932931 2913808073 8765005052 2006666627
2734384454 0498968011 8343255349 9976250119 2176787558
0980672332 4167826178 2570891163 0179808819 5583791075
4011805096 2160109308 0422570180 5492976467 8411538769
1430708824 7531217231 3794037236 5928771043 4554469626
6599992623 3933298641 1371001268 0408116027 6969402287



1365072981 0644525201 6551733860 4686504062 1292457892
7147227426 7638614268 2367640851 6411947662 6514371013
9385568064 2700778296 5968048607 7517949221 2156291738
6716354649 8898538357 5153249743 1583541399 1322136505
1551384109 0309027554 3323644120 2253007704 2821114714
1918147570 9618331378 2294342072 5434103155 5828186693
2838668366 0726916383 6967793201 0214202904 6813370491
5343805924 6547114970 8354012272 4100650394 9742164188
6692274473 6899506252 8945027771 8989469132 9634675858
7926423521 1633546474 6864260548 5613157784 0361143149
0269544275 0564803847 8887943295 6556048443 3918406020
2704514682 7824231514 0650702210 4851959207 2312004933
7176738352 3709308856 5264344841 9467734538 2413296885
4306302477 8255435028 1959571754 3326873583 1728279337
7410102634 7172525800 0551089980 8792042744 7783853642
7497206543 0922479605 7214003306 6159793981 5697061366
0983964055 2028766999 1722547240 2063960609 6429945427
0591546000 7353673154 9880773908 3001581335 1603573011
1114109280 1541228066 6670587855 5092703338 5009831156
7628516164 9242550929 2830390877 0988934946 0723490286



5856020542 2067037156 8046350038 2605276371 0823986597
9318483093 6764165636 0790706605 2334341113 7793121612
0205880951 4614377394 7683538839 5047212945 2834986548
0864837885 0194676769 4562326701 9987133184 5545348373
6084512767 1800567875 4235887195 1058956527 9780453783
4484650468 1469516775 3813695184 5103083239 0374965716
2143307963 8601544816 1449552393 5111212189 4430238269
5405786011 6467373664 7956520658 7250815927 5305713134
3835699200 4899961804 3254950205 2195550206 1792779930
5642458366 5872167535 1928175033 4499239183 3256236162
6502081490 3557861244 0518344040 3815991358 2717384337
3404529744 9996405991 8656664153 5612424308 0016261793
3750921429 6580882832 2195705784 3171697946 2845513309
6838246000 3698996180 5929879506 6037607124 3272559753
6508820386 3609588090 4003800176 0475078669 7443325877
2321543832 5998399864 3950114495 4150770097 2822653695
8394380850 9128411041 6290966370 1274249881 7616344101
6674234005 0683616764 8232710388 9422394820 2530869672
2292524340 7506026512 9885763587 8137500851 0056886874
3282747187 3232428984 7733542581 5041625895 5023854489



0684967676 4892829707 2811584351 1676077617 2604891355
8510981478 9508429849 8360559365 9371053202 0599790443
6973534016 6287645320 6371886938 2189780157 3219076299
8103612568 3876483872 6985360129 4481607317 6186580668
0596837338 9411982650 0873262426 6960024090 8832076226
1178399915 7440210584 2789845063 0360141993 3928362455
4027683509 9897204218 5962090201 6210156519 2235842119
4882020912 3783927557 1856055416 5620545534 7196978661
2350583489 6282128608 2084034973 1199881077 2590454586
3376610850 5095823850 3075128425 9642859749 4715967542
5924034955 8609796434 0196646672 1757237237 0707851846
4663837067 1702995416 9832988691 2472818768 0273812549
6293898760 7223408465 7095098943 2016548760 4793394679
4685134373 2630392230 9331790687 3031699418 0074048000
6872513659 7857958599 4780199496 5234272868 8988717813
5161715505 7783915871 3864040578 9565918232 1370814005
8713808836 5230471671 2718220060 1860881125 7260339862
4035420675 2127690892 1081552260 3293004441 0189063723
6591957119 5303028824 8586847825 6488300525 1812608103
5421351812 2471584004 6275105924 4487058370 9540835318



9752152361 0342040845 0764137674 2347300588 2203432316
0474633043 5062814232 1082948724 0902594764 4118910322
3374049794 7408578277 6220482618 2195142821 7981124372
6766258468 9519510699 8673740227 3230026026 1505970642
1527460232 6999497006 1582359282 8222978328 6840199729
0365378168 1600288411 7306733244 9662838403 2435365041
3975362055 0910521974 9095799860 5957269413 8402426755
5967486377 4293085831 4066480318 4453153290 8153215494
3458288044 2937355680 0527667018 0009478873 3588609136
4949458385 2689279136 5594342881 7418645559 4102961792
9958126080 9706454746 5090234261 8403450108 1240335390
0061073469 4120978386 7162772161 3708361451 5110500772
0117042140 5751029551 1491370255 4533502068 1411652447
6917845869 4354034118 7913507194 7286833389 6624761011
8301700497 2618956118 3989816053 9092008911 7277245282
7329958680 8380107378 1314001876 0672501269 2645464509
7673374700 2367678201 3523567324 2624788804 8234362900
9996330109 7657305710 7450862132 1877968280 7434398964
8355242714 4875730583 0321802494 5210923199 1204178629
8321106456 1898234504 9505439716 1803039568 5126538014



9225169487 8479554724 1863827862 7582327821 2993978207
4286755471 0924982182 4468614795 8081408355 0046687559
6261579061 7175902192 7186972378 4547241129 8557573179
3747953518 2955842991 3369281405 8848042157 1538074685
3113023354 9462721418 4400563239 7445875377 2751807146
6016570650 3537500007 8000547610 0367863699 1113239858
6213221822 4624643435 0103632239 8596701728 9928425234
1131543432 6293039073 5953429144 1393387428 2187214841
8613127907 1626858266 8472059546 6403565113 3279272928
3670421533 3378156489 7878724347 2316577108 1189058811
5922053413 4477675212 9774635506 5511098018 1145470892
1701244106 3492394924 2422673834 9439407865 4658363868
5970026019 9154168385 5861557896 7012722002 3220031686
1954197028 9247574216 6676680152 4808240221 1115619098
2909528829 3422784064 9039533967 2008649956 9654470752
1184613434 0977857777 3642631658 6916987627 4954188683
1332475145 3159002335 4409517149 1408135927 3191146192
0067757921 5856331076 1254707093 3961164415 0880072729
3945636849 2532718589 1551688147 2096011415 4056640038
9210281186 4854595041 1900558007 9283947161 9967600301



8770007299 1661348781 0389918979 9277933082 6033333833
4057919338 6012599266 3543506471 0091260634 6252385743
4635268474 9297906578 0017287665 9682562194 6854107798
7421844550 4710482511 3899365427 9944593202 4438989851
3442567266 9327861329 5048517020 4267041681 0423988787
7662828350 1931254549 5101087037 6696381206 0312761799
6218893187 7783052045 0194812047 4270520457 3212548733
9039302866 8085392898 5514539518 3070167737 2533915679
2769039073 3624859034 3351476117 8705177976 6471010750
2450768161 6557253954 8200948091 1058631732 9891753118
4160364021 9503463573 2195947558 6008320829 2675123788
4955166725 0649220720 6097412031 2931357435 3745218554
5498302580 4156517986 2278016468 9374817239 7133811236
9536373581 1057393910 5369179739 2934319775 1880325243
5258608082 7553740999 7210154008 0046979927 9434223454
4768970758 0313149065 4997645727 1996996280 3326920908
9155838176 0321398926 4488023769 1008274209 0668080043
7399250454 1223684971 9409774670 4673167378 8785204941
6564473707 1325437283 1395409623 1813376473 8488941218
2775687605 8275472115 3484064111 9286609198 0614228229



5524907588 5258711407 2134140163 5238119989 1274778913
1397574682 8093424728 2311021898 4300702443 9996429064
4450844788 0276686539 4635783597 8633014357 4307385522
4801180578 5516300305 9480351702 3052917619 3766804489
7455190062 2981417402 2546879385 9809142285 8374494142
9466840567 8447862996 8730373668 6339751013 9100798455
8831971893 9840420585 1783126255 6099075164 2566660914
4857660683 6793744806 5297240370 9933396292 8343483326
6104136871 3447259629 4417153661 6832569298 7460751934
9004367548 7124501251 7388228959 4264322061 7183770595
1665664903 8896234159 0342836592 4676238921 5431621094
7396500986 9257089507 5041141578 1971894579 9485168292
3997676852 6059094084 7692555560 3209473017 9889261822
9473834688 6884787742 1474782112 4629005048 7616242097
5722951786 0733959886 9641860539 9569127426 1105379964
8648272882 1472986544 7937270511 4310364153 9950430249
2489038987 1904738048 1217370572 5663713465 1471541312
2205631956 9952971074 4845423257 8540931960 7037480624
3288730574 0374143132 3821583556 2671427568 7557551361
8201917633 0108628379 7258551156 7417230504 7190608736



1627708326 2964429580 4827975636 3082376436 1615455540
6169800458 1964467066 7810243347 8459880692 4847727489
5298262045 1694370037 1120191295 3531129197 1380175955
7797453217 9706899810 7869799671 1614064725 8355731385
2803781447 9461864582 1634745203 9855897512 3171364079
7468385145 5920414500 5217721229 1446699278 6476520100
3653978899 7094195677 9542290004 1438454871 4348852855
6517630802 9925167644 4247682186 4906215121 9172342568
6851600605 8597808966 2366883201 2839653122 7030746548
1821199948 2253881430 0401681144 5036211672 0244462048
2829677761 6016563789 7576349795 5487255108 0910578133
9420347277 4484748769 8984192182 8085630416 4926029917
6230362632 2504418296 2965215438 5628760703 7421868140
0473863094 5015910913 2542103032 5613511075 7558287347
8656260809 3256450743 4633723342 2408558581 6338537153
0694587826 9202052395 0672724753 6900139801 1496431659
4582971648 6863220484 1795219642 4498327948 8063134646
2010891393 2870531345 5615037887 6921145927 2685051467
7135599589 0632238650 7647782826 9016803601 3061708569
8288633635 3398216641 1661335548 0403703821 0034458380



8150558303 4017971208 2249390950 3856609585 5713953746
3476283240 4217519342 6566863925 5917743378 3255482070
3861056330 1262376287 6981734728 2242509461 5318907021
5082050421 8103977489 4076572149 9083247852 8545951002
4679597393 0841106272 5225415696 4938923682 7358143460
7727598033 4626431259 8278889441 8184917380 2687044960
3886707186 4770831564 7875891178 0354308201 3186565820
3435407342 2928347455 7696514986 8391503976 1412613360
7894809975 5916482490 6255168553 6794824740 5098464960
8568188917 2036998737 5796439800 1165295270 2772372260
1935755572 0232631014 7686928476 2636285189 3048492690
9264098547 2493648181 4128316893 8328312579 5662135988
3554452066 7408958409 2314862575 5911051962 2000503080
2042573700 2899660124 1363556488 0280339995 6946560958
8576321992 6030004685 3975598028 7655583171 0706399750
6660476148 6777635632 2611612715 2242671096 7361840252
9108255244 6153885776 6602779608 0898302837 0687781398
4923812545 1717898757 7906769165 1324603108 7551814796
0012167620 1685543613 8875351111 4464644596 5948986286
8500384293 8167759796 1912729990 4591343960 4283622782



1457438491 0806626737 2039815968 3311458313 2775573719
3964762139 4703694871 3448379653 3672088650 7609494431
0674893862 8101668608 0935487620 4062953142 6836790162
2324344216 2500961919 8865282501 8478075009 3092989616
8789351440 4852784485 2101949729 3149122933 6642838361
0958359117 9266973210 5032865863 7196191306 4985733208
6615243198 9177517561 3307253369 0606289440 1403624673
5791686124 1907679730 7215389609 9260914778 0039218290
9660567805 1574245394 8127051582 7865608617 6628088767
5485282643 5345792975 1091037432 4314804905 0997201340
0938712099 6799226673 2745697219 9757397498 3529556634
4453243455 7032626027 8293136893 8896296769 1490051117
9164157396 4151622345 9624143879 9849972397 2106259104
5242665562 8296014596 7901286176 4153524786 4330478558
1496257111 3956032515 0363183745 0619425879 0732974799
0654033781 2932343549 6477095994 1597021691 8103681473
3833330641 5138771322 1517339840 9381746568 3332375212
4521204263 5149480179 5737064857 4825588129 6241114146
4692661774 7817386015 6155696776 8080635428 0813392622
2268057358 6043957391 6273877143 5084847701 8662653169



7488864738 6824309419 6018928758 9120213872 7709615384
8809506565 3207344205 8984978568 2144810993 4432714379
4129234072 9754793264 7618296204 0361443641 1274652404
3691754283 5856614059 5943326100 9132314486 4164204976
4947955201 7171086517 0698122416 0848217072 1710164948
2479807749 1801666631 8076045716 3952518386 0958271832
7208657052 9825589266 4923127405 0673123487 7203497799
8295609410 6360305165 8168190384 8011147030 4239018204
5758372731 6520859225 3994751093 8900121122 1942666544
5908677926 9137115495 0789666576 6765460962 8827777519
9570554507 2979236662 0852350781 6894340032 0475437404
0076217990 9188135109 4993966943 1342798599 2158062927
0421382675 6214353405 9246720235 0206425854 1096859551
2829598880 1679474853 4882762322 6089882142 6027966949
4883399735 3809115310 2615727526 0615166467 5747231126
7311304563 0210164427 5628278219 1487924669 8975320978
3265292168 2584330479 0854783365 4269758433 0779557195
2000101207 8724019881 3494984438 4367638270 4117421003
6951169011 1801683269 9946612010 0860532094 1579019288
9761397840 3516511159 9346420444 1482768205 4550634184



8306161979 9460270489 6489524389 7025843417 1773190315
3309321479 8054202089 6195125075 9293649016 2781474077
3224772573 2201913504 5680559997 8569277543 0546578798
4285946840 8586784134 1145382412 4072065675 5982648262
5761903033 8341742518 4853854038 4703710069 0876508085
3508640217 6210101567 2829143567 3677110351 1643978363
4404283023 4780735456 6914381770 4745089458 7211787839
1541665309 2472697951 9526863928 2330037168 5067876207
8775481783 9108197321 8290478799 3291396078 8741768330
8186531819 9940659792 6782213227 1345963247 1409529463
0761973967 4998463493 6360975806 7253661551 8078598145
3495358216 0148026023 3176252015 0636639939 1351428775
1153532124 1122515057 0657231152 0853765028 4322101584
0618982570 0470439171 8649072412 0891714561 2024917300
4379934999 4206586637 9857873460 6048061922 8119464331
5629256867 1087969712 3496236406 1937388112 1802073791
5981801097 5908011327 2257843002 5011137880 3495792043
9189928830 0516242921 7600337641 0793371968 1331920675
8299182607 8485247571 1775242016 8349348194 1400539164
6393521827 3710489150 0365804792 5976158343 6513553494



3843191509 2146293081 9950183591 6709425302 6540329803
2496761584 3963471143 5324714370 3922148617 8438282611
3866885521 5984613445 0580330263 6914394174 3559917537
8716668814 0045296893 4351987652 7230084584 6550156565
9895211301 1048528816 9394156867 0635178319 2218559553
0500029864 8325444774 7771995501 6508265889 6713964088
9880567958 0669160658 0609404851 3928010222 7697615613
8260831907 6033245484 6528661464 9429483966 7733008070
7320067510 4262514142 9624471453 6875097068 7850660059
3940265187 7861032765 4702806325 7299061968 9759188738
6672305110 1237949329 2597649574 8262551959 2739447176
4009255618 5211857724 4308889458 9313045709 7527258670
7145565142 3603418198 9031519545 7218862114 9171034530
5965784508 2618680743 6497735831 7577008647 5879964322
7445489500 7809667119 6162151367 6950853089 2336123866
6283481102 9398046074 3553427272 4428104903 2807567670
0337727112 0949128434 4874508135 6882215603 3050438835
1754108148 3037534434 2084122081 6836058132 6234576775
4279316198 6045430504 4485105558 0041167943 3767132055
8147058727 2088253604 7310649679 3184796373 5278844788



5205873182 8660065633 4932560235 9088898353 7772507970
2005054144 0210559461 0720764924 4091363372 2789739946
6397512341 1788366312 5090061416 2322765702 8541048506
7974498127 1814676430 8414103002 3752565373 0495276727
5484545999 7871633253 3105061902 4021518146 8100146512
6285103975 9839412882 3698621131 8315247764 9679577744
1913323947 9855287165 3023199869 8023983984 7319817881
7133310344 3398908379 5800005131 9653452338 3390109097
0444714347 9426502628 5740315181 5203546507 2823118385
1986580293 6213522437 9754319380 1983432914 3125027577
6675431686 9888602865 6770135003 7258969644 5868683417
6473878390 6654442181 9235857731 0787002319 1744542871
4160030268 2837240494 6436034787 6903573326 1881143101
0813218855 2798589730 3450534403 3037227691 5140453182
3618783217 1998898905 5082908966 2419765855 9805783414
2873730648 0985290782 1459411264 9499219651 1361256777
3076994605 8020640723 9180866900 2017569564 1759552721
1359337589 7911604759 8231558725 3564456825 7143746585
6688982037 3705497045 2907158469 7376355587 0609280120
1769780532 9357967838 0795022792 2001052016 7689887325



4108389319 2509071742 8881081070 8623207551 0184800417
6969682629 0392399839 3811623663 8478713081 9320185559
2678658980 7098502295 3739494217 5424696253 5470439547
3241339247 6485210376 1177731123 1385001618 7130471064
7783932487 5850063619 9119677877 5326807139 2468984403
8826593605 1085465236 9222619272 4034991210 3831622629
7241144083 5568680499 8074604837 1359252075 3901701446
9373916409 2864863919 0537573932 9455653677 5435632948
9530854791 9735618116 8943469443 4436430308 7144425491
0609829482 8815811595 6356299337 7947392209 7851104067
2166448032 0531067091 3037594884 3457873439 8473707653
7474047930 8090343824 4339705830 5326958562 9984793830
4808177975 0890193239 7881964474 7281348548 6485639973
6790769039 3025212859 1950959453 3031379751 8529818662
6201176126 0953213926 3391827182 5632758305 9118937210
6915776438 3887227842 2852900912 2612514080 5231508120
2726247737 0667161537 2979623651 7171183091 8171522805
2653759337 3755812823 4864296932 2667847133 8695988769
1580950811 5049936337 3569059008 4289200705 4825254617
6895416471 0778011758 6071432866 2404483055 2364259377



5798552448 6960807267 3059076502 4885140814 7618917999
8962929079 5406069165 0986275070 3309100886 6119931836
5347811068 9500553232 1232310409 9431566975 7128432110
5892729075 6266529830 6834612688 1743502763 4457348731
3081278785 3966825948 0450244508 9945385062 6222815657
2066562590 8071060090 7194741580 6434289617 3131515706
0558113998 9607656842 7723954812 0624654927 9224664410
8673930170 5267840652 2475041053 6043235086 8815254382
1884057815 2295198789 5606499560 6982745328 9227327038
5375845209 2709242946 6734689593 3777896580 6769512859
0449057399 1307948762 5397989989 4685344867 0842763284
7644098046 5348855120 9436064288 9373837105 3515595879
5075103681 9995860092 4794052205 1548807777 4998306131
3790264128 2737157571 0612817362 4978364745 0207227756
1952126743 2735816854 9611969888 2583112616 6950522240
2188114669 3062574953 8470869958 6574599887 8927868473
8719864383 7904804637 4622281612 6871276345 1130947831
6617599707 5950853325 7460284937 4001043645 0345565804
4944295034 5318338129 0785088833 3858378697 7108498206
6510206279 5707669833 4451779345 2718037691 1410207557



4774315429 3290326295 3211497882 6203515987 4125464228
8439527779 5499289564 7543471058 9858515900 5508490056
9690369399 4638054127 4407827207 9588120610 9501826667
5052829100 4286440115 9690915602 6024587211 7456045510
9407684697 9736827481 4597904045 5219048418 0115456634
7833534380 8815341403 7239817881 9077576306 4723383684
8076617187 8875254440 7318658305 0118647563 2030171398
3390078987 5424411026 2777492594 5578726315 1608748702
5048062038 1626062841 5675429971 1008457236 0794368388
3177569711 6071774760 1977362998 6084709225 6124190334
4303868060 7516077836 5027891666 2836093176 7596955301
4936812797 9354666523 9389865492 2082126132 7763789820
2946799581 6243987059 3623917051 1750705049 3924429371
2287520721 0047900369 5203530541 7470268810 0313142753
1174456246 4073545200 1303351544 1611612845 3063638220
6203182714 1203471057 3330570609 5610419997 7441294378
9723336195 2936807116 2946497417 4674606161 9442841957
7150642124 4911540670 7312213842 0641412696 7154566438
9159471777 9694935195 8346843367 8322141303 7431073429
1743734376 3544159073 7738077683 3554545220 4160755832



4500141271 2899741014 9470548864 7243415899 1296092282
9862407455 1605891496 3102100059 5871347192 0979723983
6831280110 1752643186 8611183517 0173586754 0649265791
5137405821 6297242018 8375102977 2027692280 7801732353
6585248661 0373552463 6051974175 8718234908 7381977451
9960413516 0468808608 2725590610 4828222575 7674635819
1662903439 0705475970 3480904400 4304333317 4134614234
5412745677 9872589232 4090915108 7305920242 7900149673
7015134772 1514257148 0238781897 2789099319 2321188518
0400304976 2893873119 8868763397 7056903190 7414517629
7505582950 7905515712 8977260343 5467222518 7519472277
7503478062 9888158027 6408830585 8873211408 9935625654
4526325626 2930428543 9933282550 3295028936 9907770549
0294707962 2008390293 2214441126 5738208956 8543447852
2535584373 1269337547 9376599430 6991005699 0821560314
5081988649 4389488679 5977365202 3776380526 9495558714
5427065851 7474445964 6823526941 0568519337 3700491448
6237606597 9574374294 9313762849 5423747696 2984236204
0406990322 3286254828 2233542016 5228291288 4434215751
2706020215 3831784521 8564841150 6693943643 6446339032



9462869215 0012003317 3722315945 9937024404 6654644010
7095463778 6273667690 4564259977 5860341423 3762759258
5363126437 0897307579 5526996850 3132069091 8306791326
5420306400 3148245598 6239265759 7573177591 2862530894
6541251662 2840716337 0149790267 3843253016 1901013729
7886469540 3425694557 2630522038 7629423264 8064996238
1630855003 1265168054 4788556819 9731089679 5755442683
9220485130 9190268824 0337712017 7863986046 3980025603
7206069295 3460153673 5130093516 6490475996 9041534844
2284064946 4357839627 3959796970 1199959968 9705500713
9802671431 5391239146 1161358183 4068087605 3466725530
5042239792 8096566221 0911118477 8965033519 0031281930
8140470647 8740367155 5521140340 7030398907 2232339159
4235126529 7171121449 1591287469 6964544557 0922804347
3384101385 8874280507 2514932018 3676549865 4426190687
6750303979 5693902421 3437475259 2028444937 0703219824
0950852874 3929412781 5958647543 0366953365 4646504381
2295538569 6018708146 3036000681 0223193535 6775884221
7066271778 7522895393 7497394498 4606881958 9926057904
2663242818 1883297682 5708783089 0164354054 6417536779



7521401491 6981613499 3044910420 4274172990 7318379698
5131245595 8606399199 6596689961 0800504940 0729639709
8959517574 6349501131 5239540543 6384247715 7673057968
9978093511 2310127000 6068315601 3470561688 4208186210
5906584385 4685352265 3099408095 5068645181 9643104550
0569852864 0369722726 4496407220 9107280506 5651759005
3633194257 1882619016 8520911094 4462304938 7276226013
0096650980 1815021611 6189314991 7554486648 4510193964
0892424535 1858629668 5358807237 0252086290 3963751354
4240841676 7961062540 7745354397 1872022038 9829258815
0488174626 3214401932 4591263846 7764538782 1490032187
3605288401 6158146769 3409724342 4966959679 7455129521
5247541300 3838241759 6775542251 5486890349 8467584610
6631594198 8121179713 3452509275 3070140856 1426350301
5271473708 7979022966 3568300178 7990288084 1938939224
9188448911 7670080380 3875888780 1697701113 4533491153
4802106585 0875700255 1736325688 2009759552 7487122535
7182551697 8753150955 6908689854 6483794843 0351870614
9231357340 2963136527 9127615262 3061043140 9239565352
2974932610 1802357414 4940020107 5752924889 5892932458



0351889348 3362322662 1107047222 7951789643 1135332221
5133111281 3026996570 5654236666 0712427360 6758337678
3519101251 0994437030 4629076346 6149644955 9967303212
5852284006 8128863206 0138439153 5239320911 5790604734
1393629732 3492759180 8942336565 2609394831 3364810290
6435863118 3082596587 8597847150 2344907874 7678799566
7424852051 0401039997 5710394022 0630691734 7420208969
9175600528 8898736759 3966293674 0172098219 5418337128
2339328624 7731719643 8625665314 5512699222 3677667770
8198643496 7998415260 4519464045 9016395789 6049279139
2910434902 7568381726 8404705229 8140890671 3149152625
0441754527 1011235786 8012989368 2849339139 6383366078
1422917945 5434491680 9706649131 8845378120 2579621552
3212883988 8294830960 2541545158 3015564562 3132845031
7418576979 9799107895 5656799608 2529165537 5861223383
8070069219 5796394198 3742611767 6769100507 3575014710
4127391778 3596347944 1159241607 4096491892 3864162314
4315098433 7999995741 2386084556 8790650179 6604659040
1190093106 4914597645 5087441691 7093615978 0546717465
8993017041 3753904682 5444198493 0697739630 3361433004



0322637044 1388424564 8531960009 1024035914 8604341956
7188919858 5615655465 7750890144 3177712861 6456862190
0128459460 7421607429 5710458314 0046201246 3901102101
9323688746 2318746390 6390518460 9082474661 2222586831
7169890636 0640254048 9350875060 0193538323 5847779777
7718415669 2711224004 4551677054 1931073038 8369438797
8890462421 7590046666 0910401636 2270064506 7167256329
8135619169 5775856133 3390398277 5996522509 9040387093
2789862215 9549437997 0630648070 9649417708 0058122705
5933091621 1844004635 8937856324 3586419106 1540068204
7879016214 0445787717 3981029526 0717300099 1217971137
5424333488 2266618671 8059345350 0359794062 6101694558
9487985287 3823946192 5927383005 8657862369 0127192963
8265926393 7819596877 7634491927 8138391527 3468510317
1283501167 7541289696 3401763368 8033476132 4250065479
4483551600 2423125664 6080107867 0258603760 9939080045
1756260090 6555541309 8404273574 3005006687 7433135282
0617072990 3389370532 2254670042 0588964046 5239361428
3079185404 1696667832 4070955958 7709423200 9415610955
5343344349 1385438840 8610824862 4289859619 7412565717



0424006787 6712368593 5372271091 5670406062 1943472602
0409941395 4720131755 2449158345 9442749191 9291350235
5834404187 2069743458 8605383370 1858976572 0622546686
3899147406 1713844091 1140542444 8924181252 8058737844
4375990337 0271443232 0785204641 9314755947 5831429194
1697190629 7697904498 8213080192 5875904858 7570102804
9890092764 6674318174 1931273879 8791908667 0564601741
4104518365 4736392112 0183127264 2135299075 0753167418
6041139085 0791740441 7265800928 8966400350 8561829937
2472136843 4131495692 9570401981 3001606087 5412795746
6419031797 3325939240 2107416767 0242353517 4221182857
1516183297 6814222607 3090296369 4871330880 7785556663
2397283342 2527065650 7307251890 3090395022 9751455450
8141344442 8165414364 4104921750 6227064362 8610175717
1120483665 8149705824 6357800755 0456264537 4462805259
3284156788 5798506901 0580452797 5626285722 0830478354
3668131330 3172332381 3526470752 5779523301 5289166395
2865431899 9573174578 0167826728 1460222640 3818995669
3799484242 1098248974 2008823311 1400134104 4095160930
8313090546 5503159555 1547397748 0221462406 7611052716



1375799862 8354396966 5783552456 7007936049 7518767958
5004347859 4444834874 7345525999 6323925882 0104452878
9576723339 1108520813 7994842347 1531895261 2818751089
0512135465 4969246066 5576734518 5717740511 3980900507
4932280070 9405692065 5442879928 9768091385 3288239231
2742649637 9071979978 5249090304 6095850203 2813011881
9189798753 8612770509 8311267968 6721178100 6094288603
3416074080 2044853244 1414457945 4721054698 9291664998
1941599750 8117083997 5855253125 3479307072 3771948237
3833676065 5418502113 3373575357 1160498408 8630696264
9890151155 6298277922 3043334984 4936783915 1985626850
4325200844 7985546296 9126299788 3130293630 6463370450
3315526375 2040473922 4157072857 7799880296 3532890069
8400767818 9697563540 2176619429 4424753725 6498457226
5506787359 0934057238 9793781914 6080319827 1139248049
7941100492 2981431759 4991993103 2808979574 7253376814
6061745433 1326448924 8037013462 6426692631 7342443574
2705177475 6506755634 1333600591 7831376373 7592038902
0426517169 1865422448 4136094659 8636267754 3332217290
9728067721 2181229450 1776642327 1673310919 2752337724



2450590808 5892756556 4344115484 4388895321 3270285605
4060064352 4034011774 3942638314 9269420366 7677312492
3344604615 2792228711 7473732068 2073795040 7753807024
8751397369 7487220807 9418362724 5792671586 0587568437
3825696601 5288450159 3636057997 6487955466 6897963172
7641445826 7140983930 2605844437 3118321952 7357824299
2380530460 9792532175 9529437646 6967178599 5655479752
6010481116 0900192559 8770316036 9289053546 4219693617
9009854720 7855125725 9753257687 8034184282 3941930116
7647127802 0013244905 4170687194 0608748642 5099249004
1243777990 2567236238 7521344875 4686801805 7002677165
9045717416 7509358537 4663278466 1471702229 1277538164
8935814037 5420413163 1796620462 6016830058 3584027808
4250847061 0285632146 7634921644 1559656539 9512441115
2722520988 5576318078 8086283744 4395373363 8662891394
3990459186 9356297993 1691320743 1084912387 8269670817
3798380276 0073283523 7130570383 5388120192 1780745570
5392131250 4821976693 4063942802 3453350969 8054521919
6416496966 4205192232 2293325224 9809906809 4382986082
3933868677 3954452673 6321944401 5986590406 6528670206



5100494097 8671302450 8960506363 1147497897 5431863273
7637932022 7953001087 7176844026 1821800385 9090607702
9345978640 9329695112 3385326149 4565585967 7117544246
1946208674 1789881434 7780270237 8918386547 5073672507
0123164595 4210423036 8253015499 2729230497 0650068874
