18189346480505182643830916718288720820426227702333
56023223427035591413419324264347557709313454940085
11031452088017675664585860648775071672223135747339
42703327074963540100892276924368763799296592192471
70451013425286745479135846877510706582254073796784
75663698458948077915829839825469061857142124747906
74598840867141492376647427874651117315726364709874
46898054132407177564890158105495875963685695963852
97987642203334260680320349193784000982546690884767
27668713871581645251615965480035785346652146985923
72842113728432275635918140070604782074117368530966
60411995131883787974468009153611290059863734722264
92704833154548598274473925001649719755929125784515
17736229684545166525219788984386670229777377293187
89561880591301687463077910981395354182521822842067
55323944271591948630784977030038119048866016186696
35434762930346396905899265031860858983758086257586
92246898452901577677911983894255058290717180260167
14698586843558918158227284978942936606743348498112
53318614816871112703009123731746265614280034637596
47639808431141766155134930931081693016926479795930
18770841773913108938491279485115822985847363781322
21893792436311583887386025292968276213293246363914
43219146900157720363578160383784189878624393628310
93951990172246933617051403930355915882225551115440
75223346134825222776183638165011815501942247356712
20402733734039608147264673948015740640610628184436
25172275376835009717483084580453737187247097940187
82396762939679736626169376628188805507329001478462
71384888815020299085498977991128974067348297114621
13151279481019822230837834157479846599614921672521
44239762072888282225995183554274271472646942132316
44916009227046236527917599308893732849395368029941
92105345960955419154130048279165203412038215073265
29664515131676922128761456931167507148789753886657
71817424814500345524803559805340946513735636884606
71121512405474771170600475673896428781877294812584
98193704352582950717758914305191176277789287451694
28839791936738794465486231715886256600460603565666
74376967077458761869997908228168871287808408080035
28070899004842726103178514211798076450962632420721
19686799581725287265709131381857042482952011095784
38539522586154870629639033427889254720655038438894
59002696076340980765179958799864140593292634854311
76943066289542453473580163377746045361446644380331
18953068510352579809569699669778882474915727035572
61886357079565465522499591723942686859534240035292
26228572860156060000799262300371157877381840782587
32024812378404548698630358016355824146999834818999
46914263235501140476049538946274903517910407899305
05024271378198876324084904533632527606526102494701
53704705723197675411793857975763451713339780685358
69426414140163785307512296531322466009901708185461
63405422146868113988643135637027898300392269773353
12050568491754661256189700011179439567207335885906
44346961978011277511334339120354164480743959541661
28965442230943964507663167895869546819839393003721
82641276419701965480959056455859853034036903572160
56231919993660917123070886818847926777405322242804
80670958702135200915034355220096354643389973928090
97643561080579186169415736985546109910870478051020
69557797218725789704696872640920583328977484674495
08532871315938549876356442446645008491330267320025
40236761770209968652535398734455470571041801094962
95555238821697452871215913030424275162741980166087
11829708858602156922506798250820384023975201883875
10776306621351094762723250698421614667764790215020
93436116232087903562338031179695505903392034267059
61937808548838971110860348352616894070277638930013
98909975450285697010653695461795593160468454241404
47818857563623811363117942335729353056803396099264
99351822627162282046553406631004197550363158623670
98569882711515130425645450528671703198564336313130
76854415941227963364076248994175109191881857664887
60375557240844235566437466225687866747046897174735
27969081427340048394617959947696529345151617917646
95426483739142094922518918126184114996972562520548
37388067095322135830261772450371490341933522338913
92802396693355892612900430913540049117257665330048
45387760628375698008156357781728225924657266939581
86905264150874548354102323004009566316093025039182
99058924504998759032339320662985293799541945708488
19915267121122440320574212362965131712697100516225
70236696982006132232231021250168419797624247008563
73969549378422083725549405190289728967011969488374
06381535801068706992582507416363305565323781005041
55594431835128001153365182381020753922948658153019
32339379175032470733536592417861605973123742879707
26438892107551835056055185307356488101586773431533
35305950265060747636887798087865943252461022937172
05612206973038293012746412680272656545196844056504
82414201956060675521996050445049169268806251370393
28104021224649995764296575820726706216850187465699
37453111720136302428364540526104528942960458913234
89716108174460691773756124795995685121420469354989
41370173063459005957948393674450357311102991895274
57893064942494226900263735485899889355925710726861
46500363585492932796293802104496336049960008004054
60049338923552686717642921100660705066186752390114
18685035554027651425676772270892148888955371044840
12434060560476844454172144471092939453365412239191
48862531646709430652153781746705469066048870426678
45952162437983240148359873757241558056344818960203
93322048990380411205497246329299975535703323651972
00056624616290544796070483775404008622765775190243
61440520777435919483667711725840051104060250236352
55518277799986470269991586566048374472304296110564
01862830788312186626968652946912674976715106189808
26472542528900602447832385427277504820055239837696
32783745380410409498174344813065746641429988889222
44050706533968255136173880807675452935251155940220
19506546616139786205574351786775700869060138517882
57451103662792658445614711171967614756686006014708
13756878924735950115373712437799873401859108897955
42001775216358932787988427471297998271143267432272
06212042998196319258884678372143767870044968609045
63416438933090524125844779121590940963697585220311
59120811645549529369595571749936244351860813428987
11658726065657355130258761078480485346824076308537
31648652522634297746657504025168597380642223361010
83273763128391239112962116248767457500436815614101
14840219767598673414835481121159866460649305894703
34103237718591307295475616947795705130264902993953
07677796543028856172484446759010608359646644328967
32809088247620832572873783665581189091298647409158
22397503801769001079057636855835301280978207807332
65015282488755387801818751098076949636500059534099
46676524463486326713878700944897277794019853847679
64759624578060458168341629194208921679094561218316
44419746686683893326895139447467753696883008036977
11608288301427500526115818935424999165044542914328
33444286227040398593952424380601674676457401015862
21684608862794334199209452390469005994139095334050
27495954510076934282921440746827338338240764297446
42578676888642380409503042161978417673493195950064
44246046477228342758450146420722257881779790834973
28299849236899806824308550967142538197871678058726
76802900338311994910588469868025797287377546641288
49579219613442620633929639575526248538983760300447
13299434005831873957541845950107794527712167297003
97435181868799826330387977500736945660920356017591
09921236008372792721104523159866213559203380427121
94531138766190595195218889761013010921033805735286
91066679775560178473322629324131943330365388694481
66094761596841065060474841384550265512506399949349
74968266166441066551802139031058950942596932934888
18198466581352839901489363032710488610302715344835
25836900711467547856331225092450923468474613065632
38553435988563869996601567186058612474588988257925
98304946331331136242504115036752660594397646535926
45323276332233198607510185476341931299728219728129
36917765373540523212220572346832475001299207035100
66576238472740236038469788599572252590845226606269
18632822114580758281992501723085071150021220576439
43620707427834155896022955746495351914508567512874
92979405670865653984987174441248881733453560855937
02374789351023494268216534496793285005822181596890
50573591689721439132211505274663264207286280411226
78255908457235177947866947938347915770490640391229
35503307041121029245168359103359865202320918829972
02408484458254568473159485768244652855633966093047
98144783823574995239064329696064042759459507981505
03221094697842432880685911089418989378961575508205
16744316407054439807581169313640269129171642991630
38596531630082280670694949115602661521273858451736
94340594841447759036208225564793415527194168680049
21836995551781485477483975205304202788655061495348
48105727803004141698374905968616401793413366933407
37345271784449129478438443104629357399390409029801
48998649493484704163930702722474652200796312165756
04462268735963249448716420919976809061371188594152
14366605526985916462635332444559966262728408025592
42054257589343986404452836081389978002591330301930
93582251756346790483545106853860486128669311660258
88432830039855698508556441332625423163629132362854
71166779905984501926940735617488269912585186782940
70796775115093101315160682682243483785857958808069
97227699256020374628822496781188176087645649137817
18121890224717594255690193502795232086999862955596
57990279144342367587666229831447445776059827318326
53932717548424075514061550891204842759303457326183
74685191590684516417544141463803609413979685388345
04168589246412716863234468225891856862945460220492
05659177971313582851542004419646353313442057363431
07130843155119302950777358076785333838806043196777
19550487613134989090019183928534780642078161985608
96774726014391749964703357741155341423161256208698
33514415443255666118206765463782722520773025214000
38108633059439276064496150103551519568294079685261
51191909731143149176354644669634322908982092314769
31916894038051233876504421677622559098506844870085
77381968193957459793916689118775200397548489475385
39847315390269771017865672090280679962749320721414
02973814580750409956165906615444836653859373403172
31348133655412308677306318216674596984243147763414
07140932740194826905648649093547830919668818468944
97861616837624118800499595576365339220832942263909
49054342120242302426912815202997098196510921544888
98180669000336073714710914841624083239490212673412
85654658027260921634828085880748855012536477024921
74541839712418712410842156966959758974826513535044
37982030839657599975548143650418053605131208618004
06348121131180290885645073485818852991283396147525
21640216417955848619478841441578374306774876011942
08469984692176661306609708544603789809627058924794
14613607001351406000098067552937395225099086837806
61764887114148968509385101497346290646398063873553
68380248229619709531076781259153037015822410213235
54465039653412311688557103292746579314045489850780
76051289621795112003265679656234838520070099452379
18695729171609920238426836033108773538343242978867
07684630403325940847966101796013645441455749556065
36761978256989928946226389427459461002145101062354
77445678675488424709769433165660365947851310628432
08112125111647545970759513170677192499928085724418
67867305645591104919069756026700970794392706246478
39137725862464455497974027505115816922954166718861
94831700328217545033892173871635914930862586695047
04809726604781614328725017472926883696305912276595
46927251633942317041790658723755282806001149141441
40325473525153569834996837500424912583198617305817
91446340864364651701438450560014619878957790034105
89939589114733114277340118162769916073566580688375
02801835671154187418527402547729677386094377127429
15582396842125410318943394469958870596228984319822
68837213198707867215620424190485607993582980429002
08606457935791525970125373231053163710610926563166
16850358757133468064030767994044406078978454509915
05874986938133580989255741557666221681594459902604
77765693393931216548249783317133410958497891874254
87783051254572174506572434355188159438775385461518
24292385902689734112299296844119619653204683588576
34687757780554977983897659194982931496779168443842
63436213698536280259738570349190955603823139917175
79105670108820269184785095523585275759268941178974
13809526891406292117233997044116162427192030976316
14664558448956035337521227987537282934170242070690
50592326179086426593228379050128544733177583153438
48132091117419463412138432286513401793430140727156
81887273228425536422698861469651935316064823119168
91574802307354674601013114597237063465514190575230
81807153666054778103118230543782434755626986526098
92909448327541354533273092186667305992077021187375
40302103124712502314359041674773979293471696975033
55720613802110189216451282476075054123773831714851
63446369964774003835027888440415544760432532075853
62250505275088067613459409267406975020479325528897
01113035082680958516000417523028203574885929493253
89303611184860456100947735717047080004090167214500
74405270358729608455072721446485581513498780806082
13521297937327044332259010629049066537039666180672
78240656203048997863778312230428209901808403796954
37718741840217161945870446401022627335998181585933
65452326877598181927503979385709516221261073350423
77698946837217187578804105526004849460164920354544
08746275385207322932703703480867578363547313180633
40788128602694851019869015427702324096815909854656
61836614932918923280531289745404950799828306646102
72694678323691114430825641845172134059094679468473
73074046195707787671207246870191107888630055547642
08188077181196184119833968574252698831654452851644
37064743601527934924356493257649035957243845506599
96092411284327238971798826825420250457224063981923
00955638310388236549807489180826624669570850430767
40017784465459119334279913895972967107031614058954
17906583737939519497303263305349199089276731952401
30243876745516359128426615887576337300834774026935
84062948601284113052065328339779358936107811863551
45975692621671550684936292327964473984063457314475
23182370855613685165285374795634877615121423095852
37503810250309527421573220614620839530850321406895
72374844879111418175913457973488676586418509863128
33977719479190274515412025099252587581579966827349
68448163562248680287787366054173416999163765665385
81095634919642246410021617453036166646767784493191
68768803760434245568232540632588889051025512587238
70200945074599656822076820223724012402082094281368
31620711042665728552343755203994535506870498582151
88144479894668176359043572476748738703131386727366
64237695726203461305176208696122708343562712933227
54244814441539762720328603234137383411832281787718
95907561204744686092884436650706532640140593743156
17021250121528978294584639139195216712554159112036
62617446988989738953558976129096935643101760553413
09761620077831766379383917299182221777169985552763
18764153621590502956600654056094291266739105832587
57789975918507663262661937192596555297915514056319
13209645903926242144949179598676274187517065656445
26851958812965483428820356484099912746214581149876
59408744652471538986596487203211007939581684178653
88761775030424132556818376436243089902251005891866
32528680409897695265152076541938056429617775037838
42477034169745357141688754466614766850847279648458
46570622777433415111929975121204331040549229806244
30619707801248858339640108442089549726785366033283
48370824846333642251242034255438554747923490542487
36973241215506297769504957694032259884052732383383
87007735474942066252923855687547595283673618969505
03254975105475685582904264280288223133583017113458
61975019784420232041785756047105885909576234677056
50430778775853587154899385008551889511670055906314
64963846456224224185199851310612230676179904894428
48831782517506544346538425133271300230240438306247
26219830610476018589074943812150970837649929489684
83123978975240059120343706965306631739923470616819
68172026390046232808553407601396429236442012304767
82267038336232588525467626853636782615075340531593
37313071457898910856926960637345974288402225005290
15520998884042809345391721847580917037513060813642
09848557290766958284218557360999719764035404970757
03445820150158257028881134452044496425524101031249
67662635529318143494937932601048277243418470639942
89534462222004129934514220744814190333789315550685
22756309684544363912187670081612847742123338998836
14812382079042635267202161427485062261887583694841
91172479483300041582873400512340189492090287674178
65440211256360975020769150161031730685245191308694
91594569139279624592810899540762589954635485223854
48757994147093065077267684512505887349957817689055
28225674785956202175853620241580733897536259435693
19362751420235075212169619136721223793548343218975
75221937495115660983627436716746887603997456876267
78025082784567540835581457350675069310164155301861
75479366277294083492223487189377371193343564738314
47218094113538389434288346905494847215674948971663
57418853498986877125372894967217015374967204028920

-----------------------------------------------------------------------------

Champernowne constant, the natural integers concatenated.
this is a NORMAL number in base 10, Ref: D.G. Champernowne, The Construction
of decimals normal in the scale 10, Journal of the London  Math. Soc, 8,
(1933).

0.123456789101112131415161718192021222324252627282930313233343536373839404142434
445464748495051525354555657585960616263646566676869707172737475767778798081828
384858687888990919293949596979899100101102103104105106107108109110111112113114
115116117118119120121122123124125126127128129130131132133134135136137138139140
141142143144145146147148149150151152153154155156157158159160161162163164165166
167168169170171172173174175176177178179180181182183184185186187188189190191192
193194195196197198199200201202203204205206207208209210211212213214215216217218
219220221222223224225226227228229230231232233234235236237238239240241242243244
245246247248249250251252253254255256257258259260261262263264265266267268269270
271272273274275276277278279280281282283284285286287288289290291292293294295296
297298299300301302303304305306307308309310311312313314315316317318319320321322
323324325326327328329330331332333334335336337338339340341342343344345346347348
349350351352353354355356357358359360361362363364365366367368369370371372373374
375376377378379380381382383384385386387388389390391392393394395396397398399400
401402403404405406407408409410411412413414415416417418419420421422423424425426
427428429430431432433434435436437438439440441442443444445446447448449450451452
453454455456457458459460461462463464465466467468469470471472473474475476477478
479480481482483484485486487488489490491492493494495496497498499500501502503504
505506507508509510511512513514515516517518519520521522523524525526527528529530
531532533534535536537538539540541542543544545546547548549550551552553554555556
557558559560561562563564565566567568569570571572573574575576577578579580581582
583584585586587588589590591592593594595596597598599600601602603604605606607608
609610611612613614615616617618619620621622623624625626627628629630631632633634
635636637638639640641642643644645646647648649650651652653654655656657658659660
661662663664665666667668669670671672673674675676677678679680681682683684685686
687688689690691692693694695696697698699700701702703704705706707708709710711712
713714715716717718719720721722723724725726727728729730731732733734735736737738
739740741742743744745746747748749750751752753754755756757758759760761762763764
765766767768769770771772773774775776777778779780781782783784785786787788789790
791792793794795796797798799800801802803804805806807808809810811812813814815816
817818819820821822823824825826827828829830831832833834835836837838839840841842
843844845846847848849850851852853854855856857858859860861862863864865866867868
869870871872873874875876877878879880881882883884885886887888889890891892893894
895896897898899900901902903904905906907908909910911912913914915916917918919920
