315628814282777899324735839471277268694127667796650046344903357160553331136190
847961749192476212724239587350956984209866910784596133897640042192459885795246
069166869284767283119860190245511600186616942735899638421638118741124910982381
200520402902690503005998538457820356756740481328771155933455031108565520970066
567668313341951280186212042836172145559076969742626080317418584858623437697225
912330414353265309901764864707069698459837878440394960078935571300401621712551
336323878354356547950317939209480494946353432550081779238462254841269334416350
171746442990204097631079371236896180765791790995149221095209884224067420838827
494194882031201047601728345673154883530937314441195311321991262174337119175077
457196838733469553045909226036150185278468447406648746077570810713059177171078
884323680578959466579106754473762043149020434119554995437629111491851853946183
566096512638920608788908909816003765410537748195032133444884406689985932958155
830460395310250009620798884579808687965918819860184283833772989010770943845699
867519326730018307470402328822372400199703621412921278410490655771601627556786
928985336235517343376949597384062710072864933668244363314622547420647027242805
002716464062170782392444448562454042163006289730216933371130185515180607917753
167788478727918932102343309794698878357939071545176410033800957982403627556793
851380803975786985072442104231504089706640429601492069912655601073008005399490
518105162506488879432714265487342407131974507986039827188936540682968267736938
926125689257255971113406861657813501178866989593182683818657569464794818954870
665535853955206108850738031397019573962943426987597074993579651522952916481547
464948035412868817145324349552647535687598532389926320011935791837136738972784
642370685314456975634719379754612931401169619077202473757679423597963248557258
898186532126945217190172358501873234096961772855976919883709569647239319088801
819672691442108556759581537888587037942145701829420036181073713563598251989476
868559632857647970063050828682700841227566071265421075793840688298723468352504
225512156533291170400168300339668990991480419972443523685957214038462361493544
533602807681224567776582482082340839877283438047624053015579773062847993763200
365244822898253206171816356704034043851536853425384806820482785073767248029710
506029952606478349847955695994451785537277483580407967341208762316398056771623
756197893425429370840931401464259776496458876991743626543561248140201901127674
767160153937028416630050914407433647694274983568396582242462172043341442033532
674150916120200266599244472473977228814165600385779620051016504185718238560696
216858990602985948528807341749079129843252435715643083293124556411564943006365
748026149582340780971663469996336761861828629328909345927669499743369655657112
687717233294152943199775291048528731156837441092521763932571334001035592507637
392218520618551667462979441896542651998343611543173582254556021882573270559988
279700141679311885457042174330373153980160217391428870201987067870219668135872
498822599656576451980128763996816372103276901522853739229066564870818928629888
595205748213676831951959889705265726773672843140899135876693908150638646352123
763948276956117780705900285031042154266742496147727245251699476447415411368836
965641289352117457868223380911817247049889298362036356877449506166165329966507
563871098166464828756763431970601376233666018403299955537495117434232915997659
497832807397859893345583328753502052798414730140344179842852266854908625968245
017749766380423543575682822518878676261688731090130439461171842243304682350444
091676222989515669991303657112247491689458654917052516429488378742277919204015
890699732487002711493763534654184071627509903984326154457554336674071197188541
334568508263772696524866068939199014501939222966675430387033314289314482880074
964622400832969643694469404575452248257321021615372741602886400459277618244506
301227048999981106815667977602755751902131331143938185497715553197477058501250
950717071302130146228062614316383774210616229675528915775988704690141761907947
782517468264585438672586671980857941627767656453940301820060668903292847177255
281211453595124133308612496893634282847898585492153640242630171358723674542717
403896655468013501730890318142960342850754099412773656709092917628130500486111
523081036167059145179515246363128052390854986394921502326223812056302994635261
082026886179383272966699782982587657773134623318201978879691479382308982260797
402346121301497427714932125200091320830841984749398058909636075962435208755634
462248971391525136475083154009032859183680851182396097555849842207021608499703
568348575735151595442085727952022283209225336512993355829937558984320579362266
295722378006260044033277938176662560159651355636529333458872251389829321247988
567134957390678679652991464356334076906200433381330512614684091280059554298603
796017501363298447379901747415385132861670372622281576399946222066558807151557
293721985163979837439937460069806771232028765306965502716704143551527033009436
145001269490442632434752033920660834511345099789363967174581140643991814075767
758419441008530543803760273680997839117161682331312338217738196094264930163931
799619171561714191446945790515161354498848590095530920114920886723347391818125
806405868196155705215651644292230373003288797692131225618341129177401377507400
053257345535985867601601796283780434115759372549894737119117448686823668754218
588730316767960563183987888606164575881625188808162284226005651751926477623984
072871597584957432330437065332399347432001290700215914338242985864532416532656
042476648734525356558639658561477848139426139412352362903068614966141774680005
854262816774611523467214097301142008802139312275529757166768345278233512062942
281058862196834452856651876132498538363077568673363523912487668463251421482016
319196162935343329006717362930399896488711279701886295459502791748314324898455
131652766845933766233422110540157011094814148075296984974520420837222521178224
772649957486051756012940691994228933777841159436711270225135495831100793898239
471334198494134711184566348284220537639824290145045948538877431254083349388161
159415942774129842214619989849320193490634683814618066062525909180246956123840
128920388245794409716514576034936555108878880152730415033257391797821883488119
864029136507892613995565017877543120104441271619158714943788050533061794130367
434414420435097308374170671837686518037272142293018553285064999555323492172223
221355947156018436756632916758044867432531354277969784891126868975097010704863
833847645378663702323542093726317147125648691095731842709713883463611501094806
353146320305998396224603513370417217230600106210664479800918564168980157969819
555270256096684431719633254204048704276171322500765058468483244104573538169961
591574788947019410412783871755847007065333929714762524702986600198760477760884
641371052627410104724855091923494021807711153256840873074553643207626175231651
382052710006934803079202584079984314188515802412507224323267976634268038163129
388855070268985153548765665378056805889104614982481548382342942737241665423439
262749012773989821549652260729634134115211258015697702052682249787944155685951
645195440185894237821651312821613206538657334680092392144752766016626898068087
555547510546727534224038627624970263653643447704977604027210562457259541059273
099373428627875919002163362874832786553597532019452005717063839308987172497171
166168902391402244688942955098467134188887122501131035170612762362969009298655
161242453544737412724766254799149094995503679309934077543523580698964869742894
617397971707536398647511049597728584625879083328289247099816112827711041866998
621443412767995783950143047620520575298800766296715405761726262673862253443027
406003166064586295135990781691535661900205309534995410778777558067131440629437
144470156331005863872300647909174603863412355471279260979394351149342629260748
121765301482255330974161868740423700088073638670259077260155698738329312756924
511047463717631604675859248583895064261162278194752654307375213816656889627099
418051981991366278238262838500160457361030853799044315288566723495453178750829
389129600676223523911281891996066423859201588039170139565325212207330624606982
241524456490976582616594631159879796945064564598443795032424904715628047831465
229836577619996692855863193025482201196153356506269465782578724671391880415697
262200296400649486949014107366467849703950347073766687145385386424313777086053
912770413852606853060253692515576219767225492014222694168812790566007016454473
464257238046183954900796180646696487202088031116827237007958824231665613158916
894766690562226341085405247666496410503012257532731719089775336036289855441439
339931148204806386691600511250947963648305346779451560969567834697100232182151
594295778057385032478763144440003385283708028842202115904722882080105525416512
554500720335731323912720752646810750844764373847390386441110388758025091710264
037377562446315254144703825313612098019748585377583878271144931096211543611649
294943989888968778061098552644580124954304715229715226254737728297733191923966
593688068083626393808527418661479884204111268506970179598193713595183032346845
916012498867500321264120444043087209089676607174511447570922861672752413249772
498556407524044943557922786355489746828435918636733385467300827679736729958999
848404364603939198423092631251704606036906428675435063996511433005514471242068
464413687718570050864371329418962773259814718234994223736203258065116762866861
431728821856439745471613912918729345596444640988074359986131229173779946013733
007511737195842374037165478613509994646818436000528670243294777697346482293004
768338745714103869177479814876841213281544471596311894448032148331953684099525
603810484397969302116709870688838372369718243976113084945995446251234794230455
918653914439888754848386539755853323184744998841573101375867930558805697370423
022074925097985873916191720439174080960034450082500842783314919473005564480136
870634285431922860309866237791419847279734223674680042945521301590144862564923
015193293332785392307191182413042586898763744303783885453210251717737371245345
160005446951635860136722636237277455327760142759125795665696194323689075649468
605307132494687025818583862724476808841231089613012504539219041040282341016537
686923862281792720492230557584917748119058900718838385197355514905141901096871
597979917863719765305745262810016084484733536968256714579149909431046369469125
593338584671970519617695475768431465714876626700038442753988035469958594156477
573960686363669130960758251502268341890122070131912292732542800366442000786621
154981543342215045618441168983265967298970237823142360903758253247712585715657
219891574964607893203492969615933140143085905300533997757826625363717312764947
709313828305128121009637088505814421025618321062813361435047072979127561761250
216458498865209235963930068358155523449316844005850191568828014198093965539397
088997192411001850788101909067673700487835790088685216285899876735082819802881
519214780888574930504860069020490249412214453188733734914986198052977015246274
352007595499034650278268603012604064104448925220966239951062240592755886786003
973063514298516554395983782888953790428690508899375079370783077223970758075704
126367747083721681916506217568956747930814929409655405043357540558267621379167
638312060423412075372477743305746228148194632056077756947826297786774229700847
072964928009525930337157302999370821922646029578196576212639745385044675021518
659096609709584060045927023093152401114485305678848785593576667598251235099774
895259982988405412879500841531784351295916126589084932694083197951650264084170
252495321958916359623825759753845093257731499664989266181385046618199085835676
316396087035807089652338148397648966059361682203646120843012257860718746729873
178659937954140031914979123303159453757811606362784901124899282365177714980379
094502526178602807965557904129310697065096447299215453257256418029324463743394
645443218322920139170896390281172538897071005217490520076200218536117478360770
287048221358003897206148026004965046825254961643461208644139742487907170309018
795262868156203020869615117483078142416509199147614616581339451980485614712597
831089769557523234498989584465013863479386591792116716767595829363940608914579
246095984413240514648584916837135770382797047501742874393503681532562388522408
688679022323253414632768211952530577370342339185989147169501444600372639585457
181962230264273735107080456503096991528224848575465385722565087151160678288796
276156729466039243451121773146144429160344908961086002399027467426982754758568
148600047026506319966409835047578164283823668829440667312502264446616813809644
421982744027094900978549373228118355539735747353783394463359823885003895148246
014134577784727754023476259605599015596490171648541535677046475017399886948022
166539997934209249081956026168921586931411300286548054193087179005506186660800
273876065848488665319377492677680402739779415889678050531466530035830785143144
188897997570551588334634226516229868969103721754899770340258430725734167366320
062988294364404742141612190636805191272835923188187801337667480775808884536393
177094930612860529017497448140631993039902159803818838136109390617743999614035
099497706052561871218466922159508166965295496721958434467485815728624596935400
743234528355726531290329812318509832255014091734804007717305212397312303819035
260277018054519982431238987887053283212730191016104103139154547470649501258899
621806139454620094426303422031988490509531446238608280454454867946717228691407
774632726580008603896856512936596450743828852733978677802036017440249133066778
449721029349673428698616963644023763184529399203036674668087927751256436908182
406680350797066874071130098716755961854448957646794159367675998599525260875654
641280580595990143865285822639916964606799751230282475421877654403017991649565
558519790674336277422143439333732294258536548388204392160675818175587845963232
105406802253544038147289907803402449477798529836969266488897933486973104744483
651264724582143485218895068338852201600954647006021463651450353754190307036400
489400417222326733208091890838382910221832585196596259450043740326246097537501
373580726141832727217863803486570053551750418441517551848977033185496560477354
126005784330263024375209658172274827853277226033509045067594055309131475475623
279964591439542286101674902122222204351913838227257083068818787260693034860025
854066033688122151410300046232891260572519913339909972626830187304066988255629
248321473592013519172866103231634642514167165855456972539298984174084293643486
607437100810215043320795852177798014372934620934241982269929703998050771058530
465759630232163398341829621750854820100384978714890239730019781880066958283156
820039684715638366563593456946384501710522813031864753401938359939620357384565
163709337733518270550713026170610700977978248402496034526944028660333839594492
535611698445398417598828800089188946506007184986163454058183590541631250457459
037555161618315291292923675997212493961449728862094587024395020772890096026178
411681547168911216892075017742348621417636518242273226048554997721878211274816
428404614562345497299635409324461136275424144201140666414646140455289351990794
172748861595001968665888933476841954055870921115810688006804522455140425731552
767150476977455264155223788638910163374177004858354072505685075074496942940617
773696311953801694970468787820842568223001715176387047139461708892351064545763
569183362384026440350156534553641881649233252062670423774272994074379080464557
869531667107205258266637840729090330943096918811702132818275897449491065489509
786652301434978137539060946945491537802139652934846381546316404908060461853605
088308773742313252051024723094845227359998566624813920925595618569949579186067
392557498970100439433310381548532177502046169736740825161347036636054806868787
458654620565042996082801780425768140842170380966575574972428424222587711358974
056013030607180882655845291691230597813775915094102528136849189703183655406042
129451019855070241291368591314175914568839295288273125057050496931384784342790
613175986237046346083879745281065648399869157964638231042363026442336533151213
749895600855134211573827578075531813296184255644924532430838894715764188671962
222904107677268272640874861525753148667016823275643355441843252169829066375357
181399046342982274398466948676616988642361112910638335174655131721934462148152
845556364325794056867796569988620784287371347047039342552580903909803292548819
613659394181626087439767335124008217161403838695929981531003254926728999650777
621441038413805273792164866146967922209192262407082611014965340333544075990741
586887587750953471503453940858890015062113220536921924431673947809054657351778
072745627178282618697514788903271853054663238335592912906242720000677597413917
560358795659231455839449349956837830949582068088161506109398817638086712464820
357881293775783674979927199293674676804855849344360038685314863167552907105912
815396548901455570408128495818314736331949498820950281381688256613170838091850
112515999904688745831548199406815385271054517397221218601109595731499195740970
827641107875298763512612816737964585115497365797258710390655648491652123693586
873181685180681113527108164471311014816609837590794461676999850368471939426580
359973037237777093054568928558527678665774872908942822587977811386374414645121
082163785263181773649241434537885662481813986561993244642490500127208409932386
103837484976469674550030301674021880556996585609953737873259110623493093232921
697774993734743637997091928453082850036209872245015469289755948597454248150868
115814357488270988217765501637283475312549333481987149624059515293931865617159
329171935117539794788845459294090425650761841410336130202306428085481340101980
586355061145315106716611529605926774681395986611178147014666252546619187865253
139361415688101893912909152270358676744603595179602608339423434922700396982484
054328380741028792112079394919784222567074547830174609097003851958726329779711
185264972971863450057260950477315463306257716461021237469788121229704369633690
198485067564177744998185839507273390966886970563726731322171094229940010006230
465359913050364274092125454737087186115802911754417530951294740521609438990678
808438232670843887243478046656451521655996556872956008233801018473610874240997
621962914102152772073299111445713504985424544437759694119833653849800615652971
541743932684413134009444596446173790014143423124103375380388734961332713032822
549858830377464050126087225320302409235644848873561138765111499354122263467759
229301454166974786799059483352961730688391607986683619538189043411969853870096
814943221986984342783040969585004328814161628904582899102670883208884077251587
721008121196924021857498106741040650669399165496509122564227451978121712523069
186198015932264730353820654979512923783695879713410622806703563264095617710303
505163034588842200480419197350975767105184234979225738812868439333247608583033
455065854989110567160946715692083349182855938934552967947677707465090538080806
319172265593973676441459106342459152284734923831818962732351298900928271542945
723363821024973321397961601490067725417724953120474379687288102477112967413948
129939195666650381133986413273460797531866278191567087260342492710650212010365
254616177087514375956225905162633669674747151294693942935428600734502326858368
851262432123731177282285498177573145194332169893219187442279213837742086404242
143195851107090239367571130373784747579938643648431564952300112792516361946981
981764562919833749080976558135260631226622681960542262532664959735190787831177
199122309945382331692605416913382097068453358746170534374543161224792669354995
145401700985690566160422179367789879595404920484872148521401414481179090993402
180260012485304287880233350536516783401956080869996435159215952821175903851427
263757299087782210403556352583588861246545439518279463464680287102463107252117
640612546570389515746704202044460543029762739217135418216283258986861744855618
272769288248396895714047328144875432320562052796090492807566268554995582118373
362399419673429483937986731333330508401230065997076488523706474330595234066106
746162719828771794363489299617569356091274417948558680356804555945781634206653
203032891572385824535847601881457630329396363527085632666520458723230320764071
432305467477839229771231131418089765382739288242077541911612142365818316975577
936535694122124964236776191946876255492141140141427195840570256976532801079139
021785540564123994874830245385797225002098273235632656671287998166352416628315
508158178238070234605135186911876279276726867927327560105778374157155206150341
677353770780409688768704787467081632276534653394448470880474858704052560710340
348270429315217712757325042620528767117959416322275153636003151636596889083693
912951204849529280787533869992807099267486062622229731134213187717139424956764
949787005408107443791603923675852378245421522476597279408429483873400333393444
908069902187646326884952263256954417720544629775940641251817995720062162798876
035535078071306940697213950518663464886260434862541326449572342567977261694411
520753432916048376871485624892656880388464109981652944779457528917435459079281
737054330347660168266782872906617312619847427588478637636142114766667343573667
748502546820305920471876123446507479091448936085793378187792699102209909468132
420439551877023842810679848594830446547794975983095738837122099242108582099391
259311618169305552534510439400727844248528541177641577044568704717956774391304
614977757724438263195194997554528642969847687610006284717612991653279674620737
100059045792201617054581820721379285245591730675962493786180961667666034275074
596137289702979700307132669612027091422029037468000751582780538209301434429484
397331286845034470877217060008140983864022275338206768951288662544567133279419
008546925339254589443633397157791908908054306509901805967890931142118388775108
721426852665228354933976865146896793178904949583013375233414280981194646252728
498615989438788530104832490709523724353689291379862936936814828949724756039435
694968108197060995705848006231088462514444063187363760394166324840098124985207
020457506856659924645949332514417122588259951299888283394460192064932914344920
264319948805144534176588013910701116528824797468260549943263520680414836566302
033367698160332457240802293920886346864705851253678118323037999242047307004998
375786889285738744236077764699924058608359285285260791217098735447240284740298
891798847531697259058489734830551655771210270990382129856354114717169207457539
896103933271647308958838056114164194264829747627615130159919626441278499476749
019373217508815948313155873239053854352970467317567979849399619163429333860235
198312428940354771584566606061353257600100670357332999384447660582409060473059
506507964055363193489697919229391699095966179647374880159373006569658302392142
265819985169418930713667638634703337232300069690839409706887792042556719308376
556834097478198387542835163697959216076425789322346487491712363577652381718405
525412787953772407825707544386878548574241017618671663597032946379003145774195
449626098108034612560996193622909497789267140307554138312349541810268623538683
053700963235149744843976743760423925976033443319997152937962417985485676062196
888425666166707155660611921380084341244022366934599675926010601467852433785153
839479486120562153460950947966581731471364787881569424578610890101585821010569
041688325311437469748507051979129964699928916943108191765386518781659552196006
637106522073570016317809669925804087515169154964843882369891540681427810273141
044684714103737793183627047063968940038476690021825068444931098052216728224154
875022249475221947658007470730844998332948712737624333821881307700044412181241
533641194176840494707074231975155470973039699059674203972516587670937290244680
523696129007735073701126014924927833284231301439425839618172103678498856667239
433115426755710221496872791690026480879989167146971314287753511412051505822735
580068016343692833727335603053527506532843530573512467291247848280598959239996
709826146126017105567895181942400154153994610187014588546942768709636783307474
884562752349838633277898647629629847676152485713029793683639183878375191300835
489186716236511015806163064505330537754494112526461226333959961308217351953352
292443804493191234822460610180743685425734757765187562426901114565160068100042
579537605703096185102364396787873764754402165731859821945648346494960139327204
809206714253984233200729471159669974083711337083407941250605302988204996548745
148860229736439876814270069119570116396956137643814235219537724371977841307580
084052864417064232861788938439020060451629078737427812138882304756475732481233
800374061298550150095107627922511117817068067028905836378785699833820407526410
792297686077469554714867775846693025288512747375219192666894167060467725250381
782447665736751220514641804746492119558706360167776367954149650681511906990096
263255429676752876606521942175443688822932038106910057626114388781188784792361
977208200594051144729858708477636552435884570138926302217596587479241613331684
856108570652509114984858377993110906011593468045224202511248664206758291697699
535695763866204092569628631050420033033164676786824645244057360118242598721483
139417618310144378634447797633324965805834432736162724800527666615060649941099
823859313582145138453972443518756597168974029981001274519074744225445746637673
866848768244018738872097562748506370689740990176242063253602185204002638046051
612242657492572673979994422556567660216687230567603035980917341264893059161177
712790513517163729987471580393010638379386239711795096906791381601066072624657
434863261483171956033967773183681178313548273890859157076880678395252473176630
277222412391574766236932953715545086130716465419905137494453938047732858396215
082540697804152791388734789334521219068870746856399778335969426829613477947974
966019946268369310736995252189116262986241969264005809213899639623121409979380
887413011156557854095673783920408731965690044203696137166444584663273893829838
550296937636226159328021707731445685028316383374533726975576622832272622058463
680125938743330004652022807744511100662073337657005905154122288269933369412760
680543543588707055157402832987602912029656439166487156156752976622898952934004
079950551053909892425734194380438460376897641633245828371518632601626010050252
519977173186374977968033278811870750700292114870829854509021655600928184847936
956603007886451534789520175178101047594765037355763785158240955731618776117416
361072602586797645385807060145495225571341561980928489707206542236916667420273
778991794810702663059553969123556600315352255489356524791810603114975269074886
096880141763471674656289150513454934683579989363973470357478412759805253360603
670190084567423612780410325910816039314792288439697880399769833269550600745168
425705824280734355972109689339940639606322307129497747734729150988076010655779
634842227690869903301974341893919564763141194726581331996374277533614825145189
954602197288813278688410089569158815401493489648621299387503636059918030632988
153872021435098484514714925697247257932001066294782023405589195115050659228876
685868060633822558687338872616159487364137246063234328131917353778616899527976
771981448651783881084868688932486625356019249693039348226564520691097238501753
365662973633360631107213763076824249423244493744911671687113824368643097986206
233659072123438531242345551397880286233155225177163758392272473158962037419937
946349285087833260388107622922368186377128655296422372282395580587095088788770
972575705390189763993252946084534050244867299021613582753275217874396760556250
395482261908991763006944474691226059045512183227507272172471945689164531524635
817500288597953868484620905598246029583034939605404721126277608034967888616167
985499162274690394530618670572206016301256268893941619641259960103124613001185
807290337789948853159261046298043488620457527171436195843026318361208202572435
927432277649438280887083890379215680450494963647750759667666487726456201709410
349025569005686624386383995844023216764601619951702801108755035963088390159637
764721271801521189886565083358146012156281761797451412771306580724161231829519
462144037289904475380730571548149414357075888377337716143960782306089561921447
555365449211365361079912866280159179062688786151662220389674797266173497715270
048189873877279553921030017749288860772599412842614865588650620074256753720597
367216379443962351769381270251811847614546848211537289892807132899147500154886
896253989204819134908728457840793100919211738588450326535622744671540333934054
091193863592328884775339373640168298937665598145563602280811864875467776718149
060681860967317088889286313654045411448711055130053289881682005125656323226826
115097873076683585328014014460192147983063910256244853810817163290710277396863
568466286983077729131190583696605288820526283360440286801014278947970841914390
946113503246086619188386810559719693691329124649795929494703205379960021104460
592893665115036303876631476911653953290164841780140682003278138498893290998320
866600328747170733559885401491051439904085740434592230147071315666004176826896
860686667963841970098935149715922760923389506402297997583010025586336188859158
003697332822685559435998064777773826735242050001461317979705678710352794589027
383578231989697932419096243416559959269549207087306100003217626749455350184331
748151766629478080740691747339548716586978061169602259606857615127323719575426
585796662095330410024513495044378068487618838297170756023955796452964376414047
065535436833064249075200826943112929223293317555832948018113754542814571043875
480879081195882549619584811795141554136767703017489057238153174733883212047125
962098086353506906277689647335977163977004812585240043678769503308004339232562
531421483300657768630899786815614871885314226551478825364120518677291417590697
965314532643535940927472368609428782290941142622489219224159097330246458403461
837583612231322098917215609267016458432937779979466513944252012597279542024118
148739261293670361539300397340232940581172751670661460128294768745844399901227
185206999888518288716134952599335457917898998165539664133680562497876532586133
089494670275654787627730984349667488822097167051971151262078834729968283234981
669756672732204954697326365978155137855258690302273762139348576103388111646339
201086763047113182156063569287770991289980304455883631849795268345898080229287
177327838501688325093195158712877052465844986467497191170199117297214892071796
378742328968183330253974408425261187781532746653700618869988705426643373940773
164881218624431174088624868790845771052183459281621194868742779446864404122518
544199983719592608690311100995359025860026709025737693590847214431838667327868
378011696750105298600501615470987555662895737516950841816862630308702867853025
476155102953755534281543490381561554557012290333743719127634772170729533062514
839600318023012785638584021300166026784416009592157465982269872287205805587423
507784411317155283016993544712366894742351284549483722501495988443633264240060
655713380872072901448197635077721137187887384917275443286983443635508620825983
998709263136992796730912996911326213422208471434950034015150428895211568937669
220566855395579537169525911295690643291366027166873348764996610100719953803085
221224573519991927935354938238463404366071976279033367063841400770950262724326
374215298205514674531589388790086845296530030716375998737898310947339737760701
566594300586570361623660291322810457331115240706589791067920240131072134740017
551100853021802657173412188944835670450486242505469388992976484539265158996021
332744959320830153710886826871345185824330865325169537937792203463769884030977
720801952029527355451241049648674749792544944786680666590384125046936611861037
259793470379074909313893276646829560669336256308268100641562990940901666029375
777474439960136735305008843678386412107262109097338161412560835641578869246821
556703678428276565412363467215178239336493894059453330127347194089881524027724
513846405950699794391276227801835314678445305868505182736734145004792237949597
274657215087533395141850972123766667943425806829637637140875880176730884905038
046201733339112078514167365684090135367010798504590182189463571664651272020914
913145996049596101992065899041739342506928907753224764820080431945074185076493
807833783558770457911284271524633095298698702222866409410905702178437139508737
456340556518556487905845606044003037586715038059750787537100214966604084070169
340575849129626231382547381998730262719308694124961977130046406802433431376053
319410524774204321260102803079206143185391903307352498293576082729842773441584
020208986707801404887795177912807065224015325783105651527145027747026593254829
214867835502571859734834226221689739607289939016016514995174571252488768103481
494757564563415014182220118792103667969882786954611603805357243834255502456526
701088379459833067171141261304004523446352346907553337471617035642713177278802
914991605789442659083154378497936839366501435392738645007013518613074094293209
259128186624892024277159677719553975065248254957624880452217301002813915461176
990706878904411484136046838144406662164945124273146803936608162215612917569358
379324759666298382010331415404147092887856157848996612301499075269149046829726
530645665478513630481145497101789319063056428223157210347128757103803872660257
023306162440318854053827576545377591520893560269934830508993795581998815136260
975623621317173430381661401994488170720108756334949507620985110066437359035115
721765742082027683613292542664841723235654212073894587821471940086973337322950
461882837985564037821636213415936954710179324934807487607610381138750066714373
977335990905092935460000958115676045436836060545224781856683591046415937264551
273356112038422925277543328726163547249197538314763639341175083181740839312471
314826029101037993578652559456587890962468440776179646879593410503908304453753
923427127723961712709534934479743089440864235269931578345270258353382690448858
798684812812065807412462157992252998562232130229548791006286898700416498487670
952872906628627981767850808774008636814899381168873506768234674818722416862885
314220017307307480516078681647910058194254005772539281772367180733719077273308
514462421359826241642810924523166088595860614221561682833960553826581643951316
184706546941759841712585385204872526009553695241907608675485493063767204677117
500521902246518766545982789857586263639714206460055448170763917831741405765741
652536600432254889471372287206258953530670245495286217184477894060842087058278
