85356660088789225997314902602495366126276383012023
13477929714205139724774169573963082837456753341667
06431767838082871814766490765450714071415428843211
43402088825609164166795447870067205484762732689522
27958502676709227456348308512523133076090486919729
90173944483807003166522484934674574891185354061099
33194996526797950927889242447163922674364191618736
94747010420837580013473666969161619732649851538013
52852550140143073889734055843478841848607595531552
82073094583177966769998983812223514652783296569310
19806453623929285018168842929611232322931957989410
46094575383155266278041575026090919617825820072775
89957741799902707589379914434469085177564271044694
84996467444948824837456611892689701617401449593501
45712715432828098155330411002882761183362452789208
54389114657648174989868583029720000490418566202401
23024018402087412318050923235226245808530968862253
75963231350542618497682518058943008748858675001024
33249764403223967200210548812392845528311753902789
70193914417702000279086566248186258682355029834884
89967771398001718518962779414098346906531097658121
59452180702462162398005253658455871036053370158392
90576012710799774231834331539406675196143889162983
72372979011887661854646407052157532286584132890798
67840633583802455202613640952962060888222118937717
22739756398722481066336170890017391744338740041011
85628624014648104427690302413766592860664890632909
07874114003038076848280509886488103557541144037424
07581033638454762343620498395587960713704039560147
45455256544843482266130889150092104784448857776129
18274124588803305874835370173742588298935608656518
35704064917015915862466309824256766056757977314863
91507415973339007765159305512660802310086471273963
23345418283849242149328995970830260211093432955356
23289739680490659171170165445696124482895008338508
95566476454093490447322842217805945922319242711711
44573368983660163982439209752806686196398463909170
34604115453672543365379240509938549237216524432115
27194196840019339148858031268038357990578331699972
44881105235762776453604797074517567944485495159175
49680552012773287759810678318180772099573071405164
90204279840745026647176621984341912146838952385237
68712396408059696287334039632684355594197917834554
94261911761069231346347944395370505475598824717479
68964491239940251039747852926144311125928015132707
72037059440280184424709927167371733166858768531115
20852372092821246022481043642101252355311646820069
67532377389193098919490756735507797388483492214090
24167206580784542653495074153585913900031556676133
13043484613817653437079377813475000312994467883961
34217935906484049575243206677711682584470072881727
91580392136778056752435674006791960261975497339200
97724290268485699032514178680461462372042405480463
14580703934553764705638558533648630768050394367003
25282690717471704221124111088534235622701928740592
17227178857897768632965887414576318250733091889150
41812396803396670787064861131611508171026194955180
10105176059013980936919167210052845153847449183284
45235450452708685430532826980612334133670427971345
16068483890753068456526943816624143000765112247639
41518588149548192961441401602347142420879442131257
51610609564884099582111185367515136925937298820007
19021791423900277971067037498348216405825719259021
55897758191535120602318407625349190277064384910054
63586638325234816566325830119032276994346562701492
64262769577229736215556095074558901161300565202383
44729977107281565750177057384440066485810382406507
16296170285264460928436162865780023919124614918455
26924870619512192851869302181057355871538739157119
29063362848225377889966148069536441765465121451524
53518536248980044145318470582902436370906436156016
86079618945060731381076621995455019459297894336353
29944667980666368929420697101761154043176166937026
23769744658550850384406049359248155869585151119512
91409835291995563315296033440826138112196559512968
56819675518193214522423626119661234375700512393135
30157590574911781088641025720372378066040477085873
46472295971701775740917006345310172561159526396671
11288698238728227265625365867809850494055569070025
09281849012016302382868559831976556473410116683354
10662882374648329435671075257871769986053312175063
68056037650382475547064951633072531459393441073269
20234393216018690578196995454347291032087594462146
05511908495113562408772492547557912485451609627321
51647372007756912867788119243882135196549102912824
05948648878047973261706550702554204402705592911414
34227219780363653187297462613085806628641332459534
38313296074063137743322791790529987051998281233495
30261726964257899440873765102616348401016860192275
92530629714694793870021552856415849121672965671405
53486505766187542384555009072254509876043217275989
96638172068050869144800766950497525830477697936352
93186976211345401405581734626122170490835344328453
45187224832084561584556809094189080680916823155425
16786179228496418201727584061045258591486313435671
51404396468803291657453998787879588736494694810481
54190037870917137131491125856073688065791770823003
97989971322341945284172816780744220280761918817377
31898002037953344201459002295338582264834970668742
61217686205290055164659032884912624937843220916135
72079691601662727053262764667643573827876399912835
92301611644959954104212760505659012253372567705743
40639662478335814660403801565383309651658476059566
29298410383019480282193861425320344018209238602556
79620596915365632634982817164680549764739666368953
21589395486167569149307430526427039512863471852618
75420159689141033513943562859701542298953238405617
58899188541989150963997513693604405512030727973429
86493271042630328622162545016393227314408641566969
64069761014519965597206322505898877865771127240765
81425230243422808827511502956051455420382327507295
84912018151600099873611812544130695985525633983242
61582307833442036489087457485011610350562394695624
93198380585729562679795209836247968159763235405910
73234579567490023653971571002816481863115961706346
30775026860734458748710522030613000959958654938873
88440996564243274399380516308268594596197844155193
04412193262174842991576151852981384200002302160975
99569915046084951815879690296572773249552325573311
94230403366014524589855212036931607627109047096894
39201519313830984532954775640266416505540054021917
81319301355751618694162951327825447470609134603563
11080579458456743555539237106734780171589183882417
33867058287670545272517226638015787265736521760806
17044382797794481909256950134757496948708574686623
16974928965976549905849376950463799727332540828122
36424781242918760119254159544991787783311083188020
48250607308208691609864511164831094503574336239573
33651259103492058479747980086950482815386936696404
00437004680740692989341495309249111367492307564942
52285009792754906912221720613351069994463813175186
98693461224281194986659602417752174000703781946039
49034703117578313766363968502126699015047315280258
64966379712010425514639226109415503938489298578415
89016752585545275173446344023812096560799854251746
40870431975366715329413922438144210448786760152385
86825481166425661336250751796127820269064710115606
84565142952725803823034459197005315536129708011332
60779246156197120126241482700280369095662355097635
89675316020125355491881790475631489363679676231957
86256173781235488046279540044269690977315758299460
90460466611114449215778610707960451836374304219130
64340324032346638284580128423355676028077853254233
64369511282817469339352247515121628141618840423067
01531784832999279856596399114344532571415123846074
19043359635853543874223926296933611660519597538951
31132797954768904194733010179725676005046615856451
52653416855586455047108461737405863764914100987062
45682522882245155499112009074516351644334212813397
98590395073179891852631581852665880052124424642434
02144925037455881267604625399391434645558360304643
43776941955691577486624548092091143430755092482336
04576276222144265524132220951487073898809505428687
73304502466391644152887056465804045923448383546556
51488323956150381470848331319503590133878666882048
95860937133229696499730684862085817201664368210374
45034998371533637316203450010135737895072333428635
17943609674963702296317848891674498079051730868200
91453552358334903741871541327603414951312743523126
45153399011616540226933406933684027216018362840751
53237906164062154842747080572689012893236501400867
03878645403647125935799395259871216978597274843278
92096957642866040080786102811215364870835693721863
52733194384640042440544038737031380145350914876721
80210555918627467363874198369986005235772762543302
47604022051751402446490218867113172182941509615983
72103786837662573790050933344719094484441328437578
19929410401699206309461577059003397473975716506732
49007238482737210666008787715099099160666523560680
43498021853280759029060081247415882719889895915259
77448959833504922756107461318163076326018259567262
10229878826864420333989806292029806113059699219489
45082886656898256007385516455079856581534478873960
48825199937477968371463773363871910885732499192796
34859569720170397076690521298563595554002813096503
39658863263849054725297389847924662041616771704423
74474878308966743641447097540482375421178474119468
60026129012156588818268074143739014469091009158724
12324750849774403934282293297843914847979820264745
10931876278863305110669544783987709309868309896553
69665856898421942255719684274307187220016331770937
83508787934827576703449025337813417834249454747873
97952822635815381535560842282330477856806668076298
78623147631817703893501353276146451727654118537820
68037620640166267005651029327669085358620187798298
76759970445821898878863240742225404112128603698895
10110712523509642442938313285848936535138455921184
42399370736497439375629254107610199255599663376711
68503271185979972070423686682123346885753619846495
67413386168222447162117909301732398010074717051636
73007861306614157258319874488133338080585944153531
20648261294704297543038557397639866357823419133001
47134908900964026567144608928195596357874255826059
04723914759947083186565958852493375276046429561727
36420346319082191458773676849576166327019719774257
04023397248511361935265818166221877098176498919256
46542587058151016021070982509718456847134615075262
91630298752636234519679052449962465129750394242013
28985283982996542927921922214967730826827214588159
67435765669350770774162180898360815265179535472329
50811327476176143975236053126563708252403419453532
91923795159668040149350886077517218536452409210426
17141154825674882579656133061180820858021761597405
33490603975785910573016131260354240798704797722900
37856011463609636182020431196242277567899994461019
36493966904794343099829995949934737328044308628796
16591063029942421595644678215257233949737921634723
00060528336138635793444637172282971392493904202445
77220634564209184673963640151306040142218760803217
05843159214131143190497779397305730857894865915420
20426646264648835131000209462139022833643119322901
05897740442154294434623279924467578884376046697231
30876656840904893924377189894710454278877384476435
62677595175532581904911926234991290616675822364529
89575622232815064904269927308287039024392636722097
34777499323592942918851410039511668210394854224974
97763990083415358989239274966333327524706969835342
78845430633765843581532122544924692656018382680837
96427493904578285730835051127951752529651961030505
10316798250947865274607869634186763288101672348172
88374145771390643555894125668589944304628822263901
33580428519859157453324676421676356770643184944485
84649328850302299267436631340654477327922956469276
15219374223897346275839146254678614148588159293772
94573145184156755635437080625706646887969416628284
80865035358610515491123008302383246394411339621688
58206217204951910453410509532529368791017393631463
23138457174033649655886396368115289968235236844210
36631877527695949985080408751426085108528760743811
26653003196643384695405773906601628851809239616248
44608284594978502848298163511305370343648641190751
02971464004833961376566191727019827041310506991766
20103753398455301691405688519329257072401524607235
45336363794840150760486697262957040291570201105199
87448556797049221477904406420735490895261199750997
25770225725483268808576088003133061402015614374413
49178556527462973789675493795887912158971886651325
66584787454837396033835681251997027159886582512855
03584753129783839890158027715922087754157403691300
61247529917976737661559448053295674260362466934563
20826525934115699525506502327876086238691837208642
07986630722815561255032155075996426212498928371759
01181508374837359575381163057847194212641778060222
25465544679933885673915756049430118646208467093854
46965415321949128363536814748932885159962369266003
63115185855983712408580100580597505859615363118344
46893407769815113240527044700782502573623549654102
68359748687352803935562928577551963323436711556782
14163861065912708151779131533752368245300755381445
55076167412715252572762559755423102628712627168781
53962419080581393061295428726829738261667977778411
74115540713562060292077510378575388405449704284325
68468278598433057204131410636099405610642406919190
24932101373146238938585012063432821678462283245302
41730444305475292599654686908127683877743799145105
55806544572730280803971554205461011552882488387252
21541370414106500739470241986111418112058362355149
33861602708364467739791755733969754278277241842524
07421688338012184199732859486727053058044317323824
73091867364557910185121771476420024159113366716630
04293682788948189118739671202409709404465745251308
94472360480246719899625177334884651129194181449160
48563159985106843670194028329934305381852059674290
62820878219944226904457278397816705954848551750499
04715606609194334100078390088538231451559534939230
19975343022971494592226833596399628858417730795574
11208966734421722122264733007941432549381487878191
69048008547684827115664087349115099921641608011608
80962333371791714947111926333105735884035508851730
75703590120997095531785584069356284593607390470939
55105345101677469773585324080110991417871401949378
62432225945559281764105871963818663629698078368237
40258642628075726829059773277974684092840335297464
56747591265501887806747235180966021633674255314800
17940531706153586146171781990082554046598907844336
72436309691007400169489456577108685302145888056502
96780202921766196518572825570550742177379562308602
55704188086886827194166429579648690463144083158065
75874601530801943065743573919758605433959109008518
26555929941264264885765393617012218466295362237828
48020956683561220367913669693843496550329768982025
34544510197137057982587849770809367756313131143087
25899781032511621080233620470813718107673448360849
38463764919080978016144495683343662321932127322848
05805359562650159792949148586514718423140054417215
10540906949562430691974361166473637740167830109318
51996896520013144858944249484642995409524178128349
25358860387016633166664494033252205366581572568415
08375741194826124585418676864791467576737909679999
22051455891209026762306354656224446784475006756504
24410372491338774407508618720049048018803001054629
12369147629981245281942313374744547931000437532510
22719608090671435190475038179168822541849174676263
34298793149024833173322419873074072460448536247441
60797394334423584206436567607850872424914419065124
69115784512080535144545946767334889888822153598226
06656049449546462802088701142484489422908869532463
04882811487964783846812949217618904437666558180171
30202101534466941870113031997184491614775117304977
81501493081675811173595487390122593858397160972477
60132448339921883970696167336507328803263117932814
66714407512838057026002194718602961768091463536248
71414594252114973448564401347968927672009493519482
50292258151621999658054961727057579278765741673403
81446988970984472143903347283158992794044812679516
27296094692651888529252289377826062567714467485641
38465163769835526127463504841356567503475269685246
15240365141634288277004955699949792195539017986543
05293924016264520116547349009412013323808111362028
38285851690406903009147942935598604495249702835046
47931802257735461233187985334656745288684418269462
75742052494382450888402268863812744710535589036130
02566518419880740878260283473436604878207020005633
54165769265191824106430161638552398991852657889213
81366015404254307496342342177160032695917059980484
13633577670580411911787125297932810820080800103619
55832895973438703160257004285584802809666286180749
43937055278930997090784169980942184976330615595518
86426546924127247854564790923183059402276018139233
95080182275895528146689929274837439097580305439928
91776989784612453832424942926224168972227009231800
65852866390570015396338079960704682381913106002508
73259443609994797354623668412938909450426426097496
69094799237464675961069965869350724126490687671741
02080118393433227180289705594446010085264643427005
75679306729409884702795908144488178191675586802632
08025489421981535441863241695526196542663696365296
36367596905231367019294523518796765902494229899863
58234120505856928600215044794035565158865547744289
38536314410686477337390660070271854151089915031587
65686182901505380526980602352038070105515903874397
82471107791632020760677859745742608336436982000015
47157353127013727525376806781322106472486268696484
16697615174836342645957889702224358484035609260308
85480026780733638723972742031919646839667699164053
12959455942851247063750647951259026532311339479791
16359548526581614442142242415889247153559231607548
15225268545922187293015512519196025945135629959070
06138599486569513880862202753027246745290334130491
14453349553201828925195690135880594396259643705170
22439884234043914692683734272656074678229581763025
14793396166566408986607850356887978287624665662418
64025997240614687690732619398630334175499342163544
99490082127428425747107524917547293640257793889303
21039447566831161408412532458882844416600735974722
25298083956428642363756266166701564973581347109067
23928016620743125259411135272386310290240889741574
21316022203479346967866091695309736645481823192800
52606808634547903170078053057371857468136455942186
59236228710116896239732387617839039064243847065674
36492434258678776581287604369470016937765012422538
12826841066162097717497025570914686794296594782765
40387592723786281415435376150487493485626821093293
44173890755355886011720696053869157755833300975383
13543523159987989127738643601348010332924983202675
05668334172980131345765693346388167607423723167987
74096994370723203183142854255560061240976727720936
71717188276873169401423920752119917355944981849624
88366488239872370859977499292005989359988734725573
66222786097617461911205916750619799035833289802659
96866703329663645654694233514963005399698656221493
45759931274757546530243255006108548377729901520934
90601680656682334360668074800105343690294647771079
05871556676399600802000598998632995637889604507105
31236035158510696056487725161100949826490761574435
18119311488838196795586142358295613841607582920483
94639518285112495023581680798335703497983105637354
69437267774339464071990102707934121228325761174109
22537103938415250433315568342037119795308305111701
75182189532016451310098004366414622862423296111785
56362827808384215430589480037784732160250794659602
97436727161104345375730392130299365850777684994710
69077650908390332139429024946097140503218098344430
79453788414312673030024682750737886500821859835633
79735418484757274765164665096856171195276715108831
77425169304436647739447837627636132774923510762066
50480899548060882505171929829364477104908091635173
78357904815181549725389801640087686742929959050826
23333339789976721385018177677993569143112038782178
13497779595123882437676072487099662142943818367028
08622401951626774047920630112603316280797080942084
24412966019638781436496013276884895038720001114206
15455144264012820893848468779291322981418618737698
75107117674016914490908732098668914751739845186821
75489523965733685541640843993921400864693178245429
21141718514293018567863035951256244092706296078107
37464658878268339590139907612720603312107893115979
15197516683347816163890562508985169693191146998376
23880488181531418319305152196777357374117953050128
36967086420757179844136367368885536366382940999717
42779113373634815119945792212938027589535036128675
12718868922940779870882880154316811977823822997853
12958484246477853846609043674713916135683293629708
77283245933873169758941307794681033670032105425263
14922857261182575564604910690212981657135446288399
90653889662213085616000575764397245039849081514702
18300706132448084676727827899822686545415423834091
09383228091342988975345736825147880129569282096666
50419638749264962249789812884208233673281057626296
57584663958492062328554273762160271483990934987389
32772995270824741768139451050662348616487267304862
38392441165569120540014128388771044836685313089367
15306183895635173652216075077242415326846006270619
24653228962597676595308537537954296184512640291037
86082312706324440273001397030189290463032775075510
78921489099834004182882281637150482116139061490473
37221006891500498986660360649130244670335078072130
34785116148545865597688008042965336594360786638539
05448306094267634531756095154322310668857824609347
51134565470093714712709414954794628330932395969308
30455266590599728846104818503063314611141659843801
13885049441802079340303541884794385697260445997115
42325378781498032022899312391110056904904559815066
31383294453701973804004125323069687878284233607690
42065786536451226176597001137161703727283501665419
21619928276980371794230177333948575619419482733292
53547285725985977212498336958302004522602592615862
84808964641304970648687891644255724267297109701400
98606838184459262390234281145086659336136256209150
00364205700388623862064893669610382248061475613661
46642272646177464640328670935696313742200366475198
50370291756383030766329749226235517378247714849792
50850749299668315297868739099054364808710459112860
86452388322685236984876767294264295670486443625627
19288758177688414976588111850369804649616613313150
90617859212657901353757738306954066257056731774535
26236285541277377151788087911560418435167340750168
22291403913373222374395863275478425426970322131993
91887502708263661210064480294390916153581010337545
83800699320447796114339315763811658378738477088800
42532743543078217698482172958518525821918878468297
31538491591084132654516242900575999390281705032070
78724456890567886571511873946967466007722198452853
62259323946736553192575085818394517649186652596923
34438635944450946096540562791131342013908629843169
92820332812956587351874828165762842404504466982189
11663591623124749201359921279610141673258058297825
59978418482867944323428511500252450328829607537405
24458897460037431621740987466289018566159764635136
06109830441299294975965487015551232011154633628690
26430422874338387063629362516873555439560230096378
42979276038098985760274732137306522811610678965819
72383134999412505694872591715042582633913440316536
56790078256279013824658766954617110834960502678696
38361358074504078504144302315074753777092860506793
91994096820651936900394747494028975696466289109583
83026370178141903181540676621484838088074815989609
64777277175736856158510597339846527319576767381520
47353993459364763546025199395205945031133108441619
05848418953074623285624612044327126361053479607774
92548797206577370544041476596089853397534713460352
12477605619546945033003668790305684788281161292863
25235615332230497169928008358356548590642136476291
86485412400932619392031498448160917277813568791928
22814088057779129428442234146446416436273737197601
16973631503924234610097425496135069641501764342794
82760404477195979664822513965730555408771240024118
76315308813109011854148157880466114915258016303061
71687076489605844940373177697230552116705846709080
28705038053917203767746587663926634688165498377171
27562273594723274303805323112600383023593897711013
89168307785882458708264210646839232229652020707219
48696731969328091169033269816004976381674472356506
62617739373689825435145173416928836854233635417948
32373601120203742655703121304983587506684418790358
68673892815923835123678312679705199310275108527270
46262736485229761690896075588229629527108638316179
22449289218764244295217957805492345409477608180920
34969795204190901381903117598542850345950826401228
02443894766404170845129478246026675030866984399132
46481084570949366559502188098509711960415715486744
90553284676880492083555175077971631106496055346550
36439970178746480153871557845027523726507451937037
12587764837390191495252054091984123400918413997281
64928673605564818856566798114606686433141233360934
31153385397991652661877181838110296122059224227323
37054890996259554080080901298932857997103253310563
40118526474168040968265715805977817665684038563855
57974608621617248552096042099387048711413124617828
09263521283394631292163954440122941418665671292016
13521902177558860096266828876081339125262939853771
53830168419714816464258860513116313645249295551671
62766032594588796901723439765576245191268590256510
41885580518171964176772531714654175479506964316706
71453148585160124666331837646780355586914379253069
80245868572427235852208813833207440101710917998978
95397885725012364390253393488035823145471958122323
85956542851623481432233266729232009300564609940560
01845782358675981885028857856264496453253987761493
78041679421157910744490229993382648367294843447780
48219331974569110246186933250413800348900719682896
64597528705115993390146334597539879848096962502128
89800778349517335005950341286350053777074332439901
41488568178895101749913234208017027099519734123045
02488474372803674322142026365179634545990566662863
63314578278322086117732154026029513855497677653888
84274158427563500021981775644667957843852856475898
98731004062646432961331031852862351602780748433353
