29386396780170876306670094979979559373562056831350327641847011641410358024364812
07980078660492401125821283665571745330305004359025759534121464885397868353823264
11963500296723843234207764304965555550495695627076341116372838661581231036135056
42469269087500718914418665876673308162293702295828808808061168059184235700216721
65911397720412400109651167624634702734491784677266940917082487697883673974955932
61067633518140025472120260690459326133712378546315101224886023638946529007820068
28200068341514544682460255104010921824259946857962015498076256034614830358558812
00643637952758966873104260675570544832816103447250977559687611140424515230155275
09718589557761989955725092877284202954540398584749830016241663758900170606732587
63786239904882133621810291937142001282835383827242226165727337310802954100324408
89326996079697792633472210722271206492261064577033107736461220877676011491506850
31465166854816843809844974168184427473113124014526730157508654232368728894324674
00361001477599558148482898322378752175393684505144409034576596681264977087087379
14702304340306096852389148057967093780028002373362955252602318487788758312955745
36401961390165699482235043451398540284248781584349200433008197278650205510368031
06957884221433616363444272930830417075493027372585589761683358987711694369861529
86366857095700801646891537655843830828041362541948042403845704755528849902703846
05103403348640630636400189993264374793616857008349025271807573347640419114223154
14034680427432216089201916155189747922125371258660436610274467461028997298779670
36936487670054570259821467336891837794480233731678122349656138816258529356681650
90882168828744912375813115954749194334956634506611625724503227791515648846898073
75712069354108096966812887914329754140918673045895215946023948952959802222879240
15051883457955971124437424475986976461383260644331705015197162301708954742223276
15685530518987863327864055838058245599936440967888525942834625117992659038339390
41945850160104644024959796896160616613530767889164369777992682015148909656701490
44265735906332981845126935352534089476053905586901227200482722528256230703633228
53158798291074834190374898636190517162260987511759618145393818762968016244998195
79783881895525474506372488048037202715380748805830591171985582303434117706193218
23247457471531216489041651113302660362854913456717311561227250234421772809097436
22342407277653091936393153341421476341652197566233802596799587691010135622049099
51352121575048669229512350948964779707395476935191386298495365574690992035286060
89625319201863295479506863344075876909640069775938131369509255937108329889132507
04161798568176021503704501465236114831646402527557106325604188251140108170944439
01656674503828253480782161853144081294777461827592783210460034602717542779827550
68516966197769300964966518517468742332773817267871149761556806833044898686157305
23750262250923421789207226513558458454024475098034277133479156652577310842302077
83294073981819076491674998868101377673696577572508201697721173623905526897970755
79828252372362116373484773267291758596726450293732121359233821956761003905607756
51466067723228016975229315805050564229239754124780724902790796785078135327424962
02334555866811139600592672934699238839771874036840590687507159588289885160567205
53908030570220107667402280000303760833051521461145110465280981331772803110965189
55652330404681444153456835685867706526960074195677357997329087686347160918985794
19990492297064790566589841444163225861248260706307308813015018155433884881726594
70859766665070625691139920663955907938958798290947652021619182779569075457401985
77177370354496434651772353451178414451736978090322034621654274923684239513634245
29488601012403684591564959264259332105315036761670155562361770906377734777300815
37230014361337314831992122799194852726338946292720306740046096737399118693429839
98675405276831300477923221130113978286274560594503366258680399679729572132949588
95850415598948978629030945026249951710064982461990603966178942614738557468746041
85999830071585664871562218831088176534508851630373831626565626007912645147790243
76154129583270435175782603795852414571488392505592326582311865550407831188203052
46450209730381567224201766308901234011185960539798265599390994201987714226567829
83789242564817292973517858252548891240030599900183723953550720945345127961406431
93174692320743216721509936643054333675395005717830477581510260108189131150125801
98972207473951388034201292598330605913329888749870962998276805110793112350986476
94996452748806216327695014052693622822792444236437738405928102605970286983337970
28729345233262869974907590118938525782505111061268262516599959650224707676145670
32134305440005426254801528954494954600215890549203342446633593126756615790148443
25910220231868128747344488383077417597082260486520215822851812617703019470264164
71925973591295678675448145272363095044735345169885249397713461463159992383999538
87293390912549576159119389897966538178933789009553779917669031049387978567906693
69100682487429661823595725274815739565737906002868589010551582616598834655446115
68192515272320516011683500583803779830632701583383016326412213716366420785452157
66648084593667092074580279344707616763461466377952037219792051553960232645816150
61066457342708473185128445722581979721314650215241985103597226290894789611081475
47445335954006591886854070846373380598906490128540370033678171244784061626011799
80562476152995286780697963143188684347081168864682317364928902021103706411977499
96023666355443679451938228698017383456634080641715376958211573323227068804721506
31502247539456008818741913129054495293717843267108553368566156110998779644914224
15537367145734487821830522680048133368732874003469271084854576279112802317356599
81112894066916585088037354752114179731412497364376328920265226802990758835466188
32950076442572842672005569246491283347784996278782191605785082905420061928114715
92502962580032035600676841903589945856010624354183882819624321382576052870373027
12605374978564301257743647515533156687241755682840900302511351435992699273910939
89811876869004560773124585554778264721282993636134148362128020706252841283640315
31188721584917340546915758103309596089491225142253804194362162184246923807436440
16750899904739029923837370346348379536306615517878720784413915498335838063689846
60732114484257440676015182947694382433622923156139559697823128544137523801796791
82815652466213489933974600851306411808719814760550104113066450289537356722825162
67077145843443539094374050073053337663269070535452159656826880315490728462130112
23752114476231710866053930922525344026020917600816446385301729731841935928004126
50661097683577763608118420009741632964538724028189463635659328770810006778130520
94925584239474293560177569715939158804170575943748982782760226253620944094391018
02811935433429203517278117062946545800138547445721566617202893313301909407132603
19969565368116762388692748272162323802312514717726097366045294241648497945656420
24948862250764432658560731310517090456729135726427774773604733729564538667848002
24787493653583929435086707258803679075671174361217929961967220320887495289249920
01805686588441438729961250097857637536906433705941435777608049975559609337041426
80086428346908978332032490473025572270818026731387594694025127627754362161567047
23648881615479452191766465091690518237342810731488601810712361919472860005842369
89173180704182892154863819627882458418124367855323202109668925359040579391619503
41381667582704373873638420088716440209407446006700504587633339712328092829676508
52255503959992998380552110178768544059615149320006382244234413662990345210492837
02142887000431845493403867769523553726708589499376436377320164405225152941854240
47261318197784145547243740002675575876645918056139017872507374294393830778777601
08479603671020182968545262546500553195903332168107793667042395564654246679437499
97344484083107908073164818059400485656630304224471067729284853477680556454588769
11470486055209693048509935868834246635224370255521541439977476591660976300453409
29419096549096867906181146088547240700277788667506430250445129144008830245324033
50204693596402771251995159933737380428011535295474239395609344103473791902961370
98588884404707184037513126285977722118244771930851158401631251744549561138172773
63679807901885809936148667852084653828011453805442043239010102530131378401766408
09907302131349171031024364051563184076936291597929424054189709985648414892897872
10220400927060590216567904237670983669544535600546151573752512772811565862276432
53045194677260929828540453187448763318796820742751819955275458192505708397676526
27211055601212015150755003746535013133506597954911420858983631426655357490444634
80913444281643619984251599442668775604255164115922756515532818504707340514720915
59830817619724147072617360143192073616306984336756703700188859590617527147738629
93261150948373548661080613180537847566577738609484728346474809610113744605922217
75429112378463976652734927681094716679349470083990906098265889287032295277766033
81903167636674040899649366599421629235708168908206425206681313717733022113944949
39258383681353493381426621549178023182408936728825925198313804870034152438865718
23467361155610465637335671194391935675214240502122960445082011985750470256923891
40852068078680857381397872509531405525121810402753779197265308940242924066933465
85500409743091335705824283099411087331887616194617235667954557964966393182145762
38311151443628252633707965228206634576552043281941446775014448543750598107993406
47272319956693099307158080568410349607945862993207094171230920062996708792743616
09007284716776679950655437133523436945993280955904639814168485568753219071785341
59053856915137110573369424733669793502084271373439977750026264679349864814591133
09167686251618488143559116249941679430782823795114147129491468159188086239546070
58374327940141254954464641376275511103330893668460360776398737971319599642275184
13833692656211476209118828621088807550421546513233846642463122316889363477568648
89002629482571589079238556823335648432142006288614831665997178159045896186069070
07267093182404964908571457862323303151574761596136697942251048124654299945825514
68008534350954023263420847160632655492304614247749126333166663187722731373055030
54063591946188441673709796454427487825070170393005670472911432350805951194001467
55901264254947931378120269686523781234989443165734352255169388479732353425150664
50538791401310778715304008480881750478102368796330919153537467416883968779987048
01514535532305844217528402515636206577918582317461820765606359199164054352471752
90441949509208750466519548978886432974009803635726930056075379678696731689282647
31898023760524444173534716614327266216382573997698474191161802599267273729890224
19355375870409015144203928500728188962547150442050055270117401116027722801182470
71920027997882624624783175437776954152989461690637412463532233825033684115025958
91516966168884037248893020805965401073642935130464632900925605362898624828400803
05487496795222251974918372784980164780839312759558646822016706962551190976386129
03858234369136725725835630459911146777260090126746143354454044529935817454980939
96219302329850848921167941368363502443279934014071789328283115422448177280421458
10797095302875652581608923604420557873481121053453210281788936356632159536298450
16482098013899859848232336745465169363857636915618659234003624699650104918346748
77654319655205743920776553313105855842628373127016976284587539864169560952395275
66603601076159869648764672709880999338314632687195317894408649319960481446433687
95893856221722563269270696374048261516970958147985770138167933215486323467771115
22349028541981760014234590589061593166798118824531564763345019220146975127968244
84537447501460927765996423598058619996650245347285739143078255796549273068705192
47335636727997303070449120544273178114580244257471735270420283385542797926583679
91806963864040277580802752451925149051125712163072915445424375001376044658148860
31549629765947028018631869171559760848888896245810651911979038728898803036388343
17142300745919170293935634777449472681280430873368633190870200522289155873180548
81162297733869594315847121284129315655601079158911590496515229699577745864988084
29621444572677268580910299429837274793672651521289349195583732128275282732324306
51502630134822265957390822660510045535977018596937964440126823020795574970233996
61913532978334674352167182073061505362218762723425205441771743617813171023864078
01326863552037098119167702903150638924024834591696169477336508316049457997116277
02448808511534684849919228897558741135688101248464036622629538232144297215933362
16156692634809510969673894618087859636523220549407519666980428089930673743146297
58381187063291804254813543604572920708916392996701156622885046014117779952886226
84308209073847078381125954317926526792245265964533614262405848750288208301141251
60597594652515869285050509668246565242323709758387312965016012168802734378202005
06302720628993551241565208414027951937292903910956761265593187826861909641650752
84966512598720042180143951694666204650425980551516262140872753948504765734335030
26851359254429016306402779839771754240907768559401965297097000673776958057819404
33437150791490923831882230364070914621206945171240833333424132040516198815868471
63130760983731165152518778119095823717536472143131432401551976584369824523635741
71728156806087069670764101756384066357006490173643881981203595146223754922524424
22281437106427291612227233628558647130976359011860378635346838937600878123353171
64842714636407055097906680452793773640404787457220537349840542840549106525796825
03107660562836716856504091072098094974715583275048758634453011363441675990873509
28816269895267768383924616327940281606275846384401444916960899256345720308504811
90123933896479453309599162095760926774763836426522730724593015825721034457150443
23079765087751696513019899728483656356151321261060190173040829613708905334810557
53199226179134561397437229210124244321134368790172704417711019774147690010865044
71944390313522643417838770260190788142817778462167230409302323921776889816130235
76961417387132282300915613182890081367476362971800006283020423010449991098709611
49060208865540421002691303960444145746767581122306143758056350322412077490169026
10263915795238528808977102816182983834528930412063674066125434153357640447127719
22963735724588038636149047681591812647591769199064061828029911708727884377039978
80562056135976745420713713349674998831832880247327993697438987503385437912935717
18737835981145324327854940257336381918387753448526031535117227375439859423478000
92479438416306917936791802570831308679288683615600805029176395545899784020527948
22799862543225399133540124813034541275757115638624411682719563140867288597707115
40186369309814038798904019782145788177747150683595099550999482534956657875505183
77746203302632161867605226349380856519827648717237845916707518804508936453176459
59278808393101568999148126897789201423167247887340628174950573716247378069152443
85456832548592684155389920316509189397807134571620559874741353022281585837458369
18142684278129507723732335377842642190165934757790050615366189146149804758843924
64029934750784756912405775877660897997318791608880598550001024212856448776850951
85539532483734296261526659013491039501015923403264138839064784746401194853505406
10136910060184521605227776397577892391593524186468379878190377443873199209925011
98606189622325634389094345080765964827917049200284222854710164783842109669531193
38983712265580254066190644367380376574518394681882005042740228492252204425507951
29785486199225057176225010958324867856274911800530233994052064390185582702178075
01023673476509606421914136890269041369790618810603354472413993100475464031654367
41412194784579293698510690683872090252052684755758151991542816708385543028602639
76950445471867824271388351532140851047267333471467548484313317815253927108041812
28591828621382096545757447560944194249448306707696741519007618862534058287617676
74402595148186369728981442510384266973148442313425089980444805672847600729478444
74625808124570042853922103336076598857705992792667901320503193724748016100886110
54687273110000638783847062629905901935602099255070416224133656225211785109924429
82306111308359641728861706576032259183404576772301667915686977203895848101961157
95992806127223639997204523746412102941213843639735140904179985470328446987128667
07820766895573798329045414819023370835902036191225773464331410338884538982079203
78078643645488921753273125158698432783491614166590683485575100546857388260451133
88544120849808417914689125153242307745889389856690867724463488811117318857432980
34850579527387063866202007510996242086589330312627586709828630289570164661808155
33971589035221865588968545812938504384508614742064679707729383689857172520490885
92673174851796015564885870297581364135794587423129496928738424383822417542405601
28032580924060857297715490562797558650004658197136500404716665736223472388517038
67231463880020772175805610664166495809231663368107173745193370035355903759024451
64567503256310145824745343593665010779194088992733144383512023148256371293800395
24193012382758282779689632381555242395573453255984082565466693181716916896420415
78054311589230870428928011246251054407313497767905778779476514778161780149012222
69479434707992035337781013417709277400937826485437062700726014548561148138898560
78421736882647066315557477537147589931870030705328838249831279787242034189494150
98409905340983799638317428431479973554931040750721549446008676154727109503048186
50585764913824598982156951655376979872252712395742817142184880271442888068847238
56696942098584964335825646801030010209197321186085849489480849068579969641629018
86643528746524483067222883514231377932341312021893972697416641288738208710281331
25314108746096200719453862129567946506184445071581617522290076026175532663252272
04506337930819742553257114327079330038834149798640455010957792024810722546210400
24699258194833331818833747351293096276433764511954940148645485422571368908716152
43093038193657951481979763991773373836148385924322440683460667406933536466560540
22247931347520966548491006011001029827498986384540036631368623833064194782063440
39684723675246846882268287520806119691254751975542379747042372585272987463226344
61829111566055267807181043136471225859288561459821653413213920270385890168124774
10036793914089151184199511129340741713153877300414520064358164519563161088555939
99176480299366136639817530554915084787164722728104836770277043663075273773989251
41416646237010346320036665128893741011832231207655519028312138623613221806150179
16251257964421515975106356525050233845099245123629308341414530871906109387723033
14736821214640313309879058498424823565256444542579272005833881900372117058861975
85939677362306723771263587127997962082594769889479810733933870434785410602312055
72759270385253881027693998249523599578752671302386300758561274179309506579520703
51950435312455564815577242163874587829423489189997993351874247575297144691518460
40956319835996892042255760171683175782185791131505862077883834947906526957952827
45724130280745047454965544140557900850555831425327068457057822478074505858214193
64496093904088431945558424881828343168656170904459161282770049812408003431384724
78682353933722534806518723352776318419229687212242408620368529849702825047032698
13626091209739117693528962089122852511673202391121025234631253190275107473588105
44362183303155668863766125783276984520395966097891283506611990093139848967757032
82371056382515406013970514975673288863885185394456990233431853086805508250472831
16216902824201221114875900845240646260473821421834870263434567771941758681112425
63462914687889199286039197524300026086810336150144365374857108539002763804428563
94104758447675460168429671045238391951183268669422650361350707243404614479845994
88277584679818619813900543770453043861068543555666833814290547493184179911934660
62506683717418860199065828778921601267680263139765490692429681557998305322756206
10219844938996267067436698351637828437264967164180791146287250297788554642013579
40845433384632828359403822272550321000924811136308546345991981817645946021346799
73644511574161772161598423511955794475995079360563461035406982782075582137066070
04099103094519598900941264149364716082027582814765683534551860857624403482536990
67702530445830845427107281622423493622271923621216627221232853359448197418793785
29227499077951645133966865023452468379842635126530929057664981345346621882276949
08135387558926995762260787768561678231922008157343084930395401835748711897235754
38453832202421288070400870332959160702486598511668501942649368132221505718973684
88112172447932558916053920445214370057256666398430658845467993004469927318195698
51233315282594422204296295855476446151739679627371813029617392179564528396738602
34604952250758089585660831588548946953970075327300924475900454072202847416290878
47976192316892021524110898664494727441406137443551422828162271399794123155870718
18590697607429784266933483001153138472559583240310511756559470398844432140930915
98011176390960071662111534158798554823090090431708334699632033105652685151400110
02486899950853026245109037159388100803511278408386044806555283696142586146063950
38876971618353480420985682113672433369992245381238021127440424704897060721860580
91819913298848737397738512313985536163976549010397399013175016283304173120976006
85425486949161601266229139945454769655823755496796905220290608694443298052852031
82324088390354236908584973078946344062180726262479181152577744562171630088629164
54127279800577367990079397205223063720693834446050849362184266719917484588635613
94166645607857570376582810589706470406578828227058005416692778503542351022568158
03190319408634308078279179727745182740741635641217326527735998527137290387261292
06705929943809474546103542930593985851723357490651518589229764510824811334458060
35070164859617869707351389089709228624030621898203239015482164428931608161097745
30097911893127253261111612093371149540785657580053094026515528450471948583918864
97137750147661679973450577574429938827657959625520302342594471783435317945615492
82943161719384469713002992225159709349183174615667581692371747506545914510072554
89481111144709906569236354351884898203361434771458744223412708714868166647250247
25733062138417443666066932987381757942111445642024021601858579294579004756925680
74996888712924433143422177396814212172280988994233712176079002697475748246352150
49760089700403762086469278946936958851653933921361200155682701109963894276798160
57438049702395360978858942246697923469356108841593319689532915275379005332906658
00962570719694085895332362251881883140987815259264536314748208724045127876449545
55743552179682171262316852731356586443228964652409786726631932981109573322934393
16773894624620659540953112237266947716854414688468090288424771309258864905969163
30821719840348571653738390117171429742109263575184668230236446721726299611993714
64864857274184537661285314064257809434338364346923610418876046755963476303550380
28853941198891256775557689901089941620580341296971502756483689921316267637347180
77113263980977700493446750749379939667567809608659208289473616371035563418420278
18689988292280060106623864229619863182711236950041748246473972872610097643120236
94094962449206998553787088191132536879194205113204918802480931481090654663982341
16110221341976447308889641975492915956401683093271512347614595569538046022009038
29505034163319160006207490627012357761145955456772410133374257179217872085347469
70589533570730684669228467558635103616946315853391260441685218612491807602095640
61262749035771467713515828270852458409003811052393147059449723794909709844023452
57824082546004707861084078176101469883542215709138626428309173469987737030596306
84499177536089293907534853224709369284788856505857133542628270544589680906558937
93453193593189669690323848887681016811351043943352277839925727921865120346686832
62169758188414681866788172216514355909823825826582065701372027892824442175137340
75146901789507141498297650245385604026588237989139987687097131774017462261663997
16375503886322255360825284262420114966512738543105629791784533199779808206442995
79142281392172689322028069202976049007920603203933035937479110705985882028530879
53957493331737126197756703699577031799363253939730638230312460712588819989361866
59826985828034999896799090296433626260585794993424360203884635956936222841077942
69064037410557281135660368806786126278256753965469127859706054915952587947017116
76114939481785716113743091894182397327511649843762088986252025649421283482467523
58724419576550081001623949751143580154448401798015995665000046663600081880763159
91822749204060032768265253993365723176714777250555276557129939762485726123418950
29023825345939669798788370079504252761191405766521962757928881865345233854962662
37172405488694423688299302210157436404977356891179822529877846312637963276090957
87308191288627935542167551524587627272704512365717909508986222150171686586233281
40516342516360383090385154438856487896819863769591123656377143632211438221860782
09659714795977673794497402498546307975117518193332843545704186728081468810570330
69266427488414851067285383557013819354638040954466045072430623548578152971960423
76387636153930047770629017694617670534957755529039198997296629009552969711165553
51858712489732892829127967646025560828377893372660861972801029769072898193589974
46051996680260314107941192629376502918283176738276075494321365173554041736182220
60314748927809161769852785961212670142114484858568698614807927386355469680904637
78841089496626062635564974913441368868636728545105476272244526348638272566316023
28446377326711257488338049684255469625634494663770160918282142472860429438590032
94610490820182541771103131745714653877293406349777058952789744655466982812360295
71105117446942531003376126729211977892505762586759125328923328647874596660027042
92069549781807386425697507538019410854851215390302631150759352953445533307360808
08412363034701312568330619241557661829863376883590141725530540224752479432280375
77319190195519865063092478713195917258021786966862464228782411363661439906984394
77090433571985422605679711724394906746265687441053467887782956815789973854083999
47233823633927073961159530725928459918738600535161137004069414487531318422663526
07604452657501183425719645464742180695000544797074381955920979549904666951622244
88042169737198040962534706793908931458047355748483141376982597044711924311048649
63536261868821402569559837059324597883398802155364656813305873352619290194420417
84369265210274229358987427710182351200850763966696099039330987549297189903773203
90590228561898159468235004754118928185894277088855491168125399105593956833390711
98135820515816835732824830964842814859719488354710594940762609513022979275136098
05594235953347017938382247341797366881237805764506287635248693731830055302739807
69464698825622609106156288502756602899534678337062415808520135051767435266775194
37852259879432471110761031011955865835068827391757963010283214559613704477603909
56908571847618400706276059687927891081667526368836752097579936836811436594687877
07810416311930127809829303539394277176344502490494198945580192146329939491619329
58504399348611475980591010359631480313931673063635146991930828184255102362100850
30550909592096413835345200431232175100800912782733975872150370877373510785895951
80646169795279857075423957529929498768468399500568341055252304538852033191786715
92737109227317431513211918737245788942005308055114293431406047220280458101334335
68624889411283925873605810166232420893619485336133450289805768644368836857357048
53876109034016429906808968552545085103236365837502405102789315088220109059752555
06746910838554547869019390475978063839681469130023104124618463755202512868375417
37346295187089811332654296468068724168649935747605999400909009154103190581980321
13391687719513185367902947090608395455069225916381368910603088654566450662759283
31007468448051274533603480647421542776033192143860210829401434999726320397735654
69880086055472737017481839887129073027322010413505163077781345673170055721133385
05119384221577143033350847396320211985794040000959304783896944806342096840802266
71459753068012791085295110240165705963836383544720560519243077938877521627476739
11844557557410404009571447043204737585456849984577606830151470877106754510634168
72514262865201056410564548073670659456782477028832681833346922236522281895127733
00341238492574306308495140122487970537147206161999825604136381967568073801661378
73340479293292644151624180051326845013840384312582460621864412707683258761371800
76299670827530094665653174289021755307231547525733110706277969912147842211357371
35250880199592374056034093880381028522093033038406870308244059301224821984260168
18004638322892013431903396086887795535889206595332617452834191488084042614373394
72322627647666933793298014861919824114571437185784342042990055122746860064194058
62262786214325838882735942803113879695872474466135788269491560021822589944734987
64436880043920597899599904301073717647204105185318777534412668126497544092061513
78163173123800215208410463075731708975566078138589856274552796816466743562936165
46391063752075172112278588510852014544293358774778681426341389331031857886951092
88660366116305253567690261765499069197329807608034050143258348106888464046900201
31117907390969666902553365263805844289343617186846691664304829211822774156014580
69502053752123961076938394623967860400698863366601088144795743146891473908172740
59345993117100960626930037581974680332510050682635924845900637310606278226946441
69217737289199990069996887253815525042496846654231323605986699856805292085099960
04985975489964221012746078805172060348916478193982547256741297697772252450983369
33910983059485219015102732581491177756746096117996769467927150963407603268442168
62148384922148528427084626291228896313681659802796465898524354504936628923508904
02481349929037910937816926652206975347565949321093117883110583583672146371393270
16498387860911218332904256963530579187555637705301980715908594574469699389629174
97691239626183906973094631218520162085259107879310624275499316724359777501719095
53677829382206717460583549430407096084834851770833282465275405321455572180218315
47388173372562557921663942841578928635816714447535517750444822226016855944690839
20731072235187037819166718442951172756289431735845090652725978916835604786576744
97146844045428383934496222402029452145132555902514012253078495097144211711296001
50286217364947622956261001504526975847037656862053458654135785365026291838419424
00599299426537013262122217245636317851121902869756125686503862686974620671820659
44257153564816354004423616241364011221101712785265409820799498978249007237065110
05889164905354107897845745223257673868353111011777066025142360004874498107538310
47148634509867412653222242414732068871407483184085720688757450474804917975318344
06860959784774220897660274732016568436531483653760478271198348913854131056385116
61092373674506163560074027797245514295996197282336429598546811960440753081152657
52207587278234639272056700224429900751108701016299718982145960919963487667396719
37697648855067841775572463218071300981495796365943364638123246252771607127884109
85395604099470559092543682947582228933411377841880988046154935084706685392902435
23814830715428996885341773418614601008021603548509345228024846464290897444754416
43028077650815054017765440737945364804882666638227469509743576622909358410688243
09225567515368447090630438912397315725287042773714915245318470209415417255481092
60054910572557400621654534480942434976383099272635551690398915065857638648332301
46277033942255799832462151246458662984207161464156778258807200319967115240873821
80942180678647773467105156886750056160658853425237903165271424001374299640649306
77553869250920396260326430759085846318739485532155160971817277790871246642569100
92870532153965519579467177199761352496926809643656850689320780003185775796493552
25054225636634890532223066358485202185765125283019847505712114142348095982953005
50508419666263031329413025615650703937584790630816167342782891068346335524006072
28557106969525453589812162195458605052137625806010003297104419918709028781145573
86489257107150415502264473031574971176151833550216600393073849440620969251372103
13494230210489649689564467209369378250933164335537984080359424837286984839437414
77395252051868315139581727327376133202168638711488142017528968280848378769385379
25466697510036138690020611157586738866745767789365546577840314463445044681057045
23353368913856554533327016936378610047320772887746881727761887556949590629358111
02471865927174537579372919027039577040430516060661220365972547795797891729778721
29525567142277312233967342661468379144798095787022069074439332658996988976117107
59523817672913149264260273972710698344984963139887848218224581446368637409345378
51123416751529341384565216328611425887861980926469767657228436256906563456789269
09154235797744468540199271320339978659948115381006031433344274846645414271858616
64762234782829550344821109007541336803725301881563298344317127653554554720150588
54739057769856184533567742033545530977758285523536061053943233883856781396707146
43347332309834906722180157620920614632733947719739872332925667779518837625626199
56260850015167878470045682414707048287830265442735652926119378780275695739557470
39835914959064136586385207638535783848908788943239031718334823232695813831271770
28420110345447511428323541437571909674598619042381676432869784687002157698178093
36826068728062048583170599476238840836817247672915689403007061151639627521231318
08953323168996536907611409832545122744407841071348552163464860023618007403016361
15053205972762919204475646054271337707978866327941420044815996485082552942402862
13625117314540627124889438496610214745443981866261731428090552825209051640830731
15871770105888230194627474406636671449651111425706085996628487403071874261229639
65835262794204994933635926554016613723492015211395319986658448967260497280721274
65301924600254609438148635385715633521587294388206627612353440485848044683393117
27629873566585670644878455745642033699851549062314640669295585528421346162611232
61198790332526442229840766705808235921329604304072593086778282138974965816447969
58022329974697970541479148304025432364510478061207669498953757743405878836211281
88992754285416620583150267897047683388722030878831898274249458373392849723429245
05153559465620968569675455678120281790756435109392538803602760050284929911620803
73125123425305275807321596765241636076172459732274344123705177722935083298323754
29363105230544085434925422044271877227239172459594498532465357011680754701440541
24443609048019959983347492132449440741959946457661424855648419044558711662512552
39466762600762790197817217045621594156813783800952886743376790363136181710020398
09414669867584168027502296785472516026676852976159026877382359417244196362628315
04613926987746235853741738137685321156963854931326088044357859760979524875889000
60936688641665968845157125588550983825195988773692198181940110745682538274394422
69436721926589457657619263309326793783047712189988968551732075982294441468511986
55313211831078642215115471830558514640394643289997366745924170133653050089490629
