77995906834774702767505878740792578452116116506773637419862367632570123823083063
45567531249776361644510174826084325619040605190994750437852706348037496839190456
96671451582500440603310826717849451214181454207252674357913629857563164912295356
52575246255027416934392567692027538218454741185699668414415597296826571183850898
61938368229700970850907252207613046988068506606275261164452971754490906679381804
47444366261107122337648475839515610499684374560352266801254005945568611714312254
03844258441571501198763936859452293440069566437612366429435784436607078008703587
03383312565341028345614540868088588086570144518890560863173566257032901401846905
92688849531004233197162962554645306682564012480077922715419438834400976400667435
14595757178443129759726035854606986996900193393615336560605285504017062602022117
49103491063212128734466198995144195725921148386437639143147569064963735792774815
20854109540129793862189519455012584765325780822665395121172789445624791901695140
74321034552114050613197602522597379901321479353739831348977759229795041059427749
18289050246731868783701885133881466262901195476222648407312992794474026994458536
13473734094958214840255363716933217104236467464713327795805723167138770065928323
31925650418371005459621333682443981840281541363661749799798818374599657119467686
34899439130859368269617857851457222824255033923251117339670723654677647066987796
65595239592242735921753154586011411956775757924976924234462148731343433217407587
00272876627043206199583132143503228299294498502167568686563089408628722867718907
62804566335038436946694478168093037540702537617429626452483685791827631861385020
59841229351128621369683491415675270799860500975346195842662488028698062200473793
63517410532951927127666622736907138905377842209412060750478760380289257691051538
46833504467596784504652249062711997731654308592151466518632464875499420812532639
49490602375552640758591015806126998729758225836153369824888187584593915792588193
22121928149644199347603217543399122494177314433315965185267998594602514012997123
07229441030258399194134096858589893689903317041218864817511703586075249032541291
58334546098959001789915349904187117329202176304735062627930087495360027714940879
49407233315273550233776695057266203837442235566705592860084104207926813622900183
25621539119599592166508934576933649202681384993334705764387248809611010330042627
74597056767423831000314703600376283032631615477830723020946571284582054743085564
89093564776532680341218860426627736175980545743400270074056224816607965955958802
45064543774730332874455086089562608743583597115284031418592875621603386356951493
64997997728254722465539476170464224276996667832352685567221463030272841478425149
12131811404500161918892742719657472024325447511368781492159344238151463180725057
62897621123609516661612165443972319311073492085903350984225759386714910941945828
16724156674343287411443210734237207557608023016884033279481011832791172608486801
32151228131627066439703311680855718932963312536628028530056318839464800934990717
35072546982478563505757147505556872931891836090561068057868300207048834894967332
52185195676143887188522723217391507103716795218259211477848257058255267132686255
51814557226154628541210964744210603108767774583122568748590959221728298235452562
57986582633567564081795478018689664798486153849206004216810891232886660298575705
24467045836413210110805397360029433256008961086314614711109313788357001493883762
24767078560367792804604371165063085866910484648597857425991394300087411609566314
73036296850993930597298495258349164245464641902434678759364725492336691114170078
25068474248206924495264895827866841662385940749218640434007470257123706279780524
90999854161730658194057148877020634143963326478733867814903692360893826749508589
24940007891094101926134577061503355666513762333972706686700987298246102784644106
11347912420085145056782333943627584438759786571873997468909739416350074469149413
76581329860818107099520208466852870686808421762060251249636771798007829986048318
77908153732004115349290260802796237684804720226755721781753911485597019147066118
75594395215045916363366550688896520166305571231142458812935150603088989063809656
20414336332963674748086311249942728065466268807475696189363920948240212414942425
72904286311919124560903594537721799415279501365473288393801538461026340741470532
48673604468388368203399508460692165789772891376056062589578551676206202846071364
21691918198399863137964939227084042468413989047840787587353858847424987071524840
79903116069624123974678623329457990339421327206203408234704567443113021524202646
35762683897193761390484615772333402989367287950425303979569146502615046233553586
23209176730791361890605479710138129151490575357626800586368284199269143128144782
84519352805572740399033524984235406002643719725230739996489566148534765084412120
88728290118605433222971415467431801458349429889613344225828155197530834790453510
94778675517262645312145098380519044276764905801102712768880577054759692695120241
30944923396609047849910225378530705695415711409964680869459683156723123658417724
79087127999545484176278818076624883406097109390258076701451241137067676844901686
44733270954395476931769998049088016551771428258484955429886130977449264429386323
50186074623939249967210845334211378715345227513168213035301220923781871192748716
59887684008632823861972831642144402061905864003188388510446324953601065140562679
54859330120841874798753860127459326877991176928729667348967925538374764479359815
21333456355477144701920093189784887635164377679668185330466914884351975920210328
94999078091834638767261054828230196496105144033192055942181891295143365983977056
08027001190259333560223970615695007689121585452780907697428178636591275546670696
84054005738150885903554487760384235805242968849180664655141507518026743089083537
30448278152852980547108797894990661673724454929498927872059320087543216750378953
57912134431585603701726610074429760690699113244734784602372430696104509589182705
42231049550133643986896359088186079159985310105891514096615298602687769355530163
73250722708777507583200972261200677880064466475607796252978718710082269891726831
49854472986190896462307234648957835505096887250986462966735606107266219859434341
96041909671374366737653686009282989635647170734732514704969506739679959713965841
34596274473540549944152882171829907950647117075207546324433440549354352801063185
36373081639371889767554204415756444476552797628444685216011130244286012423967751
86218307249554379285503652428496734682713504637152156232059646516727505591488384
13962508248704873994841833546883174761875397103237234294183989907909429868527847
78496945808450736834877225446898349098849019369250651518245068096498245407562201
17368254666131869209071151343050374344443558682457355128233602650647554538485767
82635126251158397204361763204163072954548801267823678069351351924828683666323310
14265162789736328689664397034123927387198790494018195614200189762919200584886056
46804966627181087320957917911503958201039413731663554155202166979801390863625426
82252690533440777074642553473607592707680504903301509751193747021430901030234676
98838644684078389202291784019523910416621906603031237682969302289800072464773420
71189071292296560136276750319105894410489611219970138899972709618729927347340093
95654578619597069326164606513207392995058881011618685608798307440974033357109321
66345285098878799282108444717036928166885229108059505055946890260665989431413973
18113887947078454235337513208935001944174225812058097745394940657758707018516716
58013788883856501102843819994724785262912521787258807856939322591211567453447189
17498111547145292761671718568704879978473432330172276415471091516807764917716837
42988090278787886329273115031558241209017956008027307867560208279484327793006330
30711661131308119989557622989200833512527779003793788693812183291382601383346091
35261025157805015796963085211092333296096099576295468047343825862506983781196490
95662479550237169710089922918771101227503589913905405562282291499128533456202883
09484750174016248081774762712224740989938576118826926035477824653633299918578505
39065571322004791684289504407242926664199951107268344408246370055426816659239818
02017453498488156386104828699403720749758031516354147991908522276546218035422141
31658126166069016189254145119243184756146412936101819177109697374376697790193030
55310914037535596545831474904545575730589408810738641826797585591390178389620241
20788771793501193112069232243747432254825953363291718705029636338636718912145575
39768966952565866730691880841556413424523798890543431192827983663912911517193578
24663007507977935751398008445812987930302976619024002951945611834597600042865203
14961005362536814763676150848726211815184574170954523041161267130801142345082644
48998327929708088292225570232780533469515991293926888433760814392519906749538217
95221745099887113595500241427252919408171859005382876276547220585974962857310703
15279447727796232224654728361711236099016766558212869019418576088712807799075360
57976181819637264639517902381471880617407324273882117828864345339649006248351681
78691096694220294088930426025223865813031603441444054042397073678675815570039347
13935338759105100658646500791132233999530837000513329927458347650167299016516741
66183574995032184857882227624296557533019589292572042585983479200516610846324398
12439567840178563911428390348707111914400440617377256881996815367231409209848525
66667983693712222106216749313857287992665641503587797707185571435354161665609575
27286383637834290559184645161481629857285655708802025618093533918895968293774723
69308278784440398588550116327556397187013849815294508531867110276895042078777257
43577149774807269366650768438253904638627517891611263019263759644308251967215565
70809011051336573452815988092505260802266207322649813376647829820984509300351897
68944023155724207889868722096125654106254615173697220756372914763506030498162318
00505843457808009913065100340349584425449688519184573127415641094904502920637223
16559140999638372654715981607643857926782140161703393011893382331495795327603579
13968829853570452697452734890092203292549112318313625050024163424134863689378995
17389406983642252339859716494043372352912084510035811717343116244472762013777182
08740365176807624519113199691527914729881752254222342431136236420939693375464751
60128915820504289052466655237613986408175764703068614250629516802850889044905437
29663779166668842459495217968475547678201121282190817057317337414393760969283820
25927017558738313895194772462382111386648223577086374566507210140826405743662634
96678383637794856906772070161088343437611316597805199835022094755061342097394577
30719937551805415681841516928984759525920463835861881415631687673754441458510719
76543076853837855449528374779673279584606486653700734458594538294623820893345426
36469307956000556220872928554076159629236599761256504626873740865298481529159849
93526660989316846882413976403703373979531246439961958367696114190402722067530729
01818215682973879444119381342229729800604270479600962432002678558368198072272027
82880806497024711358176654230152934579755531192691883128096968438969429776888672
36326318092487361512434746930381585156226409197063653697139258175145400927653872
99434358732784622413209449965278736568600153996540479540486234630009337101616374
58878386468287084157241852244867609337508939019134878649171942599528732733784664
33033415894061122614552010600772567336716370517273700263603682403429540486330349
91152510223306552424049423234949584367440415982708377136862494859996678351868834
63663799513726805233755658140056477908156029855849860540698076574535930025502883
31444149899589203535095531090126533284567775429482835424301237967809525565735900
63129206220256264353364407078244879032358259131633771400207535219495244372550113
97397299469852363716662874192562068155925213330157827940015500353891467522311341
74341933173479768256709903471268988072344254932555985736818585385187345000852433
68665189184646900014240721059098045117967993984638528555888127002961912348874532
22866565149401729823034744319515177550476852891547641086310533912007353514941119
02052851454422360539744226475385657804137526897425564867399625031349700509642516
25737195805889047181529556096642363597144532042159013998747157787660153025462460
32237014929080124379160707156264106463030715701050829634962955126134584591247295
97817735722344198372661919501117065828590016072632943770351864485983658689390931
66680875378061654583784869549930441610500464398849409946537539925713352895211407
55442601442019738176675953225460087230060365247033926950214338690682845102783613
67333386860452208892880778553054448713335269836830724971363892469030148081488721
42055986685589120474510929486874184310295320582677346984207469161513424548396124
91075071500104294846515739000178982774820937969068334380927248895144949111283257
72737430618193842247339502389029188628162541277609316688451059792678534810991664
84563914887025400477075120610077470581269574363579038431730095575388022127422200
86099013052502621642415938663369319670625892806862072868459338415600731156195158
53620650304306247412918746513698722484443403498214988188246055576266177060104468
20784613092151564304475271107877236043938786714669779737747816650736815669250150
65758785454494249510530378162290315284783524066591016216316761718016600351383621
08044178513400715700852877005249993541817815819699088892298994617985004040734812
61084606447136401437428209394416072219973302106322253499553194669607631758450013
53361152786003244807551390785282335265045620501590654038406233383071688044041237
31810197514661515918374814206772463537469226976234792396741978537337380468930040
26674098250698276013207462975865637308294355051065456533291563396009299927231878
75128503373647087305546744598717265534689072853544968744642708500382054424617975
96619033450272302689595567381260781520602215277455507152602144844901934573850597
34828600061299901878229124109567378822696148623173736157263329405907852135493121
24484873091923766956860160861591034648365681342297428455151281123295558435190978
49717259431995639853160646258589124412168383879240206004087758278403223797144338
88941021989045261685884768747851403622671714078827154259794525864101325060226498
16531296693481079430447798584880416589022354269703075242118282528422615031112065
41578700787372651750699538263817782867652636333884312495278086004211939683979310
15384279105392399114653300473848299792199457380937205656333848423677143710987088
43165262054385620730086275550224569965437059899823281124172315986939119523651937
51881004573391789618677245936231573751385618992849439884812668410948158056678121
26613154224721701648795480120915121076482332647143580798071139013130834898189880
96617715720130642685816322818262992226985923769391856367769538506960443297493001
24189467717886662891887847854294694020683099086486508143026325704085233600892817
88273518937021970985049933161397700997443918311781302737292611384556814979133925
19602304745128331503392304695242233832531023624233849218659738933472874972057462
17286452587539052524125710397650962430235165975838201847536611144915859917936875
72789159230878112969318377843745959467421941295946152764621893494882137429102215
64945139877091060573970183592972801276880236242093476661760644487590315206092971
06950262367021645828240884204208733528543877392885420373469905096077677283116844
02937129040933021704382771370195548171580444104072763234247828869651747327882898
80548176782581841642293648670287038478717928665655350265065689639486036146525058
17581289349485575036593070865291331869432682720086515808781955842778686180230811
19949784570726316059388317772968904423128127054466976615672393701448744826483874
98807632899246933200321517581141858718178835442615355797082332936725401801084671
96899650605468106543980944105731361142342868731975658698571371221045568213561840
34471644789271299632372814512580052576973470602152246666510261264749288051279606
60110675154889686203493075609199307004235862218963624449837586982383940207066815
11677100557844960933941119319816824215718370333727246634765863207353598470712555
92993342785523248042745862896268393562102640146678802099254688369096300300987606
01630835042244754377525015829723903161699855268765624266086029755667555843337913
57655929250801920457370610176053735136120345748798072938221158512933188094709652
79101318350456558306481458262578849616757823192327979617483817307498658489482071
89790806801591305583773665192665995004420978293374689527849622148175389856770501
65237538574620468193480866526747814366932986503684716836727751126385241213323301
63938908878444424201131342426275507180634998084692501319473157758583242982403037
92954144024063708470055469856115551125859409529293336995297537689850801994057179
85484645324742536687462172906451582282424658679681544527019348426357554060848718
36846915308048350708626857452276025592207691226627609742455271530743119909935406
84529730029792259610336995113342301468803754321826596146071461171743189112095705
50389844786295985607558544736389248149237924318320290998161460256938524579100661
53872005456007461249653707508246499276217039310946377839417850984226965475404564
65104266599158913055672248027968630881831504291729805304488726232041426861464504
91854918223724664936373822761360590330235477754166750665535200731664375667414496
75993362420790975940664276586735575607893006349445555221772308517479587323824196
49202162771388621516243723841036825763104727711051029052664539150651838221872688
68870586402673282327196930579871929981473746830509934922180127465358100336532478
99880954485764814670859762084374102819204234045725909137121559986267819463534643
65818301907785140738806110766642945363041646706862117345490958126500594121915042
22889147134876213468816366382666821503545944874573202795167923233768172996633009
35428598541514004488234477076012617709771380031793216858485284900739166552746117
67968009062220493460786524025082306910896057334260495314676297919196675132378536
20880214356031881939818815787478325696512552111344157062265207919686909441569190
00201532935275117306505427318756483530719187295361112866614168509444947915678992
68037980452283029487054627410966313012776753290719902113876081161552781140274336
22279594096206469434926312475384234155757436109833344890348673374035762098162345
13900061315292562590664278837403457088787737192770690028832720914819282600502361
87776555076944041591069183088922245107113878625034257880144022977729282714283455
85310436191000799155077634971410885934112170067082292924634862465613036685148620
18411539725497036950629641402586650303282230898478871386597655069974107917611410
37643581190824509232596689102595705440845910108611952302736133640428249381931461
64487088219533127437305607886858410917952458656087595405293456069363910402612786
49983053312874808269806153666324053898243341454574937160667815002795024652918506
82557233596460155791003105129345315832398857655796408618784665758606523292442552
64924918975911097417354611416928311204900264229953430150005597351494479170619901
57332976329371080886866184611138940471147750561545095516730908436938940890940361
19082376200688866218163662455895440796362655430699074886137687012846081245552387
46011705126974947581443491949210717905891267243698848909144642226968789509640161
73506618787792316379198549309664400015142108433300046887090189957743237948156000
79200019654755615570224271519290242416799261646521493661104463592026026470924654
89316452502491029495108101693015284207322226806281355319802009679343097673046537
33550198604779024870375250023752919023892517303659000104392010004811729432021011
65232392181202442885370603642265124876397074775053771671735576905658723212969789
54505348953038881864272249745591938763738031363733595370948464937856411017778560
76398038146531700311231515524573964312186923222952186132521964368664423899249758
80062123426082772409212540592362978436096755785708256806587380021018368768125056
08042483720264460759934594013740841216272555281404647978933167565137807357316684
94222939328661878869904239801298780571082320089500430049233544350060976272732521
84947113106361403318855056703422419905098410458774618624364528885958364978012389
50420269430005092309706682623786839266570364926778355928097192033253640624500094
78445848154102311035271636299535428195584171069048072637514078553847230376692674
62670006739406128090826151599760064501025007847502494062243088878180037897842705
42623784755136646841663552834726377589288518698657031720539896514600275002650870
83064028221543841569293877583749944004643474304372394154493065878954370259459449
65697285785810942815820719872432376612996175691479528602346167887790361065545960
99901086032132292660775565425455859883890223174107701580647678314692582797752969
05485770048029878981651135806747684717116950609890340123569759160470256651560205
52055219666336089345844636448813247000318160747030566509838093777714377348081633
15940888187291040874389911593266646180360144419779332391049783004577812338342592
44041467841597378695324151239329386387792466447298335105002107235443533371702577
19969136112774640597995967250949271480692976172548747960414674922811558715404942
53462322270378706454804328443625106128298473496636741507493705072131324524482148
48114634421348933015577549375308201547579638237764910598771514327211899807229510
22830122513137904547333361580832727643186648802001956465673724908321353010087484
83242945297092090924298944533566933330529841644535824644373411232714656167107350
95786091500667192268683849770415123313306067787299053207388457524708889554952872
67918861375575463930572711666757041968546546277478029018712162731816942410822499
64109319140141062526576114373301163433028941188579820479083047950919087003352535
43606859261767958213941110624343444934608963427460806564529550104718223580364831
74373183688644000193690732868269313625019398461480039388053017644609475616825496
55848653721938505090446900992622968083285843536720223836960659409921917708446511
85925556888392300098368159276690592866050448198841694544753929040219351678294306
92343818993444083167970358796813437105155558316114498303412836530230400644446651
71093886301073461889427483627371664223220831423275527385640738714755696065234952
87047138637405654818833333546917872635580953186344904622750071708222446184549038
07573492875052259672074105605352602911571722016261599187260298983267817104258003
97170520511097097717419482617917148645518018310214601720509662949389719007199733
57848476612326244853710924433543608771630926809460644356714325524436162407074952
04464473688842074786031455379511558633701104784906267578360041110034270318234533
84407275487638001165890227358213933791037834492294513713653068588307543648867190
29482282704202359607871301063782403060786481202245232916174288379160286006725740
69168282232953433074900250223418739159976266869436889863268032154805633679834625
55468527883529838862264929159825799890364318898226084216658859977427374200281472
17858620672925773702527447613922644315234030331090824087693103328964119618976615
01961909951951668733226115868905291328941325650008302779070143752513100595691489
76120765969569758019926954120038854204175962945260948540690846102936489974282367
54482722837169260323499281158029743027006621758622844059437175725134336952965306
57347653467801208997540983745192340055188282610584124673039111683732053935977412
04995511508793702368481549529577807529298269932610111951210485209225855408119306
55459850881397467388228687896676254748752524897689203886646270317760786273890565
28714582596093179406198029656604680543102647838363286383544027808531097613983720
75362629225315286988195010712803183355107991306382965779136631902843190772251036
43218628901148780790600574700532205955074592772414516657316719686009636936652334
28252329553434923763264205550657109771352897715423834888218797171407091475602238
50045185855481675921506145544898852221956328808089003023269887980524979182027564
40293151474751283406401422789390509782325101351618024505254516838343206089682666
22592594588211536846564635123631290268333337464213673615431115440353896747304519
06956090561375078359520832835998293391554117894393657253468343509345227749631571
43098172975597220667024527285803018406426860876013529676414252380186303075593209
84967696388784772154991608612377350311112954089694370331983500648926791759626743
10633000741331279163217012508906318622143083349339178320390876852507063549534772
92932905579965528753740404836180479677827947522830243331858459500451066861110315
35525374928370027113808592544092301576611893146659766146784994719667803988966216
16781433294725404336670745611842546232392014566153071205325310644094585335262511
50892855684518841274041542683427990663031497521656191790533359247609211911354397
70721131326809372575019303308222678337089630707745112109553355386917995950753769
39233577776885152716621685418090042324941267331701783713526639235715200066754405
63387841563832792451465425040023683597434993983703512418005046230446378561427969
30664583333590495245215243453650733113302032182239523496317788129804340291706820
12835945266267064941548157827614560920330706527179186326531882123179985764277137
16999854877669114108308110170103569250631803263762159691014773598211300910082740
46529888366020577428211586429244204875783198086075451258361599024064434465429198
86515760268526482808294473224654703179075176608101395557524904544667586430190881
66758356891234409963649909997956640780803630991964432065657263137862596684257466
55560007335348180345026511386871350422684555871124740278892818216398111909307001
66590692191461547138151857119948214192595435368435631546911085955020231853458825
11415157134897375774250981023148410456118083167969276838884266940183482046548072
44127709302746487024408846590497558609288867296009761411386658355504835759508496
29504226512711792067667326444575316216298043857385518917132838038582846600456500
93340058334164797086202903955850061733427277748599249093941641896418649136102909
30127880983100400362719943027081159049747188844031769974954520453937302275159739
19098152040493569918928497141869634939687291838895776170800329130293382334992336
42390957491643641893562066457337805455897762002622628714684588653451400894271794
58822142837982990624503916863757173673397700915312212120381297835507563146091062
60278551811134362403986960111551027032177575736883113610028078627408033445924815
02043957958697376324693969745585823132808258337261972056366230022246192699638861
49081286158266098757954709030482914160997530514717350039729391958921552027064326
43954376058265436136822449241698888033258227167590389408054112566848714225047830
35400315649794993655999092300417722938702351818631353499777750348719976178375227
22705105784829306305557352626851349950351022604430435415207676552907086022578127
27887139855727487307964914751908120921558083062426509576579394323796233375977620
42387883528416651207605841452642595754848398931954549904059547954050487776879690
25960189936563753305991847729407213794976134620607725885119341440493809166307665
62739997489853543199206267724283509832598312925032840342429814479872896824442649
75015383523931361170610046718055573279389447186040643416036125789609272233951756
03573438090347490193713899793621756482078308167815410935295278196926537388828314
49655846462511416860752604110659992648721673101860018077094029662795783959893435
38180073141852914939743376158568026158729063764821855375927643497669433128770322
40424921485635554891701427828480949199823869151333027393896641816761727992188512
33155799257873768220625112219834354311226611324954501159059405787395092196083370
78713724590020496503582543942623593811415084519707855230082185914094235154247392
19508168770896925677003069441578453517083182743746427464589375418937772424709627
96650202437004863697521359142392205578123677454319844069056363070812200612790951
05887418841583963318393500314066790533476766108806541654428689705411879707522004
50204944570155948149027411730227379013718765495469836337598030391863238552171923
36553172461908091979792457652773821915848674124400068313954334611334203869861369
74605174540974365194137268759616958714847674669087080467503108256893704673430492
87705562946047919244498260276025688589925844031672387459637613408120116058704314
23579200957536461217752087944163019141657669717423113974106653550215733685126878
79215860290824353076759190031366274794797065407137454844721303435698102983359106
93371410382626724269797279853877920830826799767242434563164430864698762773024872
35864904883020996285942609293044874637103084928122865206648413337790460598951408
60855504272951922303786378546227482249820270074195750935565212363850318304176715
54429111231700360647392197391253386452558949071991584377274247788474663059319612
09866489963317182737137130163459972120141725157254939862618613875182852387569931
80947356714622394161961414761036552843250906640718558614560890785683863110941169
85318534074149637917902620238667361940598694168288951411086982146471581751039462
51534088401442752796245167590109862529958716462062745109449973038789240805126348
99952539538690282241351077123821496902892571513699418137254454748737328406938582
84422640827706283374346575610543757750768394580541601727384748632311137005970086
35426688139671686422799000513516665416300645504218255069582812681867074057301895
70695790117965362255194197133187852733520574480928476695381114238793010258983495
69687146330004063642146727410740939257243937972959783969868421384228452618749006
20438376162795341133995814930084217407549341633382532795034689184767500483778851
92756630224605951689362313392462468373096613169433733957600594095972045676981355
22033814842705321890672808098149636122329924704553937519848958805233254615910791
84650442024487751378329545385300440420683805178903079494544844966951330248633209
27865576346285093543469145717226369360339510464856415884242805631407671755761516
00251749196914092319500090953898433682266709967873975689322709505909914244456091
59198130620648331042537690712559288186317037324757059428220937244313811845893577
53358119483559201751690763578693239286472002940556678642368132175814577775612923
97454589638763627435843194598541918500975006371291399352405994343308319028163094
98577662582905613185862954852372272621605618051434284743978985520725809549535825
69585475558840202547426941531833403232570498690243074106549785677406229590461813
03767191020138428630920210295790930949129282309388288812182576842853259776611218
42782809707294521693701023866524800740740771174069643253897196348111724091802724
63374429539689844979887452120707941285942623550953451331832310407165366558343760
23127279252692996112948733893823879747536608361184524365613682540407127689342853
08710663061205221086706330720363248176463262983442920121465454040716232290335611
55081085780858520936465629579027996968272517573933432630851129245378350503167621
47970094085226459961162882377493355825437871419186104424390225813653818904466841
47443293328212016111071890024248352085961259467068456208797546619685301660669813
68318691501728384938829683693648843417362336453397659374926841476916044800391839
88215015081090916485898287986871266311439809687324816793711173749936133270275844
50493998295039225983006145482704518746426806221964786013959875637656975106523633
31962253310592375982047676182736566147979124578682443796917394380200941072121905
59218078105738504535734845650206800768541715495661511226615892574670599768263939
08697228483420338850695397833369769759724549562781698755812301778958839613183982
98096078526572502452140188196169242244888993785615059598849327900042757809857837
57643878738191096854033884129666769497347873952055104661157438502976299898171249
07206228792388080683955029720934913595455200608518875883535734196446815388087484
64468238151398994301037573993309663853461550811730341535470929623694116492219747
43132634653570619797594105993890404625183723423076718811433317366496733335458639
22269089197503435037404771235282010971873083114953574094266633825704128779700053
12612020834805163434445005585059892398364516872974493313707881766025260384961064
14141252069130301104107937167277988372554277200170643113667356612722780638675443
09150152564075015175504583177694945364716362265136031325606351313279989324937749
56514811029751801445991032857389375886016339854062495920314423995050140872841002
54253640647274727310354436697258704133466190432145351026209175711045401983125535
80564583832927201640306943312378908237492983639718066770389453030717349045771060
43883755873315064215997114563423695630365104158771135881151528124683155606844338
42693946940754549396460401087621847193252132977059233684258049604269838799624927
15106034727519177560904753942721099013981003160947507333689469833938795544542509
31688549416922209580548378146039812538878075285759850533899710869025866269255308
62438674881900826471502802485309267765814026600228439657925638937141851985786608
46202630395741354734595159237685104187591980728521034961991739361118657603307766
74718922512893636258191859214474896517210235033056921726176847467160181254572506
55005088984082858751891147124464563299503105145104452585324087914721285495806329
67252571761065764174305825506449580630746230750343730543373698421495866435129598
35314113939051887713500544391908201800837292042759815420395159550118665274762978
48019976405434550240263168782279402959873327601332819073850389048838964776218560
53631518899708302716315663139190257456125374745049806496005443168909837464112293
10340445676218285759415001309756273342245604821174719219704511549133832856733945
42980935460842320623024984704370322509129121521115395777321290805105346727164194
41100955991074046911625508418797500759009897317157900860782625902080983384377210
11797834811339800712662536839793971543961696866655673985315364471994999564627457
84021198497879446042086164738214344845342606159322524731485892838241244657767376
41933737572558179010295524916609138515347885197943412790248180659045396056623130
17976055667873812345505889471059265951867182593937738065227084019220509121024785
98903933476309043552244867714973643673691348198438290503062353259695706806661124
69503406268808049178900910957605059869000741604642730900077608323314040713621218
82534888499095583688848627772788174346612646972708022515480511886444530470972280
80364097678411584192369874986887586693934670794309106547912533593642005695876302
31223132008405765552441547244300186053126324136303990041728855858989768376206745
22425749004279485858526120749530141419822145155304348077194609943060352942629768
60583241396340397362861222675398359042948584024824540860645074014212919647102423
29739011152278014431636676863835666522415456067102569368405092633833522899117497
49483475841732191121913187076336762499391820128133215914808374957111899829045513
25002948790760609047861655547172840562752563859906676942857074946740591201402809
29443890524828265988415270914285497072574933067166543898910699811692902711325374
67655667794045088788423663940402636446753939064454113414378805137579764139307792
43276705766830518695619663399092655178899822412497039395743242702167213004034477
