74396 40342 72363 78633 96368 92085 85828 55416 84518 81115 42427 32770 09906
45690 09874 57552 47279 06559 80562 79137 86463 47120 15208 85732 95392 19829
85339 74664 28466 85827 90870 09752 50927 18284 26898 57183 49096 81863 10940
55666 56445 80048 84410 33946 51179 43424 31604 56516 88649 67057 26739 75682
20363 99295 47305 88476 05545 14274 87747 06597 82796 54894 96359 30733 22993
55442 18041 32579 31849 82745 37173 10748 34945 33189 50911 80930 04443 18029
16317 27515 00064 21421 57865 26749 30429 53936 25454 14889 85234 51807 04736
71110 93572 79269 68656 41515 24733 03726 10962 44686 29752 84476 05570 73833
63737 82306 50501 22108 26336 97198 80751 08604 68850 34127 23447 48512 66177
70907 99274 89478 75452 89009 05217 69765 39368 74240 62077 23182 28054 10023
09464 89086 85623 16823 51463 72427 29903 96030 64435 21003 25733 28560 88639
39555 16681 26821 38330 16293 29766 79778 67565 96435 53048 45607 78049 73721
57920 30674 20530 32058 01908 02701 43713 44418 99750 51565 95085 96693 61820
94633 00936 99578 87739 38290 56171 86959 59299 46794 36161 21589 14912 01560
01000 23035 62861 51254 56556 65533 74730 41260 90814 95809 19711 28086 72626
33851 22624 66064 19701 32348 29480 35644 77594 69572 07936 02492 11693 83546
46938 94602 33454 19380 61633 01965 87711 01824 40156 84782 59872 27072 67350
04231 82611 18692 65978 76231 38728 96422 04868 65730 90453 82033 08544 99358
52043 24572 48391 12219 51329 50515 79100 24779 47710 04066 37724 87902 65571
48888 47969 79735 70421 16507 57608 46187 88431 33796 21653 23125 74315 21388
92058 11178 55569 92793 09188 09429 38909 77585 61316 94704 02538 18657 36656
95832 16996 59588 04520 85181 96972 74357 61566 71198 22924 56039 04695 25194
93321 07597 34703 94810 15914 82517 58971 12659 22302 57412 88807 26708 17718
83750 67355 39095 36415 51328 14201 52487 81177 11434 82990 33136 02637 60426
05886 11935 66517 76707 45833 72199 89533 03904 89523 91320 68265 37792 24206
27009 77980 98894 66755 97187 24555 55671 34378 46902 65355 34688 11707 95850
01850 28521 29370 13116 14652 11107 36943 16797 95035 65208 28213 61480 11268
23801 61016 64943 56747 34177 63748 37288 01571 86204 00640 44726 29160 97238
25892 76215 33601 65674 91331 89506 80706 27782 41004 57440 37363 25844 31075
42767 65295 06977 56362 82285 27378 49484 42070 21130 12432 34513 15757 49350
25357 86767 99853 59447 80419 23680 27273 65935 44826 75695 54728 56905 73601
66647 46212 55752 50193 17784 96620 65112 24147 07877 61620 61146 44988 99026
68216 67572 18791 37381 37614 01747 10282 24678 89867 25751 19680 31588 51173
12670 40532 58430 38762 77822 38672 26692 53577 22036 92087 01354 73056 06811
56009 03509 39277 91766 74839 57443 14207 14912 44731 35012 25546 07312 67410
17945 05811 53432 93737 28654 33287 33446 25783 61944 81924 52616 35417 88359
00938 99730 24080 62105 12987 05913 90397 55719 23951 67479 55096 16865 43566
35774 84529 62492 38132 20008 32908 44308 33030 57685 05442 08103 79568 14356
66922 92734 85720 03104 88417 92343 10446 58068 89538 58726 74381 48348 73152
96501 07764 15501 97492 50703 13274 21484 81239 78868 58113 91010 90018 24909
09954 69436 31296 18125 36547 19347 12122 83807 54986 56865 91583 72286 81461
90635 41095 34852 32670 55497 53619 05608 23905 81591 13371 44552 50473 30672
73062 42271 39457 52883 48548 89942 18574 57448 89206 94023 26062 43287 92735
85649 51701 44418 61740 18418 37326 37647 91714 54001 33596 74617 40583 08263
93727 89349 08107 86198 92238 58703 45812 51398 22476 49647 00775 29071 24326
02034 80002 39451 01735 88464 68257 74091 30875 84515 96239 90027 66468 22395
90745 29523 92642 83065 59428 54340 91436 48925 34429 21825 13570 77914 49628
98224 80646 77091 48384 09091 15145 89610 74938 34857 84880 80712 14338 29023
48720 83621 07992 35989 50627 41806 06903 76874 04644 72640 41880 15735 92479
53759 91112 15694 30096 08983 44462 96806 86011 46702 91023 64120 95802 90186
09226 07455 12341 04983 91253 20156 04860 27346 09882 45148 64843 22548 32675
50052 90081 48734 53898 36313 56592 77313 11793 28836 21100 72115 99961 31521
99117 25691 68189 99608 70825 06219 12549 46131 12549 07765 26063 20703 62318
97241 83085 99585 79387 41937 87083 48225 07015 23909 38499 33255 93106 52190
51368 10593 36064 86108 94682 07224 55542 24301 12657 14105 08286 12216 10108
10045 81777 33709 19374 37906 22899 89596 22417 34521 84331 94505 12779 17796
60115 48920 23168 49146 35960 96169 59861 68216 43671 17569 68542 06049 10040
90061 69078 16743 02439 04473 34985 01478 63726 70610 56936 76072 52516 45761
51294 21131 16299 74748 18376 10046 06695 89790 93239 02577 61498 04633 72076
91922 22593 28236 17840 49690 41379 18151 53743 44242 73362 62495 58454 23206
28698 92488 35216 57999 33907 91750 95407 68234 59516 03873 24388 18168 36900
07433 11367 39854 30304 05249 59276 93685 46208 36700 05908 63330 11786 30874
99373 96359 56858 97611 63489 60179 16672 67966 05516 49086 14004 34448 11786
21535 83360 98497 04962 89282 78648 69241 22320 80543 99391 04334 34101 95641
78399 58245 51262 20556 11607 67411 60779 83229 06039 75886 95114 78010 32161
85614 49591 40749 29351 29160 86914 53466 06108 41694 64704 16115 61923 86681
42309 34483 56639 95422 64717 55238 75749 74421 38727 22307 96502 17794 62842
21874 52493 03304 98681 66335 99210 10552 03884 54867 60571 92832 95591 23276
96173 21349 68947 80211 89126 23447 42178 59088 53884 06714 81254 40069 82936
50652 20130 19061 69553 78432 42615 38914 83828 10540 29505 11840 63787 68772
34184 40094 26530 59494 51792 43576 69899 73328 96583 80086 66062 33847 75909
55762 20205 60227 65186 53605 38523 55384 37451 07362 96239 28052 30202 09230
96603 11635 15642 35615 40681 11023 51787 61462 25194 41206 44292 83472 62365
59729 72014 90267 52335 62518 87876 84395 26544 81157 29660 74879 90893 28448
22125 41022 31043 20339 91487 43725 71433 57658 32853 96183 51785 66475 44049
88601 00869 63805 26376 05743 37312 20080 63627 87968 49090 29232 85893 10890
61916 34357 86083 13417 39175 09899 70302 06974 91039 22130 01234 16080 04119
28634 39654 24842 05926 17933 68728 09839 35954 53691 03356 73271 08159 11755
76200 00953 88832 94120 84429 82798 80487 91349 75950 24646 45602 75958 99145
38960 49161 37934 78214 62927 43433 72792 13391 73926 50045 08232 85327 54264
58176 08843 56541 69344 40005 22135 81892 76620 83734 90110 14556 55254 75076
54192 45440 99908 36960 76591 95364 90976 58590 72485 33507 95572 41501 91268
63241 16912 84961 72523 99220 73440 38102 39449 71648 00269 53456 07126 98912
11876 13943 46980 78374 53399 86140 50871 84467 74224 38507 24677 47565 30271
19748 64997 61163 14705 54269 94990 86274 01966 44719 67169 14845 33941 04838
69892 52488 79827 54042 42950 62506 73628 96822 87184 14012 06164 30774 51598
34207 03127 29529 55477 36229 09551 29461 74852 71223 44700 14798 12256 15208
13387 61827 21375 04842 85102 94754 31917 16410 06139 40641 95110 27916 57342
57137 71874 39004 04114 10958 40789 87879 89044 04461 97685 16442 90769 90775
18691 43999 45755 35895 16910 14258 33982 77606 88101 03968 72889 38837 82607
69769 79306 08901 47977 21238 10364 66122 79704 26084 02169 38322 76261 57999
81033 89978 24213 39230 19336 54985 07592 90735 13173 81230 51555 84841 20284
15804 58642 63284 10868 67168 27733 33000 19440 50406 92649 04728 71149 62091
16852 46815 73110 13195 08907 67530 88137 51230 73613 34691 24878 36778 54840
98823 17531 22788 96475 27371 76821 87775 47189 49497 19361 71698 86705 17703
29523 80218 00981 24981 86868 21379 07587 74024 67161 14089 48847 09253 87370
02437 44595 82256 80805 93124 66267 54027 54125 91620 15320 30537 52049 12011
73394 15906 13649 48483 05959 65803 16726 71260 53074 48924 98908 75699 63854
98878 99850 35890 30939 69653 02398 19506 73757 47112 09161 76006 30569 06232
48995 70087 09674 18389 73750 68088 08329 43381 84573 34450 43322 19427 23930
30455 10629 26217 45244 86506 53982 32650 22763 40391 86524 85803 44424 35811
68599 06204 69599 08032 09645 12829 73628 41941 96458 59685 44130 94883 12502
26321 41852 37739 36298 37683 56629 18823 67008 18550 34522 96814 40579 10047
09850 78642 00993 34456 30202 57790 45784 57582 93717 02458 06157 17476 87640
15911 51397 43805 10692 31986 22400 34308 39448 95587 53429 45868 12991 78725
45246 35520 71507 77620 98659 98845 62506 23733 75411 04647 19122 69052 27917
80240 03069 14591 23414 76010 51869 68091 99091 41140 56819 61638 48344 92304
50103 91625 08627 07376 71697 80478 96783 04961 86463 01483 39780 72637 25789
88568 60747 92786 95724 85404 47228 03394 34886 58511 27379 60619 32271 48499
39180 66776 36164 27956 31285 31387 05840 77503 28990 47093 99394 50412 39132
20733 26179 58940 17328 57593 09420 18932 06394 59634 00910 88212 70840 45043
00797 76452 76878 83773 82406 30388 05764 40235 08677 84334 84851 14724 75903
06073 27596 27614 89160 54127 30444 10581 05750 73185 52527 56646 24892 87493
17379 62874 17367 51127 65431 41860 93468 22051 07397 95244 99955 71915 18941
54865 55443 90501 52450 09447 58337 41223 94632 41184 62541 23646 43076 05473
30754 17790 81277 19307 10333 87043 79090 31877 41744 14339 54806 07897 58654
18376 91350 18414 80865 40593 91380 42154 28989 99289 13198 27528 81304 43291
41191 65614 02113 14743 01910 19365 39817 43294 36017 99002 58947 23917 94169
31113 27449 74770 55056 91672 18153 25178 77188 17704 27595 57452 69799 69110
60981 26713 90052 07396 73715 28725 04941 95572 97254 89977 90632 52161 05689
02158 46180 63743 51659 31765 12358 58871 80135 44481 76799 43914 03351 57865
23995 51236 64453 78614 29052 45180 63186 19549 94102 92577 34089 36610 60140
73084 25473 55544 92448 99064 77904 54560 07657 84171 49637 56142 89338 78232
92430 01810 18883 18707 54174 81890 27026 69589 14951 36094 44235 54404 59091
68745 07990 41167 21850 00108 42936 30774 74471 06842 07973 52625 85128 53651
36113 55040 92112 98297 58851 88330 48013 86497 40482 12629 38244 15540 86329
83414 30414 39425 17395 91197 37908 82804 72305 75692 33455 73771 55699 46411
03276 62203 20516 35549 98750 97697 51669 79530 48006 17960 12084 15797 20909
82327 31462 47520 91987 00944 96829 70034 60679 78778 44453 43708 98712 92262
67275 60847 87395 29594 79373 40933 64117 73191 73242 88746 68314 48233 31290
65714 93854 55387 58040 91553 93530 17303 88262 23049 62799 50082 34676 50949
42310 81175 14476 73952 95687 72483 48408 80525 27412 49283 52989 65051 49682
68792 43767 28425 53319 09921 08762 99052 26018 27922 09028 92396 22979 02615
76968 83648 19287 03175 14531 40861 83266 91664 53721 30046 60308 77760 05949
15683 98672 09518 98543 83120 00494 87514 42352 47146 89271 84708 81434 05604
24055 73649 07382 09017 46077 35584 19681 75323 68631 12472 14811 44986 62955
17680 78434 60626 75700 08018 01332 41281 27287 29600 00000 00000 00000 00000
00000 00000 00000 00000 00000 00000 00000 00000 00000 00000 00000 00000 00000
00000 00000 00000 00000 00000 00000 00000 00000 00000 00000 00000 00000 00000
00000 00000 00000 00000 00000 00000 00000 00000 00000 00000 00000 00000 00000
00000 00000 00000 00000 00000 00000 00000 00000 00000 00000 00000 00000 00000
00000 00000 00000 00000 00000 00000 00000 00000 00000 00000 00000 00000 00000
00000 00000 00000 00000 00000 00000 00000 00000 00000 00000 00000 00000 00000
00000 00000 00000 00000 00000 00000 00000 00000 00000 00000 00000 00000 00000
00000 00000 00000 00000 00000 00000 00000 00000 00000 00000 00000 00000 00000
00000 00000 00000 00000 00000 00000 00000 00000 00000 00000 00000 00000 00000
00000 00000 00000 00000 00000 00000 00000 00000 00000 00000 00000 00000 00000
00000 00000 00000 00000 00000 00000 00000 00000 00000 00000 00000 00000 00000
00000 00000 00000 00000 00000 00000 00000 00000 00000 00000 00000 00000 00000
00000 00000 00000 00000 00000 00000 00000 00000 00000 00000 00000 00000 00000
00000 00000 00000 00000 00000 00000 00000 00000 00000 00000 00000 00000 00000
00000 00000 00000 00000 00000 00000 00000 00000 00000 00000 00000 00000 00000
00000 00000 00000 00000 00000 00000 00000 00000 00000 00000 00000 00000 00000
00000 00000 00000 00000 00000 00000 00000 00000 00000 00000 00000 00000 00000
00000 00000 00000 00000 00000 00000 00000 00000 00000 00000 00000 00000 00000
00000 00000 00000 00000 00000 00000 00000 00000 00000 00000 00000 00000 00000
00000 00000 00000 00000 00000 00000 00000 00000 00000 00000 00000 00000 00000
00000 00000 00000 00000 00000 00000 00000 00000 00000 00000 00000 00000 00000
00000 00000 00000 00000 00000 00000 00000 00000 00000 00000 00000 00000 00000
00000 00000 00000 00000 00000 00000 00000 00000 00000 0
(end 6000! -- 20066 digits)

7000!
88420 07956 96311 22478 64993 69689 77265 15146 66806 38881 48614 06385 96171
75175 75472 51586 49547 98207 03667 35592 56463 57791 00693 06445 41781 70961
16575 21677 65531 81713 92137 52103 79465 15393 84390 49263 61688 38534 84643
72984 49406 74475 64765 08706 04344 82426 96421 59916 16495 82730 13791 97441
73960 05874 55031 56484 23675 06811 00551 77904 99148 48885 65014 26373 80063
00545 82580 29028 18118 65299 79826 34521 79048 75468 78590 43163 32265 11238
79386 39672 25422 35335 73193 32721 09449 65539 02561 09450 34395 68089 91039
07477 20899 61015 93045 86511 44441 96767 13223 57427 54582 38100 35264 77608
45119 07967 31555 80336 21426 02285 75697 99375 45243 90945 72358 74042 11018
78837 85273 33788 20485 80752 64094 39659 04045 13285 13049 20226 17379 66791
53992 66648 03872 36959 19100 16681 75647 98269 05288 11969 38756 12911 51514
48471 68973 79863 56043 04887 62024 46920 80165 20576 84415 38009 46547 44354
79884 44323 67392 99799 76425 68177 85480 00318 46540 47333 11398 45669 26558
83988 01815 32151 41483 85733 97388 90618 56325 07373 85855 60998 54818 58844
43184 94306 40044 98731 43602 06602 85218 25633 96473 43134 19493 26406 99078
80420 14146 52898 68296 11680 02092 77705 51645 06393 72363 93875 52376 38829
80698 15583 48778 85570 46483 48872 14403 52761 38066 03874 03503 58423 78811
56754 39784 36182 41608 12554 13171 25495 56999 83155 91925 38926 06545 82209
45143 69667 80608 88546 82965 86484 69290 15090 55917 10120 66420 66380 90792
79792 97253 22713 98769 23101 72904 00982 36148 43086 50813 32196 28064 58341
04442 22813 78610 87946 92012 34982 76952 53229 42300 10306 35920 07385 66247
03998 69873 88932 20275 88175 76743 68457 53111 32635 13313 75771 82489 26027
13670 15843 05504 10057 72657 90463 29970 10284 37223 45639 40716 85839 75567
75200 72055 06131 11076 11108 61356 29429 26748 08600 57242 69818 82015 78899
44014 61260 65912 16715 68622 15286 80902 71415 81633 85630 94882 57921 14167
63856 97377 55926 29908 79462 84570 52517 71041 71202 67481 69621 70489 02118
11512 56058 82488 63388 59704 60765 34881 98721 15584 50746 85872 41235 69436
44743 51592 39623 33058 33293 63208 32486 28644 76140 54301 11558 75862 40359
58582 09667 08210 62268 20153 69402 51875 72243 19108 66217 53050 92495 22090
38462 99090 59019 72780 85499 78649 21179 68340 37499 15527 73451 40383 95873
32365 79130 26405 81690 24644 07607 81877 35460 88817 90897 36898 17740 60964
48784 48761 60973 33930 80219 70317 90251 16236 14092 83284 24060 10002 95120
76899 51929 20580 12015 22002 59199 24667 70594 79621 28251 13133 16843 18173
50566 91183 92027 31176 11317 11280 19800 61951 29438 56751 81292 33141 86813
45227 29596 42189 12032 30420 71234 57253 38114 20447 52764 79160 77476 14221
93727 49861 20855 60018 45176 68312 82249 04350 76081 69129 58635 52215 29351
35723 01503 85226 32948 58892 12729 47712 94822 72941 17486 96675 19443 68579
82470 77725 56942 43051 47790 12448 05500 83005 31370 14008 16440 01823 44143
59634 85842 27596 15205 22115 74462 51951 55354 03270 71423 86524 16208 50965
80614 35002 70629 87704 94619 76781 49788 21366 56900 21962 88208 37890 86932
57956 28009 24724 11189 96211 42782 21936 02398 96017 88776 93899 75570 80304
63426 04164 34749 98949 43552 95058 87863 56637 69058 50160 02603 17367 04766
51595 94987 50313 38238 50560 49221 68587 48919 26295 31699 98314 44459 03792
09501 53539 46926 90658 43287 14378 61942 63364 56386 37138 09138 18487 17515
75050 54444 23488 34511 34810 84886 97444 58981 78890 19597 58161 26246 91561
84985 28079 32084 85584 21401 82146 98566 20426 21734 32004 32831 04079 26043
52164 35648 47153 10662 10894 74716 96692 55790 91848 23897 49827 65691 13569
94975 50346 29352 09258 22794 66530 84015 20192 62346 74910 72734 06212 74870
80935 68968 58604 55538 27091 90090 08618 87263 84203 78849 45420 01437 15772
45917 12957 03780 21232 83004 64879 03874 04475 33108 55219 82824 56280 85113
87332 12754 55272 47043 35883 83735 39484 66363 83604 60047 38500 69215 83786
92939 05982 56429 58638 46812 77918 69004 68275 16936 77503 71895 52352 02266
00290 61300 34589 93439 14201 21746 28044 62461 12903 12013 25891 72839 27021
65043 83692 08310 26641 17960 53502 62477 58910 72063 01865 70466 24869 13289
33204 46218 56897 26579 10998 26877 67743 95737 92619 82848 57511 41859 81120
20655 69509 64114 72891 38950 02748 00422 42984 72670 50507 39438 61219 44962
29741 28867 96095 06222 78068 79431 70593 90090 75863 26405 73819 93663 95311
41015 57360 91495 88700 16279 02968 81966 56773 83786 06327 94556 20012 66372
98379 10960 24047 98818 44257 58479 73492 50633 18821 45603 10758 21064 13695
43753 98808 36193 01480 02533 79822 73801 47949 15699 82113 02496 28149 28143
66385 65551 90869 71263 44507 01927 98237 65912 49169 76214 97302 17241 78809
34214 98752 87157 43450 65979 37788 04600 49740 05848 93293 84466 37783 29880
08762 53835 73916 03587 31573 02339 73823 42570 81911 79470 98606 77947 01312
22146 82749 33340 32019 76889 69367 80845 93155 06018 75023 88418 59435 94148
85973 48033 13355 34606 17520 81979 85019 46602 23467 55516 75045 83687 39823
14892 19584 04711 26630 56355 24457 67128 21782 45724 22899 81004 19228 43352
12297 16515 61354 40388 73782 44763 37613 30637 15692 36799 60869 60857 39369
27659 68250 77188 25770 33394 70341 26371 92251 69441 52252 36208 38758 68600
92438 67645 97718 31818 20904 80102 29071 31196 75545 55164 34685 33248 75531
99904 51701 82005 85193 26755 03263 76564 06914 55597 08483 86839 95687 35472
86705 83918 90398 14125 96462 74828 30929 34065 13093 14551 66025 82987 63791
71481 15985 62127 90742 22914 52195 84104 49977 96769 98350 25663 28438 66182
46134 28635 07746 24587 11668 45870 90256 71303 28393 47150 61424 25809 92185
42654 11236 95090 99772 36626 98793 69176 38028 40823 24820 18295 52556 88669
84577 90430 72338 33953 69980 03660 81896 47190 37885 17117 72389 29800 35364
96624 20713 13021 19162 09142 48928 54534 51105 60198 01008 72861 11379 95500
22103 98427 37609 99241 05290 57749 46164 74548 75082 85126 53818 02615 87268
12183 46116 22425 01338 61951 74699 69307 37376 29643 89574 48073 65329 08025
90106 01575 96932 63299 03210 73314 44560 32166 20493 21382 09427 03264 76296
49123 61992 11576 25969 38237 16179 74490 45944 84361 63362 03069 86872 47681
20694 53671 16937 16916 72963 58437 81759 75277 00432 35393 75615 46113 02465
54358 89597 88720 42619 37443 65630 70720 63236 30788 97966 00213 04751 82891
95405 88944 69123 18445 46997 38470 24469 85800 53719 65345 72819 67683 94306
55715 03644 96640 05928 80727 53899 29836 63975 32079 26392 18761 47551 81682
04941 05077 79299 56854 58506 47057 12776 10222 30098 34099 09667 19763 20596
27713 91462 25406 47221 86048 19064 63532 38503 08472 41918 73475 29360 48650
74517 28417 49460 07262 03602 04757 62927 05895 81110 11997 00743 45641 74959
36553 76972 37570 21544 02470 37554 33712 74882 09512 34010 20372 91166 00456
21841 75320 39205 68971 30638 49634 60682 79514 13874 52657 13492 52533 15363
71457 27523 87955 51062 14391 83525 33804 79721 81476 68329 54774 47576 14101
17324 23681 01039 02299 19962 65336 45115 49798 60903 27524 84505 18656 39163
91161 16785 83065 21674 51076 80452 22882 36296 14693 44625 78832 00723 76478
67886 21321 50450 51528 18600 87274 44541 15196 18647 77705 09188 56992 27073
97755 98294 52937 56126 61136 68045 61876 11891 52266 47553 81553 04416 88173
76752 71471 94260 93162 75606 15724 58041 83629 40496 54591 59241 29259 45677
09592 03773 87910 80059 29179 62615 13558 98921 43406 09719 48628 88638 61222
62216 07212 79564 96917 27901 44392 10623 98798 49165 15823 63771 33786 66282
14150 60954 74769 05292 03276 61805 27006 21021 85621 07726 70565 52945 22769
16669 34054 09784 44780 78419 80380 52064 74551 30773 84398 93299 17896 40498
20868 22794 99303 54032 90168 61562 95814 44217 76967 95560 45109 87311 73762
52867 25507 32059 19462 23469 60076 63906 29896 22093 29959 80541 39344 37140
69748 04250 99640 76360 80179 15540 36805 32012 37694 81980 41024 20946 95480
63915 82775 60286 15919 44892 57594 64060 39364 58778 94451 08787 87313 55333
75100 41710 87930 07636 42464 60455 81906 79235 27482 02787 84063 69216 16892
62465 66366 44487 43540 74082 94398 42003 92713 00035 22412 20524 70538 16765
53676 51436 39760 67788 16209 05994 65034 48080 65845 60614 21692 01248 91743
31210 57223 43571 26539 79275 06458 78634 51689 93693 04733 27632 75779 79324
54037 81298 11923 51891 51293 97993 73478 62966 67634 25387 11251 80483 59797
19109 32030 89713 13535 50045 66998 83694 05972 21272 54979 73424 88827 56036
87611 57790 60747 04902 69972 43533 21155 31312 34560 90870 28775 69248 57081
03103 71269 14705 55628 08413 79500 44064 57628 18583 29308 52167 36204 25946
79896 54172 75062 19337 39504 79763 51834 65849 90456 58603 35010 40948 38504
98461 10022 46482 87711 10962 53460 67241 43928 65862 46931 11264 03323 04279
55230 49808 59585 42745 92475 13356 91294 02535 30890 14040 18454 99439 91371
12896 87438 14381 94066 07305 54536 07316 56328 99400 77319 17706 46893 40690
16715 10291 58788 38388 88734 39051 64662 71782 51781 85623 88743 48093 45456
64726 63134 78367 73615 26378 62569 95929 73835 72462 07121 36132 06820 76711
86950 60174 51601 93298 37431 83739 60850 08807 49703 18546 38696 14740 00566
79336 04331 33145 31173 59311 12722 20465 82417 74800 90454 90589 27292 85633
00919 67852 56660 07815 62951 58730 14776 58045 96494 31045 48159 11086 38336
67307 99118 07905 66704 06720 51782 83808 60565 50199 68169 85809 80925 98826
18671 25586 45011 79375 33973 50171 58528 57989 64994 64395 83689 94963 10479
87981 17922 49949 62017 30911 38228 85471 76375 73439 74959 75899 05561 31641
86953 69388 56411 21282 35759 82313 56036 26423 43502 89307 71266 76906 30980
87199 19795 33425 30828 10758 04251 13911 78464 27686 62343 98242 83474 96384
30861 54760 27289 68997 51615 61368 34145 15769 70998 98011 84866 66356 07425
84797 47949 43652 03068 08734 34012 00126 44404 53540 63267 93221 83913 13638
37589 32882 24377 86440 95400 09159 16913 82675 81422 03491 14956 82059 41758
68773 27868 20063 21550 63216 63803 25927 14074 20979 27041 47266 40159 85045
84012 23832 63787 78287 28575 58584 70789 74319 15368 11465 79450 73091 40865
83154 67508 34410 64558 53751 22431 13986 88249 45511 67315 37871 05891 33362
11080 76672 61797 85922 73149 24435 58476 16435 23077 00820 19818 96036 59117
14911 57472 76895 80923 93197 44584 06934 00845 90743 25125 51336 97555 42235
70164 27363 70432 12034 96985 27888 12989 53952 66760 62117 67184 93169 05168
50466 12905 15042 35688 98688 95746 68693 02700 69254 02068 79293 92853 89240
62515 53600 87106 41178 90361 96276 75327 78730 15795 25344 28432 97860 67036
98373 00464 74747 95024 52661 95305 64958 60467 94316 57922 77224 01208 25721
07408 93422 98403 79964 07137 09403 87502 08341 03832 31247 03870 88784 08434
58631 71276 64196 27190 63344 84661 02523 96351 57833 15081 06381 17123 50114
19445 49105 24535 38405 98400 39240 44308 58111 18665 91871 40831 00711 32913
19985 17716 62251 48608 17204 35217 04469 67055 82813 61535 13602 35808 84466
88292 13080 88666 36657 83526 70603 92792 83630 86010 38424 05954 89046 73249
33808 95006 55901 46178 23474 31485 60580 82805 76616 76254 22965 04489 55510
42155 26532 32820 63457 81119 88805 72069 16750 41497 23789 62300 24544 47671
02253 15967 18119 96470 94405 24694 88421 56350 03390 85215 79509 77046 19624
21713 02251 74711 68553 65058 36270 21101 99707 33120 94880 20884 23882 34622
34439 58613 79186 28460 77585 80868 31421 90145 70775 02412 70068 27333 81362
13086 63524 93259 74720 50120 42606 44492 03238 06513 18990 50585 56890 66116
50474 67244 90582 21757 67435 64313 65393 74076 42605 05354 62618 94016 39735
43343 82580 42806 13987 81495 64416 74330 37744 59553 47896 38296 45153 25185
98938 32181 56427 77785 61576 02490 97715 29303 09293 74920 05228 73745 89046
22702 04790 52257 25745 92475 92651 73791 06396 58605 33905 45528 45285 61949
24254 62098 26314 41574 37672 54553 26466 16862 11075 50877 41215 48453 58996
95727 49197 76605 85766 09631 84627 93958 04131 17546 89488 71800 82659 90613
20069 24009 41695 83748 01487 26607 02435 90182 00519 02406 23062 80130 59730
95674 44342 51949 51061 68060 25548 81817 27197 29659 93027 62176 84164 61452
60168 75741 12740 43487 65963 68916 38306 20494 70921 60223 80453 48560 01604
05524 49064 24026 32025 41048 47471 37235 38673 26522 32752 23617 76091 74138
88526 17711 62912 04671 31080 18305 70944 76784 61754 43067 33588 53665 80332
23707 49018 99672 56463 55545 03315 64943 79740 47496 08664 23275 91054 57646
60790 87901 16170 07175 61120 37852 13222 82055 22616 48337 99865 34472 96736
06510 99533 47769 86589 79988 66653 74545 79481 59026 42309 84468 20451 19800
96073 50775 40859 91459 14089 63019 41757 26752 19773 61265 19106 05973 50303
10875 42935 25783 81472 86236 32958 60258 03601 90336 10267 27955 92918 31556
14956 11003 35068 31759 03576 97220 47690 78979 06381 15885 58110 82243 20978
50025 55423 17680 57243 40538 97430 56288 98639 93804 50621 80815 08313 99634
14156 73285 67572 19026 54098 61087 30855 97900 99229 05206 26318 99072 09412
32912 56506 48053 09008 08457 74924 90612 87087 22967 26773 92071 12115 05642
95307 87422 66824 15201 81252 13045 89601 98339 73105 19899 06389 91004 42653
80722 26189 24174 93307 02395 33776 43743 38000 93531 31780 72609 61159 41073
38480 37363 35759 67314 01835 58853 44082 84467 00906 14509 53897 15678 51825
70378 78923 42833 34543 74493 73902 23550 20021 67731 60745 68899 46211 89154
62007 28801 02759 39191 50791 37456 15737 38555 45233 89546 27652 80263 37012
31480 70437 75526 23163 47661 69857 22964 95156 93956 80888 35876 70323 83411
37908 84960 82480 76949 23198 08267 81082 78625 85367 89082 47262 24336 74296
09503 27259 97900 30374 63879 92488 89278 20334 56976 74373 08562 90855 82670
96924 71152 93337 24116 06227 36642 00658 67980 40218 17767 06390 88747 76235
14028 78671 29675 93604 10473 23311 50438 11253 52819 83524 27411 88742 73985
69327 18842 00136 88757 80227 60940 81448 39687 80182 98577 82612 27232 35489
50763 62689 29512 13927 51473 51121 73961 66436 06381 80826 05998 08283 59260
58242 48970 21057 39255 10317 12019 44022 08191 72539 80169 73923 03654 53620
32844 56644 62765 50220 51833 42822 38252 93900 00628 57760 65172 25170 37755
26045 32176 78507 73130 33480 64380 19535 53511 89926 60455 11203 74208 51525
84816 44746 25486 59218 28394 49765 28302 08456 40197 20495 85497 19589 04365
01382 79684 12106 03823 37049 50531 78433 59239 37136 31712 62560 78123 98685
78847 15226 74869 07751 27183 42330 34943 39144 71443 70061 03654 94010 60548
50560 22769 70056 24718 42481 18042 57936 26844 55901 27185 14981 43651 96703
01189 55724 62009 87832 28470 48554 57887 03873 02879 78485 59041 59898 20295
93500 10824 70691 30146 24122 86057 51036 74298 57112 02123 21079 83042 58566
02824 03002 47100 40399 27396 24777 06273 10502 36892 88348 39108 12710 01275
91466 53637 04756 14801 18439 22000 60095 72756 52707 90829 80201 27925 90459
60612 14697 00382 78687 75885 04653 04042 71244 44269 18837 20867 85932 04360
19038 33256 70084 05919 67506 32698 41026 57830 54288 33232 41794 91589 09490
17033 05353 82937 04497 42442 32066 03813 72795 61217 29287 30374 71489 83832
91514 61390 90032 85422 99746 73499 65140 69919 23992 84318 45325 51801 33892
76163 22679 90507 10073 20992 48034 54319 92509 02326 92880 28937 32728 83368
10606 10457 17240 62847 02036 36859 11491 18648 56199 27226 41430 46290 58490
72322 19097 30246 94711 93666 05050 87205 99080 29229 43465 25003 77193 16292
15694 51468 50904 35198 11226 83924 09389 89605 83110 01830 71279 74460 60246
87572 55041 57669 45510 65420 63932 27193 41482 48888 70858 69590 94650 92668
08855 08740 15506 27879 18380 17368 71396 40399 21215 04033 01520 33737 69219
75800 15792 69201 56831 51829 35407 39944 72332 53130 68690 62421 06786 97466
42085 37547 93442 99958 79238 72367 53048 66367 53448 19567 34001 75628 89064
78978 26032 30186 73438 17270 40963 23937 12359 85743 66579 57146 01298 32228
68899 68420 31331 89293 63282 43648 71741 16593 56638 25452 84159 17609 62318
57032 64482 37011 56827 18828 62938 20000 58888 69285 15388 99573 14874 20885
39377 70563 27260 01590 02464 40709 85985 01017 82311 93799 65350 49626 85897
86663 26747 58020 50147 32235 03587 60262 18211 23265 83169 44683 11239 92177
99624 93886 66784 25551 88965 89702 36463 50207 75549 23179 28079 58970 03594
57527 00714 23531 71414 82383 56971 30277 76051 33052 27055 46824 71403 82194
64337 82133 38923 51746 54038 75762 31398 90591 74110 62123 29134 38255 36133
17016 76072 48785 25836 64321 19541 99824 20292 58289 80153 81991 16194 92351
32691 39090 12230 65436 70098 62825 76381 82723 95576 03694 00379 66861 44598
48333 49910 59960 12061 39205 59989 77039 26738 69182 42557 44161 53131 25199
25753 91650 47561 46657 11794 96538 21277 35837 03850 17782 32524 28378 79125
82787 96200 18276 62596 61279 84565 08470 58979 74704 90916 36834 95829 49171
75555 28804 38801 55380 20635 44529 47330 92541 71554 07122 43367 57978 24425
68701 23371 45583 04190 83892 41697 52746 15151 25140 17503 69126 83265 26031
09696 87614 27581 05163 61072 36218 43536 61759 01191 48666 65720 86323 44217
56611 47177 74414 55578 69686 14769 29709 84423 43132 10128 42666 56485 68033
97408 30243 25175 94767 75648 17937 67846 87978 36322 53080 36011 25277 61565
94030 18249 55421 02819 78246 03971 60648 38083 03852 18762 72999 19036 41417
00947 36838 66645 81380 93112 17864 78037 70483 54340 27205 55724 67208 56153
30318 25212 10373 02989 00638 32931 39974 70386 96167 80677 10895 05032 06737
31192 52395 72837 63498 29630 31862 60792 03709 46753 05565 58230 47228 05157
95619 25934 19503 53759 59471 72933 82110 06764 40426 04547 44882 37259 51839
79521 15039 58697 80988 17690 36334 47944 37242 04156 34316 17639 27325 35684
67753 05873 08640 22731 91541 81384 90527 79817 43353 95792 70897 59832 28634
59374 64366 37181 60729 22410 30758 09945 69048 12986 09140 64559 14560 62384
86593 40130 80655 04095 23133 71738 85985 66710 92327 22556 09666 00675 23258
70286 73067 71208 66807 24147 36143 32209 63118 73018 31475 31432 11719 63620
70275 87553 11304 56842 16013 60305 71034 25495 75171 76315 76533 78985 38187
