413 91708675472160090711036102616287632089318911882123915231537729562617689923506638302133
414 148387753977188837819858707782342616776497854780875624611509059103432470714622518694952
415 240096429449348928530894810398630248865816766662999539843046788666050160638129156997085
416 388484183426537766350753518180972865642314621443875164454555847769482631352751675692037
417 628580612875886694881648328579603114508131388106874704297602636435532791990880832689122
418 1017064796302424461232401846760575980150446009550749868752158484205015423343632508381159
419 1645645409178311156114050175340179094658577397657624573049761120640548215334513341070281
420 2662710205480735617346452022100755074809023407208374441801919604845563638678145849451440
421 4308355614659046773460502197440934169467600804865999014851680725486111854012659190521721
422 6971065820139782390806954219541689244276624212074373456653600330331675492690805039973161
423 11279421434798829164267456416982623413744225016940372471505281055817787346703464230494882
424 18250487254938611555074410636524312658020849229014745928158881386149462839394269270468043
425 29529908689737440719341867053506936071765074245955118399664162441967250186097733500962925
426 47780395944676052274416277690031248729785923474969864327823043828116713025492002771430968
427 77310304634413492993758144743538184801550997720924982727487206270083963211589736272393893
428 125090700579089545268174422433569433531336921195894847055310250098200676237081739043824861
429 202401005213503038261932567177107618332887918916819829782797456368284639448671475316218754
430 327491705792592583530106989610677051864224840112714676838107706466485315685753214360043615
431 529892711006095621792039556787784670197112759029534506620905162834769955134424689676262369
432 857384416798688205322146546398461722061337599142249183459012869301255270820177904036305984
433 1387277127804783827114186103186246392258450358171783690079918032136025225954602593712568353
434 2244661544603472032436332649584708114319787957314032873538930901437280496774780497748874337
435 3631938672408255859550518752770954506578238315485816563618848933573305722729383091461442690
436 5876600217011727891986851402355662620898026272799849437157779835010586219504163589210317027
437 9508538889419983751537370155126617127476264588285666000776628768583891942233546680671759717
438 15385139106431711643524221557482279748374290861085515437934408603594478161737710269882076744
439 24893677995851695395061591712608896875850555449371181438711037372178370103971256950553836461
440 40278817102283407038585813270091176624224846310456696876645445975772848265708967220435913205
441 65172495098135102433647404982700073500075401759827878315356483347951218369680224170989749666
442 105451312200418509472233218252791250124300248070284575192001929323724066635389191391425662871
443 170623807298553611905880623235491323624375649830112453507358412671675285005069415562415412537
444 276075119498972121378113841488282573748675897900397028699360341995399351640458606953841075408
445 446698926797525733283994464723773897373051547730509482206718754667074636645528022516256487945
446 722774046296497854662108306212056471121727445630906510906079096662473988285986629470097563353
447 1169472973094023587946102770935830368494778993361415993112797851329548624931514651986354051298
448 1892247019390521442608211077147886839616506438992322504018876947992022613217501281456451614651
449 3061719992484545030554313848083717208111285432353738497131674799321571238149015933442805665949
450 4953967011875066473162524925231604047727791871346061001150551747313593851366517214899257280600
451 8015687004359611503716838773315321255839077303699799498282226546635165089515533148342062946549
452 12969654016234677976879363698546925303566869175045860499432778293948758940882050363241320227149
453 20985341020594289480596202471862246559405946478745659997715004840583924030397583511583383173698
454 33954995036828967457475566170409171862972815653791520497147783134532682971279633874824703400847
455 54940336057423256938071768642271418422378762132537180494862787975116607001677217386408086574545
456 88895331094252224395547334812680590285351577786328700992010571109649289972956851261232789975392
457 143835667151675481333619103454952008707730339918865881486873359084765896974634068647640876549937
458 232730998245927705729166438267632598993081917705194582478883930194415186947590919908873666525329
459 376566665397603187062785541722584607700812257624060463965757289279181083922224988556514543075266
460 609297663643530892791951979990217206693894175329255046444641219473596270869815908465388209600595
461 985864329041134079854737521712801814394706432953315510410398508752777354792040897021902752675861
462 1595161992684664972646689501703019021088600608282570556855039728226373625661856805487290962276456
463 2581026321725799052501427023415820835483307041235886067265438236979150980453897702509193714952317
464 4176188314410464025148116525118839856571907649518456624120477965205524606115754507996484677228773
465 6757214636136263077649543548534660692055214690754342691385916202184675586569652210505678392181090
466 10933402950546727102797660073653500548627122340272799315506394167390200192685406718502163069409863
467 17690617586682990180447203622188161240682337031027142006892310369574875779255058929007841461590953
468 28624020537229717283244863695841661789309459371299941322398704536965075971940465647510004531000816
469 46314638123912707463692067318029823029991796402327083329291014906539951751195524576517845992591769
470 74938658661142424746936931013871484819301255773627024651689719443505027723135990224027850523592585
471 121253296785055132210628998331901307849293052175954107980980734350044979474331514800545696516184354
472 196191955446197556957565929345772792668594307949581132632670453793550007197467505024573547039776939
473 317445252231252689168194927677674100517887360125535240613651188143594986671799019825119243555961293
474 513637207677450246125760857023446893186481668075116373246321641937144993869266524849692790595738232
475 831082459908702935293955784701120993704369028200651613859972830080739980541065544674812034151699525
476 1344719667586153181419716641724567886890850696275767987106294472017884974410332069524504824747437757
477 2175802127494856116713672426425688880595219724476419600966267302098624954951397614199316858899137282
478 3520521795081009298133389068150256767486070420752187588072561774116509929361729683723821683646575039
479 5696323922575865414847061494575945648081290145228607189038829076215134884313127297923138542545712321
480 9216845717656874712980450562726202415567360565980794777111390850331644813674856981646960226192287360
481 14913169640232740127827512057302148063648650711209401966150219926546779697987984279570098768737999681
482 24130015357889614840807962620028350479216011277190196743261610776878424511662841261217058994930287041
483 39043184998122354968635474677330498542864661988399598709411830703425204209650825540787157763668286722
484 63173200356011969809443437297358849022080673265589795452673441480303628721313666802004216758598573763
485 102216385354134324778078911974689347564945335253989394162085272183728832930964492342791374522266860485
486 165389585710146294587522349272048196587026008519579189614758713664032461652278159144795591280865434248
487 267605971064280619365601261246737544151971343773568583776843985847761294583242651487586965803132294733
488 432995556774426913953123610518785740738997352293147773391602699511793756235520810632382557083997728981
489 700601527838707533318724871765523284890968696066716357168446685359555050818763462119969522887130023714
490 1133597084613134447271848482284309025629966048359864130560049384871348807054284272752352079971127752695
491 1834198612451841980590573354049832310520934744426580487728496070230903857873047734872321602858257776409
492 2967795697064976427862421836334141336150900792786444618288545455102252664927332007624673682829385529104
493 4801994309516818408452995190383973646671835537213025106017041525333156522800379742496995285687643305513
494 7769790006581794836315417026718114982822736329999469724305586980435409187727711750121668968517028834617
495 12571784316098613244768412217102088629494571867212494830322628505768565710528091492618664254204672140130
496 20341574322680408081083829243820203612317308197211964554628215486203974898255803242740333222721700974747
497 32913358638779021325852241460922292241811880064424459384950843991972540608783894735358997476926373114877
498 53254932961459429406936070704742495854129188261636423939579059478176515507039697978099330699648074089624
499 86168291600238450732788312165664788095941068326060883324529903470149056115823592713458328176574447204501
500 139423224561697880139724382870407283950070256587697307264108962948325571622863290691557658876222521294125
501 225591516161936330872512695036072072046011324913758190588638866418474627738686883405015987052796968498626
502 365014740723634211012237077906479355996081581501455497852747829366800199361550174096573645929019489792751
503 590606256885570541884749772942551428042092906415213688441386695785274827100237057501589632981816458291377
504 955620997609204752896986850849030784038174487916669186294134525152075026461787231598163278910835948084128
505 1546227254494775294781736623791582212080267394331882874735521220937349853562024289099752911892652406375505
506 2501848252103980047678723474640612996118441882248552061029655746089424880023811520697916190803488354459633
507 4048075506598755342460460098432195208198709276580434935765176967026774733585835809797669102696140760835138
508 6549923758702735390139183573072808204317151158828986996794832713116199613609647330495585293499629115294771
509 10597999265301490732599643671505003412515860435409421932560009680142974347195483140293254396195769876129909
510 17147923024004226122738827244577811616833011594238408929354842393259173960805130470788839689695398991424680
511 27745922289305716855338470916082815029348872029647830861914852073402148308000613611082094085891168867554589
512 44893845313309942978077298160660626646181883623886239791269694466661322268805744081870933775586567858979269
513 72639767602615659833415769076743441675530755653534070653184546540063470576806357692953027861477736726533858
514
117533612915925602811493067237404068321712639277420310444454241006724792845612101774823961637064304585513127
515
190173380518541262644908836314147509997243394930954381097638787546788263422418459467776989498542041312046985
516
307706993434466865456401903551551578318956034208374691542093028553513056268030561242600951135606345897560112
517
497880373953008128101310739865699088316199429139329072639731816100301319690449020710377940634148387209607097
518
805587367387474993557712643417250666635155463347703764181824844653814375958479581952978891769754733107167209
519
1303467741340483121659023383282949754951354892487032836821556660754115695648928602663356832403903120316774306
520
2109055108727958115216736026700200421586510355834736601003381505407930071607408184616335724173657853423941515
521
3412522850068441236875759409983150176537865248321769437824938166162045767256336787279692556577560973740715821
522
5521577958796399352092495436683350598124375604156506038828319671569975838863744971896028280751218827164657336
523
8934100808864840588968254846666500774662240852478275476653257837732021606120081759175720837328779800905373157
524
14455678767661239941060750283349851372786616456634781515481577509301997444983826731071749118079998628070030493
525
23389779576526080530029005130016352147448857309113056992134835347034019051103908490247469955408778428975403650
526
37845458344187320471089755413366203520235473765747838507616412856336016496087735221319219073488777057045434143
527
61235237920713401001118760543382555667684331074860895499751248203370035547191643711566689028897555486020837793
528
99080696264900721472208515956748759187919804840608734007367661059706052043279378932885908102386332543066271936
529
160315934185614122473327276500131314855604135915469629507118909263076087590471022644452597131283888029087109729
530
259396630450514843945535792456880074043523940756078363514486570322782139633750401577338505233670220572153381665
531
419712564636128966418863068957011388899128076671547993021605479585858227224221424221791102364954108601240491394
532
679109195086643810364398861413891462942652017427626356536092049908640366857971825799129607598624329173393873059
533
1098821759722772776783261930370902851841780094099174349557697529494498594082193250020920709963578437774634364453
534
1777930954809416587147660791784794314784432111526800706093789579403138960940165075820050317562202766948028237512
535
2876752714532189363930922722155697166626212205625975055651487108897637555022358325840971027525781204722662601965
536
4654683669341605951078583513940491481410644317152775761745276688300776515962523401661021345087983971670690839477
537
7531436383873795315009506236096188648036856522778750817396763797198414070984881727501992372613765176393353441442
538 12186120053215401266088089750036680129447500839931526579142040485499190586947405129163013717701749148064044
280919
539 19717556437089196581097595986132868777484357362710277396538804282697604657932286856665006090315514324457397
722361
540 31903676490304597847185685736169548906931858202641803975680844768196795244879691985828019808017263472521442
003280
541 51621232927393794428283281722302417684416215565352081372219649050894399902811978842493025898332777796978839
725641
542 83524909417698392275468967458471966591348073767993885347900493819091195147691670828321045706350041269500281
728921
543 13514614234509218670375224918077438427576428933334596672012014286998559505050364967081407160468281906647912
1454562
544 21867105176279057897922121663924635086711236310133985206802063668907679019819532049913511731103286033597940
3183483
545 35381719410788276568297346582002073514287665243468581878814077955906238524869897016994918891571567940245852
4638045
546 57248824587067334466219468245926708600998901553602567085616141624813917544689429066908430622674853973843792
7821528
547 92630543997855611034516814827928782115286566797071148964430219580720156069559326083903349514246421914089645
2459573
548 14987936858492294550073628307385549071628546835067371605004636120553407361424875515081178013692127588793343
80281101
549 24250991258277855653525309790178427283157203514774486501447658078625422968380808123471512965116769780202308
32740674
550 39238928116770150203598938097563976354785750349841858106452294199178830329805683638552690978808897368995652
13021775
551 63489919375048005857124247887742403637942953864616344607899952277804253298186491762024203943925667149197960
45762449
552 10272884749181815606072318598530637999272870421445820271435224647698308362799217540057689492273456451819361
258784224
553 16621876686686616191784743387304878363067165807907454732225219875478733692617866716260109886666023166739157
