7016920022742212550581722640710373667894258039479185778846599313124611979561855
1820744176608429349634397880517089535359183740060149567227433747307242842195319
1279271194045445663935746564591974615755590039660075608671479899835213861212709
6821531007928382567216137225317488636748903915872879679811971381957188837577915
5230623938957087396410690328093210231433179385937402832670049923711456433446318
5340897275587223445796331737391191398316314997637430018333514273413516548361368
2508946798941557637036807208919235675720724540338344309038451952531624861954982
4610570059617397361732341816973641296173999455751546428445081280837447548823517
7301986294428337126763822433467337960254607080008852213520872743399756541516587
1116283166938048348710511086607029583453514491410935874076126107603245

Euler(398)
-449345452991421399120978866459294350616015705109632497709039170267539726404039
1272910657933190889519556301925879672758439332063373605383348706481276978447830
5381084715947228601832449318529451916472762422367179182939000622642948533908104
5759617890436529899022176485804308642199143685930072406444428434538927145074698
2122174140429993713843991389197469884891311340350471076112705102954132292329466
1543074341721460148109541554580422410773409026708342039527145255339798974766697
3942409241190650361742131941494172960868600062952428856102750646245312096684411
7423596612003665074979848204388879905600327536680184754770106936803414071934019
4190009378598882678990647350642685563157584173545960265234260742441649786067166
9794476378934387573967273702199997085637235852594887882138556670316573549141

Euler(400)
2906521128223345839274838644343293460141781007086153757250387052639712492717724
2189092761398290540087057861592272810780563424672737146548401230203116327032810
1126797841939707163099497536820702479746686714267778811263343861344990648676537
2025412893331518415756573407426341894396127273961282659185196837209012791004962
0597244680998888094521277628111558126718442627477898868185186685164172795320609
0552901049158520028722201942987653512716826524150450130141785716436856286094614
7306376180878042683564325706275360287708868296514485166669944979217514071217528
2749266960113059934012050919281740467451317033460761380821597164679455220404885
0269569900253391449524735072587185797183507854751762384660697046224773187826603
3934434290179281970765207801698712997689681120103968198024738380178758534882862
5

Euler(402)
-189890901345608127303668007050144626236517481705506376724080844986836408233009
0607942774925369894108271596653692550615937485379124758322222132979130894638071
7409580361603464422495735940536571522353451522037017977508071366261690158345356
1672231581763016738302647804895201759237197102376710810829301073666340527732327
5635884386868140897333956174890572786697094637922289537495497728605935860071566
2223123743815716208649830724208460630477690072522339526680079014959783103859775
1838126358955119213250484859901719201851622653956086635637951594086711665942833
8635156319321595201385599299275007136722571996465767576438286371307297145874266
6563797711257943579058542707924920827881780804596065175371102507803240980319695
9616788408591900724290034337228166251683821455425322461806992662100155335082659
6711601

Euler(404)
1252999256037809846772371639647223427035190915386436430191600403641981877065538
6375493002609660426400870657857958143229616144173790647897359423938447691570117
6801884687679180686128839014333322234124438287313830958027043373913317527207163
5933597810052116453147511657079947571106471498076319020702697843308147828731599
2278667071469138127380276711091718749925801695561812497889220116549589014316952
4925439738471679583177785914163763218505617519810613856090666347994963610570973
2262132038368891650959723243243497857359133977832219351144004339878398466973120
4063270518211407988026271395723807940791654151334934037363086076950593433911880
3596700953421569200290359176062795052517655989399540691355153412787905528640060
0934024734118891534152834129309770359178482907247571762443962826810887574494993
41177938005

Euler(406)
-835010844599025333153882714143977702419086483989964718660209175261144478576763
6024227799915588850841327349877676363043789433132659047880779247141050535122249
8892224590344968055169275445184170654540323495333015356076001104692220507840353
2647999642882291383504699001379863667805895424534685378844222255132703455585932
7855670123289413216567151565292294335902457849558494169063068559472030038021623
5982816507854501774828364663752646699580716722467994052271949922038539599985384
7544704114095429377675748611950361093138115326142859971214600957894331113400298
3880433408355263833724079952047769374200975022366476630475466888045265930592573
4344250748568064310385217988338640901274634930476455561480828530303850101875356
3189450804170739024976703252293536917067132472745190068836518657087591034731299
2670535674846061

Euler(408)
5619619801394726522540066883317536844067790480560353270012362007019753078828493
0564957752673988451572274857049579507007193854396330786172022916586095008648416
0634904725744616554028972690019888349765656508531643334730028009421945947537132
4512722075732006383750907261201818693855636781202258875852213091292857528236516
1641119389899259352706660184263933408713487692192131035453425362553963435606403
2409770310932159055530743978409087151329500490781632567282919693441730584877451
6196248767168941952668393410107739000097060698687520977203190454919028517239880
6299225771862705985571715441597611160208460742771659912899492344288844205500885
3365827687389085062975206651217508163145578004156043554539202284980035844855221
1838721293586587540737070181093932585653727013344560541293137898133388017521950
96295883822514339385

Euler(410)
-381921708793867873474683410865514326947931031449413238774663535043333657327308
3743519162866123741119917305873367553374400247894665080146816565587608318419535
2454485039783957156770639606170428855289594919892111621400995661030396523677002
3686427396010944399140512932191095854021440012016830315780785796851350552746153
3210983018822824615789218480975743333867572606751020490785710788631811758005834
6170675851083108105647005021204398613306206072975881508240079177432761113233909
0424635172312738108428168112979601106966662191195705877049764231662566722848314
5718924013845821396565002178169018394483881219726330658033267963942919831902236
5910269271241757039130810641188085454238019148821727270257892508352948072368080
6641746303102947575892644274165820635206599579735722571104504144610027348357462
50720434318572203097696521

Euler(412)
2621039878208091250227936972025380848819206953406342752106275911221716415774728
3080509327012528103085542593089197201341270662020840398259651366519901937307781
9232020307041224238419626502673855073508718358078054875755892401943148305994899
8904593502744932259661670557767631904174824756465215013927359361010260016904890
0523762460431766619535340328608112640861765374426820236071689030283764985894194
8968552260029647728548462893050628690233392968961249503586617439523291643345019
9783548453067890606687331318778327541381523425614205555959007429261839954818805
9942960573818048343956980441919869773926640571466604883746522209089262960374116
0830094136490590172545018299142136534650767851232559735525269560064071162223651
4397773453659722089660199322357308868011412986706537592833288994455266030022555
920674487818033280732037440765

Euler(414)
-181628613364203811167004793001403385493645155394705681397056958218676896215175
0517967654496460636985911003708249307584468847042675881367447691608270130796960
3225351474167356586019368641989489707292385076814407617331209718743350999285079
3820859307801844407700298950836405857242364232580237762725850971059478273163243
4674243609912017292329329868845704020580365540261420275599036752828705180164310
5125969562230250423431744858375441999428875968109268696172351078161276196141399
2589139684590435628270455507143356762966207781410676709297602459654110605027765
9152644061716136259681679491586210775914359411017326919570442753692630683279988
5087806239239754702963304295303019187086529484780105268071550243144666212772695
0564828518583383499290255680280571154857692702209732123425247107441238623751565
202917140530814281251705310670206981

Euler(416)
1270825558428063601904846041934258683794191236558872779471592625046929544445992
7194393234059511215659679561959679953712235549517901842448336143666458669336150
7500762527659055913006163156001623723430948872371603871694959637497899797556099
9652749405838394358605083364808510506404083961512930746247924879924248230604023
8425307760852713002327232338816202866090901125408902221834040416303081157925279
8036802685244617086487768600214545482108722557674896631015324923332415213887824
8054853366496159476352369269113076252859476519299828972723715135109892489413234
4298014704563618856752912992042205741585658431329382473907393950810774127097430
8351231695960267646866080575627738724618727972374914476300056996442882672199524
7743600535896911907466064840282935540149400445500158448378436016643025862992624
1392374775433615037166613735326967450145

Euler(418)
-897756427858091603493628046427874306603267211061425254907768126147381541800300
6564388898801556979977636694887751865799853666237162991462891863819424043135972
3418794775763727051121669250671658033217407302703176496483025853119024552738394
5969799348437965895529595286931941283732188358923838563171614542551877483165104
5257481538933392794293783637016153387470822593479180865289252321946912840782907
4040262404731798423844943033168597165638748132240202756115754325359531014133293
0634467988382192542136195289709356796127602932734927579991906775202976987472772
8808847825023614607247167778143755644053312261658259011211939046262477721327424
9800906877876094088441455452042999171938024268385950985855665837787385488333831
1219762895766794714559174710080510870011054904701381464026598776803216912247427
269651833891476485955499764292677984658121441

Euler(420)
6402979076123014992407593623773668404873072543662360827137398647216888816921673
9372951431793598543416949823837258967183947456136330109869888406427717231463502
9194675976922624279133740757205371559768289245527253846391538127299749258193868
3422086083604418991453857938473916149815052543940201990886538300126269265251371
6134609709148360830368359872111541252383260213170091667474234286554407517456762
0187245798332315229191573048528152907608378631149927764051679842702224170622806
6434100707649913774183052529057739607695445338792753122723001665834583006915104
8851346502493633975223371647079349307566267525695070728697237921062704288959328
9802927776698181791814607853536666628276916062415491640239188936846799787197817
2371154341562979709797216445615685591074019242668916570820342359968541437338343
4208261059044383347581768580040475021283526175525

Euler(422)
-461038162176635211715855621374930141546541908724319968704805995102082856929722
1714904009773653750827643664319547023467861597417100208524481581085859454252749
1616067915955645528247309384252957485241232820553034456431668699116349796969019
4055816818617490022624407160505385448870307130331878730058729031395862565902174
6226430829897820876595721488613254084174449439278868025075636338209685563985621
2058244813877022314128939173950022379076901829145211103791049754581925537114681
4882509418227802751036499457972203223765690664149870828006007080903126535450818
4434580390756059536159466262686045628765474584219550045293537188765296372874108
8100973275529337783959186610281792159455657736745575811045954669159810164190701
2078391615114279972378669329778401662021051255021956584988538473723361128618533
3663420604489593695989310928547247220252694031333583901

Euler(424)
3351223133262653120403453636337648442952865129345835292640407353235627509048807
0334249673553218750929036513195297640300833914399535042364232440364597913684200
6861261827805624623180931740103754267397197518328711552997383839709966535870310
7946559503872896585746454658550330480248641740416146243680767302530449866444023
8183637591511795224417651753863294724110540268122944598496318223026835608902558
1242653569214670982860783733466122309332614282477125224178931122268022296411888
8359630131061082257310455741662778373013446699964021756676616765644583536812370
1387224271730119966627828428200264027969005387926814777117545673989452475274054
8184568247728062845374240249612447422029694263177331837748492321706706198874351
4475543078653788464204626735832357907679684960297004395276719846495611500651186
53026424909110788090117048428894465084489888541183157824905

Euler(426)
-245902033605413595918717388244288705088359342346042061333181285013636263978053
3578810068094455422478690860088531336554222211843671032247140745786495405725722
5190932628802133239930084927219802127480344718056145873861326616716493540030308
7099242921890380105870684943408142412195743886785021593582680715580269472984221
6685811204120300412916350023574638332637931601690987369288157653930852543784066
0426783997569664186757693336779059050603512850634286630143169175557497280562637
4171151614996193635228443864229161913385366077683594186855325616108380305639845
3283297422276501460154365795624274803251426434336785085253978510785618879635066
3416801312415883901413877749907844660923861565280111525882854674266759911831045
8440872031275941384356544848858565075040673170758754046705960457723012114364289
89409105429964499128942301849282555310444884930155603819560738361

Euler(428)
1821352517376712767894549746372822317020921577377973237805619671673848326799316
7528199973641978945711812896051206291561057519778676591743017061475154202302492
4558898808983231921181260652064369384730467372420547159891668591136043874619455
9955261995645740879321546778731679480826226500181478161615123029549400715963571
3250173382450551044977951485315163272195867360750701282218361008551583140684631
9935314237893383489772144002006009703179331567402866536031267702736983427851352
8529048117638540355464199341352567519767104104364305163329490935064361495657503
4819127525745174791038093968895300209695811222699554187560228861909498484937395
2441014036039130163992723907755880960575122760451556394753855535204977705793985
1886037942375481862030262249587087860085660735546072684758936954647961257095172
766246883399925130775428010216662548084247978925168496214426589806285

Euler(430)
-136169550562086494940607997938333955265929665338135014890867883404538965828261
4836796273715979262607701421215110284711547610366157458811398902077139679920265
0900954319364383178112422031897993872356014986948657109237496945277101296887111
8329490266392978251685601504506472360442287081737327893627437185638727088599481
6868405926181710915813228986270654485659374786981883286474591569515838672753240
4385477014465295419233147190402157181984492970036106253153654066077165530718257
9929151947770243551515543046186142808515709234912544913144088012255931059167767
2801139035095341881383018644755882485615098083804943573978468410535960783968411
2330212757971140548871610505250902317585916266694519926555748722232623884185790
4605407544419873247188769444550744908891702641317472522283346215045307398724229
472666386067086878082536368762497196274650128798051102031105169775861328821

Euler(432)
1027545985752279735808321225158224896181768284199228233302372406197487057278601
9979551092803513731472202791885937771963229864095579718487319820380617196629975
7500077959484421887373945459113733874265846471691495026353446264686220137003583
3393551928600315412676315952814405890209277399811057226715804191457052566416969
1348282880297458842725833078723613072323204753716294259644719191311609745174837
7509383056302839391209202287253000696874494038380310819110056045979783999135162
5446110006849945148707830057305750452672549524167429816831846756143423838283237
9853041067924590514757402018468028432051008779816800943883407533588818850053881
3237869148956584765219577520442424921821762879283057133525150055598901079894851
9019594140339344501700238619912135054560566117618461932188577317680639149899716
8012764910717797058225603567836558787001367637225511053488849873798637813527665

Euler(434)
-782598729947987158324713354431602023993231867813896847622245847351194249412249
1531079009821643979282682644711427525502046623498706261620003606401014348301593
0498216211839930986151557852105349946757178962363856918468502838508038199444979
2786781565460411996730809319744284504529122440783094166168264400667150002025271
6606164349653621529551301169001314413444637131546366629716050666347311420949311
1916658460371206867095533024230863750529419608570056944536300277818223127713846
2071275364773448184056619279637098199156623793692678714900582487284571750760885
8147219039043671073078007070706364397556189461072237408074132407752699211803837
0651283999126254651437409569332287577908793281078367291797264419705061460758011
3616451304496231479442872981566182308317670419355206168119081922335749667931199
5187301009414792346737662453441059310429023860164143760572161426659061653054002
99281

Euler(436)
6015547091453940110108764866446595647232030823666130549152899557322555960326428
2799675846849196644295381170557592239037291107417250846202476443259351921021945
7132407580810725137595968531816551756164097143085499031460743187153517441052623
1583224125769794455328683807618338087392831965497110133112678542667992068164999
8823520950580402404503847725487331378940687384421784311585778521064328822556071
6878749809087078946964135641898093611366011282210662218905598268100148492981972
0123237960934289546994770590695808027314353291419451434260642833170056432719918
7753638999184486675162715422931002274233537747322790889062905394907398644569081
8501325856817822229535240454226174417750336908032275346086243446431513720789853
2491403242637967704060213313670975951770194246265064856393272654435491539870635
5533489793225929885511884225353522924359904418962462224484562844875751281181564
065197045

Euler(438)
-466649628412561566112495499374042968622475523140797315436675480734357749348174
1162616682368670733028546240225806744652457849757294272655575931643898028014033
1648144329759255639142254530914529293157906367776072673714394154105972864342731
6546399127397972345424139757735877463724642357520684170459004870183817842340580
1632751196531391709401923525348364287958999253698048759419698860399205761239090
8150662641189851384052503659871503219811391159674356112607234659909029793473820
1976444803907038511447907353424538858464664187336523977353311154875041957507909
1960232561813245266394496610005154146279492624947429587338991640826308622988557
5271494613443424233168167657260976464684694339473475106309263907062211139300884
3674548755864383936543159764021251269343900043227061401878176186200872058520396
5300666030853618832391109533563522538210204693627106563155913617355047968634600
954816331393741

Euler(440)
3653157251742385794710531856228811293453219898756365042209365009341011152764410
3243668833132741027773950275462888517444044753902667302832214112368119882277460
1236335900719146267695084402594291036911795119007788661961499399107215991069112
1164353201967527466049571370116646007758745274405849531143268903040265557384787
6473937871191463101837130891393302021087038011423864226925839905832887564844661
7092077187605771176260805583452355387997646872920248589393474754467240020469168
4654170582518989734626104375659370534251239360254467669715160110299862580995263
5605463495929919816411954420203389169400252722513507814040524781429217458894580
4727960539154105239346230596802465380713309485984279897611120159094554975540578
2776067440027095685536874338903666041258094278005795722218300181318043750321606
5516592952461894888984026530860104933684006238353725492067256359636139321571254
0372282109886622425

Euler(442)
-288595444715305241661892196934883929553847125218997501780046317467304112458162
7735049341015191392755665666141893430104888781208978469881523899447644180068912
7897430997167015899030052787588935203162949163009634429900881501276018228777498
5328169208955044979975504805739357194172485624608304055866725351033853555547713
0414993727366969267863431990390090068492402934902138769105185174781067265048095
4431827869326201019576723494375221094223429620729928801861718892089417353668395
4462882353829128431844011767225709093534222832727742364688996106452026388014970
0216431119453638878681923324394567645607179961925293164255592372920586067344608
9193736763291838904127762277058325611434089477321729381628696051394614189632583
5001906319738149694129371970426309535763562852499671485971282919433699605383526
9473609096922491809695459038466406399683476927944987307985516930706704872169886
2897617271421404942756201

Euler(444)
2300575095215668029099037875538726744497758115381680388424435898051933617669834
8187877611430465506756576008534064708396136052238396461477902297336115851367834
8705215453204918746098428996029702572425809743601585651529626878022315488605180
8574596210389650536690959219449595370599069934339628634295695691357091427569042
2293544953285035052056227135106106861372224684355812486556060463468593334818865
6476664927777564687080405961331190416581029628009334000684942885338473382580903
7440648362673171471004338508309108710608956185887430161315998434224501102510161
0068700527112216587737587263907632072493655072282336111542114103793761893718609
1385184788494376841490963420075164565483532170543914848157793868881174280821608
1633841010949231552932579349058880922706843208573627146402964953378454350753524
1017801807273276359607822400593008468587551029031054575328742089399560212097282
87402842058476948263346011805

Euler(446)
-185051039775031670959165215319105377879478080783037617710395410386349212148553
2315159213976320879875372026799724918623372167418148975480110900150195217777074
9608360581284939810154652330464360151104113840224620763530738504063162153731093
4522808515518593343514744018096121175657658111010715771609304580743610452247246
5077256919445601651507622558945563140260722212033881332397554744154977612909637
0443041482384528891196474313402878424408042828296250177329035418224662680198505
0128129987933295924745756240469739102859913971531415898607538340120527018723094
0375418827011485129061447673801227767546358435251100223071502600469873235798074
5774888272170042751112625818246431109257557362688731816630977238145315141461328
5162935229521058301696844897286248807759154776284396670073608730717846584440438
2031293758826238165655740941814525160978704410634797146331349229955520142493781
04421486040023117862231255042530661

Euler(448)
1501887188795470177731539667813245737858118899667372848476198418979229702060226
5447555396714714408803803334721734705531608430592251214429575165485463861439957
6982571712083031554478603319420614889984478360906805437512460353030004672997222
9464505971489427857605410716371853356725330914538029834607396467386151720172025
5996635113269513935963271501871605172459512196451376218302842008009474352778530
8921162839525712082314563549281531064518286670672397110959171584005470003437095
9917097328729734434083191797017835418590402644235103374346197245973020375473306
3750248364917937331623444053487333559093541366026057091021644945114251519711371
9588768556838372672969341335925335424772529675459881462695954551034078445576357
3896224520033726094136487539570384401678738024864522982232947374735540467636770
2775021572703289751007015790166113461855034695442344921751497905317670524512793
862630484837132809079689093880498773185

Euler(450)
-122986208631677568684711975696884238450890299278466465579055154611119135516203
1640482253990749603374361921841652859653476499396322341040557419437496855797005
7434696631747956630550882641504645348448216911455337438747178593487657285323920
3415343026150913184404909825999625856721498015277366845077152184828100659931100
0374265486762073919286897566996741191689157363180057599287467874325748114961796
7053693471821091339999121004394324262507119306996154586490932197987215140135694
0908326571346668705575188241848608145265431574063891638194113623562612603176801
9919111295643658820414921846300956687896660272621403597403648311754914224415192
8309030695903843440448185048810388955554954802779694184447585598937175001711357
9111421748902134190724518953430652115971510516131374195715165079679925842988063
0715840651592959828948639785685494423768795952614336491527668565604855147190206
312013511534879161195290567253577917024461121

Euler(452)
1016088733980767179760901783540371873957104591428815005274482047671581818209563
4425621989374019031547873275521555146370196369796992785332881510865102136928642
9358674599837536633621999248248444546568904663551616040012170407158357775358422
5795393680770147746554446054648616989472382485881549035261747191664042758251048
4159470834352530933993817448974453564405838475793135316991811825501275584112157
7569728623224815003741546185970123070874012145389928074931392929756769685188352
5408537137613998774144816337022492643596975137201330346914913972243680451650773
1579692254916544853811616546362869895126454281723970080986544666467484693502798
4924970564345114061209540806294596730459342742979372933454081540645953678677762
2587482954415031103306030045150212392412281364287277509369110766971710059880070
5646696071140770015014535407223564706055548605199064735769881761854164087155845
7379843048076316962090233501476598673990168314565

Euler(454)
-846926919116990590838314427511259021661817087772961452360645658408017066692758
1996584284283936319079092942904533287512021793692422221251237026066200940237639
4426865294264454679875906516264319156394419873786715165807418847462363308532066
3240088902035122662753300825210676626701106952972981431367981521801850983482905
2353301533992818040056195764997832208739660602882594429916347697130373703900170
3577360013550801627709439647196304998703985329110453731954045863828110501157052
2804628476833422517440323653297508778715343379814004388305279860451532931624288
3348527276127489118180767984761023967778632753367879251336894464333183963644160
6803651525907510719211559595025181843654596816528174716669310511875542386346065
9808835348479255127149093395745101243744722839649486864550896830976852664247474
5861871889728393286771756285458693425484978316228836935531294255292746089198614
858156338068237922706099644030911048216717760053491581

Euler(456)
7121679452886604069183853654869725712509495053385591796534650332281172178884166
8760451729391500748391166538969984236478358402119094813231207677335828541316088
0498220480417328373184560858084667525457426517130126224175480889940563176129464
0195395418912195956462180275732339120660341204266898272261025369631283840087122
1787499495895688912924724587480301501120881310050565324636535182987771277596587
4606913390516485796727433224590286784366338853812890008215402637793519745200443
0289079210183891886397471289580649807438507813666071926329583895354138175550609
7304983247845640744665532661168165870030259105881515147272580219127917472588956
0877467250967912009272469254740963958458262526919574351404486348146483984303827
2967553138066180546755626059319247133290588214976688751260274881644454187862169
9637303307236669109317949758064692001162836988434209916135990993532105266985647
4556011052272684771545316656965566428652763098665126843945

Euler(458)
-604121575288815948930398991671029253955492409127368594271443343266288350127754
9523335943553766427111593815485723886485846917275572879254603266637954919119395
0021645129699718941177730322286168137747579537036002633851427058974370686690211
5961008495715033700069705383695398755840358679000773374539091460762558317831370
4950549572070661422859894043668509243971903386542337766014177004587915715641598
3978326028693070592965148197977190256027862863733080674738662102747539219690079
7649388805576848202329721972124971807830760989442712171044277588204126465257685
