525  (110 digits) :
23389 77957 65260 80530 02900 51300 16352 14744 88573 09113 05699 21348 35347
03401 90511 03908 4
9024 74699 55408 77842 89754 03650
526  (110 digits) :
37845 45834 41873 20471 08975 54133 66203 52023 54737 65747 83850 76164 12856
33601 64960 87735 2
2131 92190 73488 77705 70454 34143
527  (110 digits) :
61235 23792 07134 01001 11876 05433 82555 66768 43310 74860 89549 97512 48203
37003 55471 91643 7
1156 66890 28897 55548 60208 37793
528  (110 digits) :
99080 69626 49007 21472 20851 59567 48759 18791 98048 40608 73400 73676 61059
70605 20432 79378 9
3288 59081 02386 33254 30662 71936
529  (111 digits) :
16031 59341 85614 12247 33272 76500 13131 48556 04135 91546 96295 07118 90926
30760 87590 47102 2
6444 52597 13128 38880 29087 10972 9
530  (111 digits) :
25939 66304 50514 84394 55357 92456 88007 40435 23940 75607 83635 14486 57032
27821 39633 75040 1
5773 38505 23367 02205 72153 38166 5
531  (111 digits) :
41971 25646 36128 96641 88630 68957 01138 88991 28076 67154 79930 21605 47958
58582 27224 22142 4
2217 91102 36495 41086 01240 49139 4
532  (111 digits) :
67910 91950 86643 81036 43988 61413 89146 29426 52017 42762 63565 36092 04990
86403 66857 97182 5
7991 29607 59862 43291 73393 87305 9
533  (112 digits) :
10988 21759 72277 27767 83261 93037 09028 51841 78009 40991 74349 55769 75294
94498 59408 21932 5
0020 92070 99635 78437 77463 43644 53
534  (112 digits) :
17779 30954 80941 65871 47660 79178 47943 14784 43211 15268 00706 09378 95794
03138 96094 01650 7
5820 05031 75622 02766 94802 82375 12
535  (112 digits) :
28767 52714 53218 93639 30922 72215 56971 66626 21220 56259 75055 65148 71088
97637 55502 23583 2
5840 97102 75257 81204 72266 26019 65
536  (112 digits) :
46546 83669 34160 59510 78583 51394 04914 81410 64431 71527 75761 74527 66883
00776 51596 25234 0
1661 02134 50879 83971 67069 08394 77
537  (112 digits) :
75314 36383 87379 53150 09506 23609 61886 48036 85652 27787 50817 39676 37971
98414 07098 48817 2
7501 99237 26137 65176 39335 34414 42
538  (113 digits) :
12186 12005 32154 01266 08808 97500 36680 12944 75008 39931 52657 91420 40485
49919 05869 47405 1
2916 30137 17701 74914 80640 44280 919
539  (113 digits) :
19717 55643 70891 96581 09759 59861 32868 77748 43573 62710 27739 65388 04282
69760 46579 32286 8
5666 50060 90315 51432 44573 97722 361
540  (113 digits) :
31903 67649 03045 97847 18568 57361 69548 90693 18582 02641 80397 56808 44768
19679 52448 79691 9
8582 80198 08017 26347 25214 42003 280
541  (113 digits) :
51621 23292 73937 94428 28328 17223 02417 68441 62155 65352 08137 22196 49050
89439 99028 11978 8
4249 30258 98332 77779 69788 39725 641
542  (113 digits) :
83524 90941 76983 92275 46896 74584 71966 59134 80737 67993 88534 79004 93819
09119 51476 91670 8
2832 10457 06350 04126 95002 81728 921
543  (114 digits) :
13514 61423 45092 18670 37522 49180 77438 42757 64289 33334 59667 20120 14286
99855 95050 50364 9
6708 14071 60468 28190 66479 12145 4562
544  (114 digits) :
21867 10517 62790 57897 92212 16639 24635 08671 12363 10133 98520 68020 63668
90767 90198 19532 0
4991 35117 31103 28603 35979 40318 3483
545  (114 digits) :
35381 71941 07882 76568 29734 65820 02073 51428 76652 43468 58187 88140 77955
90623 85248 69897 0
1699 49188 91571 56794 02458 52463 8045
546  (114 digits) :
57248 82458 70673 34466 21946 82459 26708 60099 89015 53602 56708 56161 41624
81391 75446 89429 0
6690 84306 22674 85397 38437 92782 1528
547  (114 digits) :
92630 54399 78556 11034 51681 48279 28782 11528 65667 97071 14896 44302 19580
72015 60695 59326 0
8390 33495 14246 42191 40896 45245 9573
548  (115 digits) :
14987 93685 84922 94550 07362 83073 85549 07162 85468 35067 37160 50046 36120
55340 73614 24875 5
1508 11780 13692 12758 87933 43802 81101
549  (115 digits) :
24250 99125 82778 55653 52530 97901 78427 28315 72035 14774 48650 14476 58078
62542 29683 80808 1
2347 15129 65116 76978 02023 08327 40674
550  (115 digits) :
39238 92811 67701 50203 59893 80975 63976 35478 57503 49841 85810 64522 94199
17883 03298 05683 6
3855 26909 78808 89736 89956 52130 21775
551  (115 digits) :
63489 91937 50480 05857 12424 78877 42403 63794 29538 64616 34460 78999 52277
80425 32981 86491 7
6202 42039 43925 66714 91979 60457 62449
552  (116 digits) :
10272 88474 91818 15606 07231 85985 30637 99927 28704 21445 82027 14352 24647
69830 83627 99217 5
4005 76894 92273 45645 18193 61258 78422 4
553  (116 digits) :
16621 87668 66866 16191 78474 33873 04878 36306 71658 07907 45473 22252 19875
47873 36926 17866 7
1626 01098 86666 02316 67391 57304 54667 3
554  (116 digits) :
26894 76143 58684 31797 85706 19858 35516 36234 00362 29353 27500 36604 44523
17704 20554 17084 2
5631 77993 78939 47961 85585 18563 33089 7
555  (116 digits) :
43516 63812 25550 47989 64180 53731 40394 72540 72020 37260 72973 58856 64398
65577 57480 34950 9
7257 79092 65605 50278 52976 75867 87757 0
556  (116 digits) :
70411 39955 84234 79787 49886 73589 75911 08774 72382 66614 00473 95461 08921
83281 78034 52035 2
2889 57086 44544 98240 38561 94431 20846 7
557  (117 digits) :
11392 80376 80978 52777 71406 72732 11630 58131 54440 30387 47344 75431 77332
04885 93551 48698 6
2014 73617 91015 04851 89153 87029 90860 37
558  (117 digits) :
18433 94372 39402 00756 46395 40091 09221 69009 01678 57048 87392 14977 88224
23214 11354 93902 1
4303 69326 55469 54675 93010 06473 02945 04
559  (117 digits) :
29826 74749 20380 53534 17802 12823 20852 27140 56118 87436 34736 90409 65556
28100 04906 42600 7
6318 42944 46484 59527 82163 93502 93805 41
560  (117 digits) :
48260 69121 59782 54290 64197 52914 30073 96149 57797 44485 22129 05387 53780
51314 16261 36502 9
0622 12271 01954 14203 75173 99975 96750 45
561  (117 digits) :
78087 43870 80163 07824 81999 65737 50926 23290 13916 31921 56865 95797 19336
79414 21167 79103 6
6940 55215 48438 73731 57337 93478 90555 86
562  (118 digits) :
12634 81299 23994 56211 54619 71865 18100 01943 97171 37640 67899 50118 47311
73072 83742 91560 6
5756 26748 65039 28793 53251 19345 48730 631
563  (118 digits) :
20443 55686 32010 86994 02819 68438 93192 64272 98563 00832 83586 09698 19245
41014 25859 69471 0
2450 32270 19883 16166 68984 98693 37786 217
564  (118 digits) :
33078 36985 56005 43205 57439 40304 11292 66216 95734 38473 51485 59816 66557
14087 09602 61031 6
8206 59018 84922 44960 22236 18038 86516 848
565  (118 digits) :
53521 92671 88016 30199 60259 08743 04485 30489 94297 39306 35071 69514 85802
55101 35462 30502 7
0656 91289 04805 61126 91221 16732 24303 065
566  (118 digits) :
86600 29657 44021 73405 17698 49047 15777 96706 90031 77779 86557 29331 52359
69188 45064 91534 3
8863 50307 89728 06087 13457 34771 10819 913
567  (119 digits) :
14012 22232 93203 80360 47795 75779 02026 32719 68432 91708 62162 89884 63816
22428 98052 72203 7
0952 04159 69453 36721 40467 85150 33512 2978
568  (119 digits) :
22672 25198 67605 97700 99565 60683 73604 12390 37436 09486 60818 62817 79052
19347 82559 21357 1
4838 39190 48426 17330 11813 58627 44594 2891
569  (119 digits) :
36684 47431 60809 78061 47361 36462 75630 45110 05869 01195 22981 52702 42868
41776 80611 93560 8
5790 43350 17879 54051 52281 43777 78106 5869
570  (119 digits) :
59356 72630 28415 75762 46926 97146 49234 57500 43305 10681 83800 15520 21920
61124 63171 14918 0
0628 82540 66305 71381 64095 02405 22700 8760
571  (119 digits) :
96041 20061 89225 53823 94288 33609 24865 02610 49174 11877 06781 68222 64789
02901 43783 08478 8
6419 25890 84185 25433 16376 46183 00807 4629
572  (120 digits) :
15539 79269 21764 12958 64121 53075 57409 96011 09247 92255 89058 18374 28670
96402 60695 42339 6
8704 80843 15049 09681 48047 14858 82350 83389
573  (120 digits) :
25143 91275 40686 68341 03550 36436 49896 46272 14165 33443 59736 35196 55149
86692 75073 73187 5
7346 73432 23467 62224 79684 79477 12431 58018
574  (120 digits) :
40683 70544 62450 81299 67671 89512 07306 42283 23413 25699 48794 53570 83820
83095 35769 15527 2
6051 54275 38516 71906 27731 94335 94782 41407
575  (120 digits) :
65827 61820 03137 49640 71222 25948 57202 88555 37578 59143 08530 88767 38970
69788 10842 88714 8
3398 27707 61984 34131 07416 73813 07213 99425
576  (121 digits) :
10651 13236 46558 83094 03889 41546 06450 93083 86099 18484 25732 54233 82279
15288 34661 20424 2
0944 98198 30050 10603 73514 86814 90199 64083 2
577  (121 digits) :
17233 89418 46872 58058 11011 64140 92171 21939 39857 04398 56585 63110 56176
22267 15745 49295 6
9284 80969 06248 54016 84256 54196 20921 04025 7
578  (121 digits) :
27885 02654 93431 41152 14901 05686 98622 15023 25956 22882 82318 17344 38455
37555 50406 69719 9
0229 79167 36298 64620 57771 41011 11120 68108 9
579  (121 digits) :
45118 92073 40303 99210 25912 69827 90793 36962 65813 27281 38903 80454 94631
59822 66152 19015 5
9514 60136 42547 18637 42027 95207 32041 72134 6
580  (121 digits) :
73003 94728 33735 40362 40813 75514 89415 51985 91769 50164 21221 97799 33086
97378 16558 88735 4
9744 39303 78845 83257 99799 36218 43162 40243 5
581  (122 digits) :
11812 28680 17403 93957 26672 64534 28020 88894 85758 27744 56012 57825 42771
85720 08271 10775 1
0925 89944 02139 30189 54182 73142 57520 41237 81
582  (122 digits) :
19112 68153 00777 47993 50754 02085 76962 44093 44935 22760 98134 77605 36080
55457 89926 99648 6
5900 33874 40023 88515 34162 66764 41836 65262 16
583  (122 digits) :
30924 96833 18181 41950 77426 66620 04983 32988 30693 50505 54147 35430 78852
41177 98198 10423 7
6826 23818 42163 18704 88345 39906 99357 06499 97
584  (122 digits) :
50037 64986 18958 89944 28180 68705 81945 77081 75628 73266 52282 13036 14932
96635 88125 10072 4
2726 57692 82187 07220 22508 06671 41193 71762 13
585  (122 digits) :
80962 61819 37140 31895 05607 35325 86929 10070 06322 23772 06429 48466 93785
37813 86323 20496 1
9552 81511 24350 25925 10853 46578 40550 78262 10
586  (123 digits) :
13100 02680 55609 92183 93378 80403 16887 48715 18195 09703 85871 16150 30871
83444 97444 83056 8
6227 93920 40653 73314 53336 15324 98174 45002 423
587  (123 digits) :
21196 28862 49323 95373 43939 53935 75580 39722 18827 32081 06514 10997 00250
37226 36077 15106 4
8183 22071 53088 75907 04421 49982 82229 52828 633
588  (123 digits) :
34296 31543 04933 87557 37318 34338 92467 88437 37022 41784 92385 27147 31122
20671 33521 98163 3
4411 15991 93742 49221 57757 65307 80403 97831 056
589  (123 digits) :
55492 60405 54257 82930 81257 88274 68048 28159 55849 73865 98899 38144 31372
57897 69599 13269 8
2594 38063 46831 25128 62179 15290 62633 50659 689
590  (123 digits) :
89788 91948 59191 70488 18576 22613 60516 16596 92872 15650 91284 65291 62494
78569 03121 11433 1
7005 54055 40573 74350 19936 80598 43037 48490 745
591  (124 digits) :
14528 15235 41344 95341 89983 41088 82856 44475 64872 18951 69018 40343 59386
73646 67272 02470 2
9959 99211 88740 49947 88211 59588 90567 09915 0434
592  (124 digits) :
23507 04430 27264 12390 71841 03350 18908 06135 34159 40516 78146 86872 75636
21503 57584 13613 6
1660 54617 42797 87382 90205 27648 74870 84764 1179
593  (124 digits) :
38035 19665 68609 07732 61824 44439 01764 50610 99031 59468 47165 27216 35022
95150 24856 16083 9
1620 53829 31538 37330 78416 87237 65437 94679 1613
594  (124 digits) :
61542 24095 95873 20123 33665 47789 20672 56746 33190 99985 25312 14089 10659
16653 82440 29697 5
3281 08446 74336 24713 68622 14886 40308 79443 2792
595  (124 digits) :
99577 43761 64482 27855 95489 92228 22437 07357 32222 59453 72477 41305 45682
11804 07296 45781 4
4901 62276 05874 62044 47039 02124 05746 74122 4405
596  (125 digits) :
16111 96785 76035 54797 92915 54001 74310 96410 36541 35943 89778 95539 45634
12845 78973 67547 8
9818 27072 28021 08675 81566 11701 04605 55356 57197
597  (125 digits) :
26069 71161 92483 77583 52464 53224 56554 67146 09763 61889 27026 69670 00202
34026 19703 32126 0
4308 43299 88608 54880 26270 01913 45180 22768 81602
598  (125 digits) :
42181 67947 68519 32381 45380 07226 30865 63556 46304 97833 16805 65209 45836
46871 98676 99673 9
4126 70372 16629 63556 07836 13614 49785 78125 38799
599  (125 digits) :
68251 39109 61003 09964 97844 60450 87420 30702 56068 59722 43832 34879 46038
80898 18380 31799 9
8435 13672 05238 18436 34106 15527 94966 00894 20401
600  (126 digits) :
11043 30705 72952 24234 64322 46767 71828 59425 90237 35755 56063 80008 89187
52777 01705 73147 3
9256 18404 42186 78199 24194 22914 24475 17901 95920 0
601  (126 digits) :
17868 44616 69052 55231 14106 92812 80570 62496 15844 21727 80447 03496 83791
40866 83543 76327 3
9099 69771 62710 60042 87604 84467 03971 77991 37960 1
602  (126 digits) :
28911 75322 42004 79465 78429 39580 52399 21922 06081 57483 36510 83505 72978
93643 85249 49474 7
8355 88176 04897 38242 11799 07381 28446 95893 33880 1
603  (126 digits) :
46780 19939 11057 34696 92536 32393 32969 84418 21925 79211 16957 87002 56770
34510 68793 25802 1
7455 57947 67607 98284 99403 91848 32418 73884 71840 2
604  (126 digits) :
75691 95261 53062 14162 70965 71973 85369 06340 28007 36694 53468 70508 29749
28154 54042 75276 9
5811 46123 72505 36527 11202 99229 60865 69778 05720 3
605  (127 digits) :
12247 21520 06411 94885 96350 20436 71833 89075 84993 31590 57042 65751 08651
96266 52283 60107 9
1326 70407 14011 33481 21060 69107 79328 44366 27756 05
606  (127 digits) :
19816 41046 21718 16302 23446 77634 10370 79709 87794 05260 02389 52801 91626
89081 97687 87635 6
0907 85019 51261 87133 92180 99030 75415 01344 08328 08
607  (127 digits) :
32063 62566 28130 11188 19796 98070 82204 68785 72787 36850 59432 18553 00278
85348 49971 47743 5
2234 55426 65273 20615 13241 68138 54743 45710 36084 13
608  (127 digits) :
51880 03612 49848 27490 43243 75704 92575 48495 60581 42110 61821 71354 91905
74430 47659 35379 1
3142 40446 16535 07749 05422 67169 30158 47054 44412 21
609  (127 digits) :
83943 66178 77978 38678 63040 73775 74780 17281 33368 78961 21253 89907 92184
59778 97630 83122 6
5376 95872 81808 28364 18664 35307 84901 92764 80496 34
610  (128 digits) :
13582 36979 12782 66616 90628 44948 06735 56577 69395 02107 18307 56126 28409
03420 94529 01850 1
7851 93631 89834 33611 32408 70247 71506 03981 92490 855
611  (128 digits) :
21976 73597 00580 50484 76932 52325 64213 58305 82731 90003 30432 95117 07627
49398 84292 10162 4
4389 63219 18015 16447 74275 13778 49996 23258 40540 489
612  (128 digits) :
35559 10576 13363 17101 67560 97273 70949 14883 52126 92110 48740 51243 36036
52819 78821 12012 6
2241 56851 07849 50059 06683 84026 21502 27240 33031 344
613  (128 digits) :
57535 84173 13943 67586 44493 49599 35162 73189 34858 82113 79173 46360 43664
02218 63113 22175 0
6631 20070 25864 66506 80958 97804 71498 50498 73571 833
614  (128 digits) :
93094 94749 27306 84688 12054 46873 06111 88072 86985 74224 27913 97603 79700
55038 41934 34187 6
8872 76921 33714 16565 87642 81830 93000 77739 06603 177
615  (129 digits) :
15063 07892 24125 05227 45654 79647 24127 46126 22184 45633 80708 74396 42336
45725 70504 75636 2
7550 39699 15957 88307 26860 17963 56449 92823 78017 5010
616  (129 digits) :
24372 57367 16855 73696 26860 24334 54738 64933 50883 03056 23500 14156 80306
51229 54698 19055 0
4437 67391 29329 29963 85624 46146 65750 00597 68677 8187
617  (129 digits) :
39435 65259 40980 78923 72515 03981 78866 11059 73067 48690 04208 88553 22642
96955 25202 94691 3
1988 07090 45287 18271 12484 64110 22199 93421 46695 3197
618  (129 digits) :
63808 22626 57836 52619 99375 28316 33604 75993 23950 51746 27709 02710 02949
48184 79901 13746 3
6425 74481 74616 48234 98109 10256 87949 94019 15373 1384
619  (130 digits) :
10324 38788 59881 73154 37189 03229 81247 08705 29701 80043 63191 79126 32559
24514 00510 40843 76841 38157 21990 36650 61059 37436 71014 98744 06206 84581


620  (130 digits) :
16705 21051 25665 38416 37126 56061 44607 56304 62096 85218 25962 69397 32854
19332 48500 52218 40483 95605 39452 01474 10870 28462 39809 98145 97744 15965


621  (130 digits) :
27029 59839 85547 11570 74315 59291 25854 65009 91798 65261 89154 48523 65413
43846 49010 93062 17325 33762 61442 38124 71929 65899 10824 96890 03951 00546


622  (130 digits) :
43734 80891 11212 49987 11442 15352 70462 21314 53895 50480 15117 17920 98267
63178 97511 45280 57809 29368 00894 39598 82799 94361 50634 95036 01695 16511


623  (130 digits) :
70764 40730 96759 61557 85757 74643 96316 86324 45694 15742 04271 66444 63681
07025 46522 38342 75134 63130 62336 77723 54729 60260 61459 91926 05646 17057


624  (131 digits) :
11449 92162 20797 21154 49719 98999 66677 90763 89958 96622 21938 88436 56194
87020 44403 38362 33294 39249 86323 11732 23752 95462 21209 48696 20734 13356
8

625  (131 digits) :
18526 36235 30473 17310 28295 76464 06309 59396 34528 38196 42366 05081 02562
97722 99055 62196 60807 85562 92556 79504 59225 91488 27355 47888 81298 75062
5

626  (131 digits) :
29976 28397 51270 38464 78015 75463 72987 50160 24487 34818 64304 93517 58757
84743 43459 00558 94102 24812 78879 91236 82978 86950 48564 96585 02032 88419
3

627  (131 digits) :
48502 64632 81743 55775 06311 51927 79297 09556 59015 73015 06670 98598 61320
82466 42514 62755 54910 10375 71436 70741 42204 78438 75920 44473 83331 63481
8

628  (131 digits) :
78478 93030 33013 94239 84327 27391 52284 59716 83503 07833 70975 92116 20078
67209 85973 63314 49012 35188 50316 61978 25183 65389 24485 41058 85364 51901
1

629  (132 digits) :
12698 15766 31475 75001 49063 87931 93158 16927 34251 88084 87764 69071 48139
94967 62848 82607 00392 24556 42175 33271 96738 84382 80040 58553 26869 61538
29

630  (132 digits) :
20546 05069 34777 14425 47496 60671 08386 62899 02602 18868 24862 28283 10147
81688 61446 18938 45293 48075 27206 99469 79257 20921 72489 12659 15406 06728
40

631  (132 digits) :
33244 20835 66252 89426 96560 48603 01544 79826 36854 06953 12626 97354 58287
76656 24295 01545 45685 72631 69382 32741 75996 05304 52529 71212 42275 68266
69

632  (132 digits) :
53790 25905 01030 03852 44057 09274 09931 42725 39456 25821 37489 25637 68435
58344 85741 20483 90979 20706 96589 32211 55253 26226 25018 83871 57681 74995
09

633  (132 digits) :
87034 46740 67282 93279 40617 57877 11476 22551 76310 32774 50116 22992 26723
35001 10036 22029 36664 93338 65971 64953 31249 31530 77548 55083 99957 43261
78

634  (133 digits) :
14082 47264 56831 29713 18467 46715 12140 76527 71576 65859 58760 54862 99515
89334 59577 74251 32764 41404 56256 09716 48650 25775 70256 73895 55763 91825
687

635  (133 digits) :
22785 91938 63559 59041 12529 22502 83288 38782 89207 69137 03772 17162 22188
22834 70581 36454 26430 90738 42853 26211 81775 18928 78011 59403 95759 66151
865
