921922923924925926927928929930931932933934935936937938939940941942943944945946
947948949950951952953954955956957958959960961962963964965966967968969970971972
973974975976977978979980981982983984985986987988989990991992993994995996997998
999

-----------------------------------------------------------------------------

Copeland-Erdos constant, the primes concatenated.
Proved to be normal in base 10.

0.2357111317192329313741434753596167717379838997101103107109113127
1311371391491511571631671731791811911931971992112232272292332392
4125125726326927127728128329330731131331733133734734935335936737
3379383389397401409419421431433439443449457461463467479487491499
5035095215235415475575635695715775875935996016076136176196316416
4364765365966167367768369170170971972773373974375175776176977378
7797809811821823827829839853857859863877881883887907911919929937
9419479539679719779839919971009101310191021103110331039104910511
0611063106910871091109310971103110911171123112911511153116311711
1811187119312011213121712231229123112371249125912771279128312891
2911297130113031307131913211327136113671373138113991409142314271
4291433143914471451145314591471148114831487148914931499151115231
5311543154915531559156715711579158315971601160716091613161916211
6271637165716631667166916931697169917091721172317331741174717531
7591777178317871789180118111823183118471861186718711873187718791
8891901190719131931193319491951197319791987199319971999200320112

-----------------------------------------------------------------------------

cos(1) to 15000 digits.

0.5403023058681397174009366074429766037323104206179222276700972553811003947744717645179518560871830893
4357173116003008909786063376002166345640651226541731858471797116447447949423311792455139325433594351
7756702892596375736154327549641754491775115131222730100631357078232236771401517468995936678730674227
6202450776374406758749816178427202164558511156329688905710812427293316986852471456894904342375433094
4230240935962395831824547281736640780712434336217481003220271297578822917644683598726994264913443918
2656945351575076278251380499160730638031721445034986129488336335655779909793015287927884038980097454
8251049924537987740061453776371387833594234524168164283618828482374896327390556260912017589827502528
5999174385806924855842322178268582710882915646830067968759551300361081203367474727491810336735150934
5888830420321759659405270393476250248737075266131336984241605971059560659997869138441557441446642001
2839398870926323453338868626299654709768054836830358211823411732418465771864116514294188326444690783
8591321108965751039607059607592213323660177863514921082050310656541987948453420365753840298795631616
8157011981970355887547815277419962869363110268688811893191682997748017318703517866980706474458344000
3768601699062304869395907940670264065673462011834932716365990618313789462149345364297139262013102950
3484162582051809930594462107749878028801458089615943548951028274796450601572557509376953338025102336
5030138382522433851551922228134572839271134035925173441390906576186661661637799926895849611005089594
5140910111905132580259501544309513723985720939476474894288034135662757457443388341239875567257987784
5443398063565886106331085355741817317569001387196133456957598071765341625573943667036221555294034598
5708552810738513036224294909456716235233888778877525962168278584356199904722631795896992400744103515
2563369237496356968599770161805363912298556403527947611479952229720779961723024644092490022153525720
7426991775642129269196664606916524778858295045724845910860227611446165516523259778623762195275197559
7598738278690423089893199791243715706181235518117184633349798535115459342404647904621036119576141429
3607466912075634548915883761375863620912312830135706516519846929100660094332304358827069548826263823
1908488770766956401176948849786470380435504004834753756960400671057548254539507002983348819151735861
4598734086692434493677329587736577119246163840055471129847462892407837128650380459376193967554150580
5242328019089138696374948476035575783228204016278497018040069903724903967958484359627941479578415877
0059041001066118092143548344986183970630569497169890893982349122692316286614650145992158947638310980
0797876571632169111826159448759879455321376378672761156967784144663783839712182009726088613272017012
0465450291990583358093028318847784287222583386407249992092360939461258866104220723568750923605392971
9690140303017820623981506289149913655563065078796987157189416004614638686601943664192926349869382011
8367278959225031614593393680899199351432005207154630766350418318288779940961759164097048303106708922
7868810262114672053971388626984761678725059736800220184938164847589615401376053109380865786857293460
6446264014317775731125515946714533807639221825836208065247097397190379193401778465625365802148471292
5245855137234055963272782685593223878715505884114546568427257201206044832502508595311251215022123475
0565784594703542664668012540811642015956293906035075247838515558710172609971148468632280952657055929
0451783406244725919190115984395033573712059626262032104325221372181255265433373979825205091548408925
0423132683009483068643628878620270262559950724380906201748488429802278820297967830796954913070977003
5780974198602402400529808439161802962756482226538014898922653070581586264750755213798797909999121488
0213915113584492744614179152661029125339468693655209901018475257193198054163521183905501408708323876
3343598059581643445514848340945402555345685813479280937220711993980226728339699913451844334443302568
1058803163984353561756006678173336183388615406233263881260148926799181936889580742367417648372060957
8273095172869582192003104977561272875458648129668443093253382393686974265847399934674997081388696508
8818108663581841930173006352684420156027042995562907878163774027350722389881197113954319759658341697
5779734376027001114531765384473503422843851241139550027978375829625917508246804254345440889270855157
1261476897164460626053734517048884166391394768090222721154330301391377434099777634062926718114191628
0530171497555563451161986276945608224243895485228203367324288410849661991931061551778982375455163281
7700476625561460126246843119866941995934691544956031565102557880683529736833026297020230204738825484
7711492567195519702550000261477182775966975271379403848681359310957375252731968526762814186180159457
3788399387626999883042800109778134176511070231502031715637844619552356626021113395548551300709257514
7820905395735722055904877296661000042996578777334692955617310155569674185850008666926961048930206167
6380972035548723516450014123543823023513999317242521126776435753028619711698907390778120818978282771
8576748444184928571497647954018691246474005426045413924811635346848580444632992699043451806083920164
1579757289079932072973186598444191220296296442253443428696150801867331528389806512181213090231590666
5336063197566145422977978387805759165018009510388762731827013910355064650917936734553911059085987183
8474714967975368300187292308759333056247924687766081047688661301030951912236351508961181078628460174
6317561183488864078759849515525252210598076279112301082060449369148953989659556686669095895222031292
2247099198021385946385202480175329390049463742660172601131679254108574893981180111674360094113454449
6561092296908376918617251121144163223810536416946182200648670079401613137290910905631112429092629138
7469357265932577133168692741215388274951528236712712985229762098724517787934331704093026627540885694
9635772470283342578624806814145409781466905678883792571174234769147649940717624167346662498155738636
6170997352045510172552092984219711132526402551226668709111582104937058561718195661764579884366283689
5782210185453779169233792836327935545176827650907272797357551069931918281992872743169427343221879815
6380324435315715122102255411134138827061163888283444771565654270641613841802707165618873578425615734
0896082649936539154499051208712770079669807394066339666681142116060475284927613013278800368621074281
6485801951065221886202823242769507156366297066314339191075047566808437713326685874985026006698837860
5490807311895236607024162189671087295591401922628126137796818133256687443390496347988433894093365319
7840651165810906297611563695607636357419851920766209004913543614374031254339290689365989894906243695
6329333551454275322212292047557997859637305333812442035914395035326412253212048492518456353118852804
4644039882443310678720901924694287085375850091236822779737725063768807304781593886990860497739100428
9094720796718842051372299836556581976609296825773500325758304877900076508488660891594536252139022987
7366341412916839361087932865573598073982026926689146529549860982265129715051500808099128226695073979
6296231545601901769613913810734881970842757767551370782121969873384880530784536199241835648915249807
5651637001879405757252711276047167297227351935486278511084971325605362578545227606716160514735472802
1559305445808976037394030180351703851313974929014930856294395901174546422713075035127359084525861055
1663625969072812189665811254023596921469135922356119305964997644101955631928798313392451833441080729
5151474802320060350178673297834022050692361070679608533825725410194723139833062716361423210800328214
0763716104004838570045668360276529171031656811459316892659908796125962894013684340627873702863822857
3159714638088533613408087440167275825036603355726628898365889022364877583126689935258803495556042347
6365924129268270009310026508983170470953639285441969408678653243072357995779574901523148836967975920
8916130428523847588358268550101838744600482369322692351842867439119163238031505991038538232326377290
7355908584704884737800537653294903151874817708861289170090456776487414505910024657629973399914709258
0728500417336423885746741151212660242088276320894448669205647632349138953872577888425931316525973386
1330125361204793689292526218999916795388241566933849148221081973542548244095146163924762042135961403
5283589131672876613482538060647300691064831939782309510987177158695369824034147159354009528699304286
2145749353979787828947113996662072044923377951775561953808185761431448184306837772454389287995888305
4046888026467803506570316840709807329505811211541949789420301432128396804171686341845978556469339569
3309926519591429322887537778331597947128464919652888478841428841224650796673801944551934185103185774
8270204541605437716608016371622261527605859151033157889614919071480229936992309185221033434932929170
2452343549234875995120044233227130130630614445349413844344928490379744013103659952332151414197461172
9188694989599674000923016440603028877722762112049552527595941978307601860473456233766661602286525514
1094325208861609153087169625742242721169394891054448748340500333149919904421934895728419020818601102
6358444204107454583676144890783589680131865414611695679924118021744436160180121408810987238386753127
7518543713480998227348175255915413805338733982929847648341175515978003794412518453854629169423494969
3170485005542955080363986556564560554661998334818913801398855474992307152934393238859411132969566511
0521027185818533638585723777481322050330470616223769372634150378820640746617326058706465633257965592
4883740287577890604153887249089796425699571344159299457726721179343402518949282679684725160132630305
9926791714520456658528782238921680358430768860748251253271990002272112766752130126967482118280471349
9672716389778850104108677513763396272548054629155895156622647345865443303650613883819687941586076002
7772561131648270433061018399406530898778857275033208278449945565388505586721108772595348181288371811
1213531246976786027645972839665516058700679866503529467956543175217951743866367529285010070398582959
7376252018358907162251379978133392078712900107970208199450389685489835835850535772860810309908855704
8896958811415137233711121841783357504725737825586792649467253381782073022576751219226927055746823835
4609779062469475288180630875763847006523901501950624203771077141776487766141819062538835511984723484
1365698247385456103615295875714992201335559776231276384491580381675113432162388219976537728339236383
8971144846523115448268392483777878489049218454997467138815081831742116230476810227475258474836072856
0400004218411716152406847513828577261484652039771764987834043642551675364807054892812661677590143056
7139493846198268485559403544070062941788160134960923986084729740421270302782017545326213881121910873
9892071895692396462599300992191804085768106711456870791372278086007442993885580024404251907911154191
9599418123236249397126320722960004489066335817271090186662299369493755516737530797515629546620979643
9595880022858106641123010564333062136591842846362057376367427650054610903947220797073684685778987863
7453212930971322271971638729415169949319111225907074096492162362841197052447312171305009284159027937
1673871163286106791834911427829074889014092046593791098182079637843053927263307512677716445095570510
2673749544883386541068666919052422559724257265851535793804492603758767755068235166363431881940769643
7275524896096218579284975959973091419123562503717162844579100027977065063207153616223418952083422771
0232153328825904504702535468466623705332205244093832199515476876453820547600393166337614261522004650
3436032239382026060799331810394757043853879984969306976983669777060829866614947891216973209468359607
7714018443650596738067533492451239901332947467565989782466602711105988071348524311497453679793892542
2021224636591601099286442129208540787617358953877252999007009916214823192161907277946477613728693414
6457804497173093293775074080470723025171724299968687741876456336692906959175126659810363104213334370
6196390027587125561241648817555383262783157450316299263685446724300314602910960920955564375533765226
8488998773723012618944967930085992474791869488929599602220008063918262772648667187241930103351969932
9904981522117018386694273437973306883556952927190868681491098567648297831271032350555420237638763562
6092984476986028684600632005848985545801930766136959623431087608411901722106093313214957611260789224
9513758511064500856183401890402008696644402926613355639447515617278047457485052561408550199589033946
5118029779258941842519885383936880805222659746128314306402864282936845918317752996575670062571279638
9929958923404985132438252553686071768775777965022983731446356818212933779654518336413620171859134793
9428122496344663847601430567896722988147143919892358005903111671247504250941751077049218301321668024
6816643299763365033390142213718478203341174624504088208028105687359133967930740660483856058362643727
5391577543212581364416676868475177869827451923655499811226014963411927181403704904684268137163824635
8974325748635488088850028360133079900954739589596839945986778897141183479537153849618943018174078169
1718173548455942117705095196318467034320123717168475204256009173461652239421457017700454008297648282
1573781871727607259105176096308556318543855842510602502318224862570382437292211202753818474723747276
7544279605121850550356036351520502984262945541686452738345085171243705484284299695146687741256260039
4727894956753227892317987733463157348070565171574954751186636773394077608826543509527280954215026104
9393182511497172482245979984810503852702018268964651043243547882199912652043123623947990774024951476
8816735900902991125382266550132889464735914282884301585580057807355477667933540323084638999170486737
3849101043594487607927429026768214058937278400877420414012106427278583500525979448663055003823012386
0826963596969757097047096595263087374628636880550540227211211898089157980460110792128672304131030321
2757924945797025724775970426689239757915101693962962316818337720681207836855321803748145020506122795
7055169620224118187232342842941855214836828678447034243041774195247377492016509528506732184017871844
2054184202186245066994608997180272716078325187282876751503969212111547614269904419953075509599966668
2756736720454716000971148096540079854927948400989725639332796183380138027576271912266246372346491917
1829535114450948903581163479938155719672670260324456303705811019905615560087263014279461430550807418
8125495775299514579387605296429340254637736350268016795765573224677683048739211364842570484399462469
7396908514490761555852348782419105422645337751767636251988884307837957593755070877435158125664491677
0738420134746511208806478235385658390869469427566797914835562648247490783773535388411561524329636705
4542069797419371486008658288240657655553071336412347072409230820371616094924793334135413395450732677
1841020782629497238192201626860364503999856729939265715452350019428629301695574560851487773467551619
8524098404536212563836271367540806891475361048960792539597116530199968999656452095176148720119784695
7964136293457268784971413249966188495307283087143598562177098710622338104029234071790414272657382673
5675155211811796033307001820743007529459393550614593503187517840907423957744894293355711064000326176
9959553330659098271589415325029778646454346312382274755979431730314883212696954701994047486471331930


-----------------------------------------------------------------------------

The cube root of 3 to 2000 places.

1.4422495703074083823216383107801095883918692534993505775464161945416875968299
973398547554797056452566868350808544895499664254239461102597148689501571852372
270903320238475984450610855400272600881454988727513673553524678660747156884392
233189182017038998238223321296166355085262673491335016654548957881758552741755
933631318741467200604638466647569374364197555749424906820810942671235906265763
689646373616178216558425874823856595235871903196104071395306028102853508443638
035194550133809152223907849897509193948036531196743457062338119411183556576924
832001231070159153329300428270666394443820480019012241818057851180278635499201
489352352796818010900623683532797037372461456517341535339099046710530415693769
030514949589952161665911663338019542272664828143118184417165535766881832140589
503272799127928026983572135676304667631409826930968622476494140464484288713308
799468418700020456187690275033046203665644407179091196980397474788838026707228
447481594820872396116012271067171066612781813201108139530097227226661910705939
909901191206759999972839234010665112017261908678382645549306351311165772467118
013661987390610857244224988944560935283818057572315979194877433541573356226311
595461038207967346941503135025476073551453433424461165314322615014485349866683
602832980563626925050343176583678023394977405157024328732956587653028673542262
319136728400150061488547762972908589372758076656574126999169140342169228720667
989164601581812852922185632265852061482709669693761466494213131347663694812007
554641393149115472708170804166986154374140450535686496436942865468268050323625
576976340202400189774509847282093076387561768341485471708922787978088375199630
922230750920799585424333055600530141398002959265610286745209039670707051933220
670000650335164775534326792392443529016468407192109040375770365934296127947126
325201326851675245529357969957045653909018613602450501385677092328413554183401
307615891413662731269785442444444893271976321424301679394389049166741038484553
173092098892100644535591061999694839444092529599082

-----------------------------------------------------------------------------

2**(1/3) to 2000 places

1.259921049894873164767210607278228350570251464701507980081975112155299676513959483729396562436
2550941543102560356156652593990240406137372284591103042693552469606426166250009774745265654803068671
8540551868924587251676419937370969509838278316139915512931369536618394746344857657030311909589598474
1105981162907053590816478011473521325484771297880242208582053257972526662202669005665608199471562817
6405060664826773572670419486207621442965694205079319172441480920448232840127470321964282081201905714
1889964599983175038018886895942020559220211547299738488026073636974178877921579846750995396300782609
5962420348323866013985736343390973712652799599196996837791316816815442885027965152927810767971400204
0605674803938561251718357006907984996341976291474044834540269715476228513178020643878047649322579052
8984670858052862581300054293885607206097472230406313572349364584065759169169167270601244028967000010
6908103531385290270041508423233623988938649678219414983802707295717681287900144574622714770234835715
190550

-----------------------------------------------------------------------------

Zeta(1,2) ot the derivative of Zeta function at 2.

-0.9375482543158437537025740945678649778978602886148299258854334803
6044381131270752279368941514115151749311382116241638535059404171
5961733247197185174912402688214443700163931015045107160373574873
1352956057133552593318050514872534799984717397570317550302619073

-----------------------------------------------------------------------------

This number is (exp(2)-7)/2

Ref: Francois le Lionnais, Les nombres remarquables, Paris, Hermann
1983, pp. 23.

0.1945280494653251136152137302875039065901577852759236620435639112
6128689803952888169215624253956089738687658063273943306194230184
6390636687239196106699038887450061447803705376851195665473775341
0432909101348239341042021104911276174378712312707073399640646659
4403538165050966894987036499348004765165375766040941184234739651
4956779385722841561961636382301294169998230606424642604839452569
4123319935614068634305323678131896475911139214742172930676438469
3349287600077498007403753598564668470942599861444131812798597054
7933095739935752164198846632305117558156194995005256891703382249
3319463428079109321077886242460055967658105859758658736348984146
7259992527092431598567842973511456278699178055257489684072513882
2403821492552091058527972095893841735642638248904856731252070117
6210793704693341271357851963226482022753143890006555463250692416
7265132318157078023594405882897139317429953835226355968647936199
7993536655407480626554885296765049525164840537710545438813154286
2425019139361380724333725282493692938578755281217194719835697214

The Dubois-Raymond constant to 1024 digits

here is an expression for it.

1/2*(exp(2)-7);


-----------------------------------------------------------------------------

exp(1/e) to 2000 places.

1.4446678610097661336583391085964302230585954532422531658205226643038549377186
145055735829230470988511429523184485575419803227050644507431903824515434045323
348299589354600565058450155229216855356115763888979191269527071068690455441925
402327632452829115155531294480526395191779440816753200019244730489909867275405
109516334654321860031956702982909430158801267338033175228207912837451102704873
260814978988983190463351143854405447262816274799749460481270356697908366707436
286857745469285242239557660491219676478966504162461997038023839327097318593376
749353786144331818222839808355940598080149837715987730914221376657228893083038
653373796085635927418524207501700955503473378672633650172532071964633094039805
791181211321822715792798249869313151257645431256672690785430973013197954007349
759915411284195117795095690802080276708206224917028910504992550858838301530990
168243094412628246769234504036301625290742722268679939821759708209959163409668
272661675291393988743978086274424216929030067674616098609214653187573187305086
126232965254339049074676664819105807348446759446087127244979017242483460404179
341747714250050989931616597470081561793341963839062094592757409458111774150123
401090738866584637703401804698629579215080920954993340355597764858183174482353
473455817208540672671046670074599189679769953032351553703420171175453974166247
809827198143203926183829504168693184240081340014797368333638242826144594773532
895315646529427993252140944435001058155602470222707034315433467824667390320672
298668340755575720341029504672999558891432765402324099908360099906068254994962
205614450346406873954438690905208353252717530240673528702084400924827736996425
665458538869892677127917308507971472097901815236540498385634815319237163639823
489127657214172616278624432703958190123012591459364636457700684303609959162148
471764293090265464352172321399050793239542414519952632715835083532242388928148
062704080236468208418817964014007539984012140940632398552002059931845792571919
870579761842699809457608403137282578292506081725353

-----------------------------------------------------------------------------

-exp(1)*Ei(-1) to 1024 digits.

also called Gompertz (1825) constant = int(exp(-x)/(1+x),x=0..infinity);

0.5963473623231940743410784993692793760741778601525487815734849104
8232721911487441747043049709361276034423703474842862368981207829
9529057196617369222665894024318513514368293763296254771187974025
2432302052117885737856177283652365137855948674253562181300812083
3784238448595980666983593217826489686047231099964510855581415383
5206162575008318874187017581518579310050611604355294567103401503
6663635029755807141964659205370602563858754392239763839327096186
3555954208141117245933865465249552771087829990958035092991791621
6389635691355069731255489979569371930717843870146967280775178170
0499106605448472254946244137072561379284901975499830037495298303
8426547682453111389665104606160569870635068347161893124491230526
4149918184343827745648804281946265691438208018677444460174831369
8959152675647833695487186740099259602213107786153781858902163226
2956642078512987325163348487588340256844389750747943861531479299
3932807784399881769589219826357740623772168228057169916069633006
6837801738278339632544426209799414229337385628490796642900584404

-----------------------------------------------------------------------------

exp(2) to 5000 digits.

7.3890560989306502272304274605750078131803155705518473240871278225225737960790
577633843124850791217947737531612654788661238846036927812733744783922133980777
749001228956074107537023913309475506820865818202696478682084042209822552348757
424625414146799281293318880707633010193378997407299869600953033075153208188236
846947930299135587714456831239232727646025883399964612128492852096789051388246
639871228137268610647356263792951822278429484345861352876938669857520015499601
480750719712933694188519972288826362559719410958661914798715043283976932646102
351163123899900105137834067644986638926856158218642155772484920111935316211719
517317472697968293451998505418486319713568594702291255739835611051497936814502
776448076429851041821170559441917876834712852764978097134625041402352421587409
386682542715703926452964045506287780013110926501384833453026463631415604718881
176579427863485990767045271193729587239959870733108149612531097705935300990503
296810754210908776263085724850038278722761448667450564987385877157510562434389
439671394429509260066782961819652860639659716093395833353128273752767615716807
321951690196420724578844775506966145437379667573871682823798557571921419903428
286722894917809656472723245360455183273688341979349581145497709879594970647587
774356404788420783840317200610794937498514342848507542818121827763847107008928
430013343347406041207901096205079600966957256606617065204899682275744332229689
868778141305679410714248778230278035697065436930658102212059365744148111717372
322044376207885775691770653530977435291385579208636931367256934994119537433668
031809658792549783249819431959484459119080723629468718812314342471079573188059
411629168665877899187594284046874776602916796426275176173176029678431264875228
449532410503891160486326309580712207062800802613988163730123961812436859697073
687897512695426891917718851472182330500260721398680077113065104042744612432418
636538005821724437716331477461032168192992238880422697070054846741573798917399
664629667243783725544694984451303822508007659860365418755296638140706405978149
113966107310825202174733604913793172676414416872070100939381007659363791360656
378830743436073339549024125737991091522518587344681286529833287221910116921836
703851224586473924509470051806105676912398353017129631531317928130670873675512
293989672856993558195595942576194069903301750916817051960686947952596778782116
930308596118038967961203891800225090375471269275160190537092166047922404708309
416240552805821234037825405031635884767385305129541900147968059426298242777017
734996745786002038575746677162070901902201756573668953012000610370394745226690
333490222329674847018388022672641358086323396965584421695809648659885883078785
964787945274277326991008474611773087285290817112400532828353522787286349298011
466754586407723191590006556417367299581161660855749873433075517030969167280695
653202663209047583374547360436268123508018544017504043756080906361771198625470
149048104379275794921114783538875029113899376475005617514738376106868341618440
164912495798964383808812921962561491051901122911823612065514311598245021110875
