123003774981661101527883198293319605616466996584549306953972271269902299481066
349866667711541441417642110056742259055973859489399956416877027403686844843878
331160475603586333044810395367908436009255398182405958893732955789850646085796
615356602079265088799225882476951161563328151312060155958757652236229610314043
737655039032110056785575521022544264384326095780364164951236042764806188236160
890825160752083949890179981889996999361787560495806984007920321165173700520872
711392252986057538244781550431892600179113661700756891386662229086716434365066
138685539141848869670045603649745465121573191228685559238395660555034647129502
272973429272324828820561843249322610566452155667380755254012807217144473403239
753675637808509678312610307280681270600126456421425495339867496544294992573736
675057720340242200111889969391862722662472985723811522508076083907468859247062
618438713051979278966220573619236235884414040374903378967419651424850609019736
593447674433408886157827291196637314387602556825872640040360108127626486554739
771754647752945923251286783755693999281277093797872143256722393098775753320877
814706366224167994532459489604439278547717546494740527401757690307523818712770
802401258016213611190693700924477698311982720672040301495635719361673563646044
470733725465954798413877688251653402283558231113076048674143215504485248425995
733923936500852772757675171790641672968398130365942376812678819585258771388709
006706147148564361883053396196148931037899224824413660079163884204492064977616
153309853138057636688074273427947239602728505304485873507046172491376072401615
512298236587407537029361423362135584469525508098506414998243676892703264122397
777780797364982762651764442756998664191149250033467033383902975022281574290289
996084610599820200461855658250325572322081492640624150420681556810385606292974
667612314900454434631163816019911788555033327887961966956313765326499460741004
515599393220921877619685374338982579392523232381906272644415698794056346700197
147309006066975747110891841370040772065018838648648952378725516827825097137202
843454635845720745288715893500586521416064657271802755829475994377284413622402
278255823297224719731201808049285217820696007950178566097497563938879900233798
539886083265103979019521224174857355499840211941288220268393130665866693078492
677834837518281655693589893157735607017101765694142118973139921424274158208798
586671013991982210373016321195660611248325745529668638603284667257122544340115
662044484068544925938732184958317660309552318948496447745205582316975956975021
084605232853767422808843629081395938137059908999602252711688580520508066861061
705767663061772892595512331877182166187437579907803609662912477756180722701905
756176572618023780854102874362909856233915153585852097624343007128852963818965
639827836888066119086253556646502579672717215977941584606920731328957697707517
150163970841340277646051273597061385137570395371793307148031721327772102281559
903489984161157363603608374555932386954895383975547376650885566839720304336244
609887286598535584273929754184935820519527090894046593942228790679612068765922
330799831962032094315941357692606711929439001783931100270270040077330829912450
149098133056561047052644633702930631690915333074299528167295774991185823533685
797720343876437258084093109871827866756787472166312874765106236107153501937161
223524771553785523699634331829372557363105922751187700298422502563559713764608
962368662989976500574163947235212213619381032014021364586718914467252805879704
389668431341470687622389235831340353998407125405337062901538833352952961187255
133383966558189121269744800025614585642290512408114242447549724010284903791383
287173419488968857624795285310528359740109136972237837086854188083909494835049
343247719269777456765460563302257136585360189963431084375152136644883522440941
913582693028799161254835482880497180830265294265218900239368047506777804131994
427952941995122088725010286291022239620975719721701584143907796959140640799272
677407486878660868363449787190268979288132017387699034115237019907961958602867
866030983990878036359281774981771468774072554554927946481536187496960682284631
667799505988206594382818002763337692890214619867056077899763352757223250078047
394056487785142212550555102922708554728193106518346083720800086440306467280071
988722019758812309893005257262526100643404715078540248054867352879278107374139
571292337388081356532684426670940374303254020368346100539388439291132712921246
285952836081954846833872547593672643648959789430255618287447631617015938420825
888425260167619480962362451664308307106951912234095018190194807832165714345627
767096966738229179225407304485223507286134287617999320103157373249657078787521
866369988475926237688107460983583010027850265885808496784986481497065172670580
496038018704178331641984765891849002221682912181051305060893117308628480614348
387448377488887732092249498341763685982037160495321612056275448592711603500740
976434934697772603881583376336765862230762931090764097477551192765270733578957
366996596027476805757936363756568548300592337612216027700270903690596541187040
690153166527707965265052526876565064016647141539746331770128633793945421043370
822664735242277637590926206610050403013365492337424312386707973326871234702808
539151223240378478398145963811020307018633948587087464110609810102749002466579
286329392296944839387897206780219619416052134334996581911389372601922278885758
225391301722492000485630125353047171193121744779961767064526686182156494316979
159948053531104152742911366603204636671438152014696982124048373373258291184676
466798304251190763631178531780947110292141667021524088644942237960736223109753
718485928903490494928675011080063817726842004226552069312083354005699157227632
492939402019303535176958406688605738253359345207092516471214487660584108929495
752093179284962805858168576730229088043689728246504825367268139944333587439763
647453269976239001063588317251695246739434851079770312911372105124334460161865
671721422719088978864749087543640532416789825830009882824466336085546004188664
081531166590198165524257784158354416961724169323664187103581709338971187084336
498393851210325134707383098204662847156754590985028679575643674721017851679824
306643591575174059898229276931753354559748984737339398139925897306696098597489
488853665144385963858318651751306920315502773145088537869292050735387178635980
868057113022181254772500866252368770780470111248556594478494781258909231661490
340371790726990266933337788812783504899792389506416656164054879440245333651154
411004937485882892377934527485680722646601033483055241017915975717332852481902
596595794645346596144257977875555919404280576800707656538817206374218569319802
503561806524483484388077133512848655204874193274729654526341426102540899427315
951170841839803922955031713875852194800929825276388573332382856257019934171367
455780664108310682825265794242866887803364029343291171640921404985319131182896
322780843604345327288968658408272005842242493738668276713091655377494074592377
511234217839194915013715354021270067728077808132373908548094211373925003634094
232724604024661426699978270951097552299293902958253322606390335401933365900400
069980698143278579222376125522507787102074011220174831684385210288496303902766
048022869258935287149331123758696249481636925307663497372321992847203892030977
632623867942410982150858414833914107028226990487545340632276073712784489734056
401157397385727863271314368895125021272890178073152521785340683030147611784092
379488117406246186344148397899253299510955660167236949482375094876933217204858
969701485145262209059419631450027103437543780503073245185585067387879110954266
099790423151130593091871850824723107082053166873157084146082023585150018636203
291422188329458432252744665396269022540833394200920731821222492678009107654832
853729859534495923237423861940193815231087244207297410782075799185362864902584
222061770734528805317366417607738165624797803771826896213450459165100825614202
658664882676169316045362426945142242426608676140691948373858196522616393067930
452195019024013122301456249141305342170482836276927496492904128598393898746110
099258105154808013910784925257991806968752921437468460186933360643453706204260
728292752203903945727121117556575030583937117420572986471255809314325093313251
124361262716519112738748531665612683606819709481916999729327846331643285042672
160901062338642820193828205647384097609179282828633497587010684920143528889180
478946542182968327369312503526226516055027865494849703600578989357217398176999
252590966171596099346227920654599341629817468007945936043517969522340559728594
442335197190512426616471527478077799603976186078742589189350829898034841251987
632995113379968466276941270811283240312633526925461853858939771931788982418195
413176177792933012073049015667497313361908091299114099755324387040950908355728
005735613591267363565713986494810889028275278433450379416576809951238584991253
613869502338102881617031947662179405074394938352962834912957612198871104855521
931662738172599632946782538175341987884277788742020817600896531417845274848261
449239222942794975690387187554449354118409454112203588207558547741732689694164
911056500919821801338908064989748689850968592659634667383445072402451527153784
317608201541098423019998163832236390429497130534103636530157887279096519038686
614748425097319503687932472726337566766838507615867828931030058899422788065029
691310353593494174840007831623320830654786675079987704153875982756361002060933
425008168693493709118994534434927209897964144784926476996976250332462057211231
137708422282809498632812832763797686575831341615137109913751757530596429826754
439547599593930139614912763824555058880880401658107577487181182699040485171933
814153148518796096700558396924129788611789623797755633851130580333893612643251
948245838647125874345174939949138915492599421609693023201644524372425531146013
842366497486305490535582879015977945519534975511256742393531943969245712956423
629881614980177019648519025497050178654825452523024781082435606436245264917943
683262828403828969544751991107154531188460305583397508506266100579784434646882
542242946295507167480132963261228301053325540905093081966740417921503184007730
303909033395544096091770891194623754314583006934990192087763744222377346800736
787923855884589873456661703378565822479434249399426148701651033717779301868460
174891761036264989694426361458050991276515100251071263439524153698324823461072
830969480586905108801261200137863434917999995455754800087171285354498754623447
331600158028899317763581967969975192694631295191107127862038091854380328445529
394811666908137245135134857497713300547446308013630115563124953930044260525943
830246121103022453600801018148969630461285366370969146452907295745691771172299
610150250616592306229785803361251766878999103397571662413099449845469455890072
765611183296981613845571574066165776674401832713275682173464218222500394042435
390646566877602739303815584856755124431327821743341103236266664826216700768898
106248850571656248007415189137930735159250946305487552639752101133850810312274
421142439537119204793496236392549727840919408023171947009340694123388848703800
584426408018294375789667123481442638968320388148046385997260838557861278040352
579608736480668324049872823288207755568406313377942161922224473251523398910684
895847541456007414417507254164734584168150219696628169584695090833914558106338
237272978126031462299515741791562319718338256224681087604277270136841734428877
409353987125178792347626024635420721272852848721089678477522433480937846746289
641264462047035915790598887342852092112643197788349087648692082270039202515655
995562624160387659950832094566243229512224574888616241963564117019692173576953
123178814433856669339046803511261567063860629887221400983947025623897617649821
476488277216818358496832026974968607337586845398327188716335485054870088623011
730595264582506256775830321981359573036917109489408358819763480081020501292029
725999686965561043540464232338353434354128363183642900973263308740249909159801
400727429346522899127789648310148225640311569914914831913948808841539470891516
384191917864286752752244082836325943554416190807788147784146599876249263327735
530648114563769293788171655928382242900518742316816512218831609519100407639418
347929841056562803119363713678702312798320345171265016655456896459142992498956
288442423268857788721904665021456859250813004141051104055592647127940661545256
623209237368962032643552276445563312485807181630540079716226042056261110762862
382999873131796697085431536981437448401580872355642683026531168260590897620512
237207104385888448258985422648879810038646791401875663940545410835678235568620
443606049983689249386363499931960780519899209576038644937404603331438978531564
868250927635178277010584498929460011627871258374795788213397323444505027105884
126176935345179216219071745608529228919708734541088088303438769579771360358762
261483176096758782874642607332200695942683039888200950193963319332818309142943
551771677538113655018681111812933245426930220906480770493858731455726956083133
408210088752513094919960597089015948077056509216328200140959982891872515339667
054920344461919596649573012100529183181986181882633349094032696589444355772837
770753498378264313550806407988113173032255737361788823595045187084478936033443
983092184264708461644473320390881555244820260203169542631820728575989022715017
104109248036356445163527076332319732998863749546726653599543651223316434679172
469185504284716454578096976442871803842635467416509052685014707898053222251386
637007524388065657147031724529194484308750861856642941970824264428107011049075
609790949969688394070571586695852583342574573831676473055283614624447930445670
293742279982328514339347782022783592690785964617490638095604534823639261052301
148627210184586155729260303440009382646374066966545454364220573170636317848405
108257674044074656169650823952691125627096001310043996886958513899309189116641
829317121107386040655271035337399767342811405524432484973683168588640318918047
315182213172337736351566583159918548897597987834437197033000673966961450805213
482334231380470027375626634637172120920273213553404443303064844079431917003383
066163595938111717589475868959950924619248721065118306264056734172041922770253
530939865541434556748988572063218405582293376135050013581516690958160722641837
095534192726150506930903709410818318140331738104279966724428844118899546499816
517675816636812840293951743404510986838662585110677492992678190502223297744305
328153601651681691424290414735029413450959117152089767683575904972243139493787
504018429900146764464708641077834770880503071579276171118181876608942818409077
177804873047238611775214960626270909733023743924180447156737217573827059959875
646155086161799132421864870985075842198576294864405779474749596410770498230479
870172972406592548435146800381271812406429361908086399633044665311081374803742
377536989086807086856794774429516214079523947778891101395206347811033037237295
815481223002155802813716432026877710700630435057437108787108708958666818757072
704803637498142343227146108988140675022624076470245223335126191333253810114907
386015741542012965245374983584001826222353658787777301003139119018559043180251
336281798752388971348758102553773830185693283402895389753820906256699498925568
964849482685721388134388305479367385195636378566271199584147152442869528576431
899515774649954099508969269942106313631972698967875656514172097563051975667102
184166367297560663162158821865029172797920118347519774567561638492888027900464
128171902850094207806607663380648795514924012805840090484231526819950029071452
667762953098382840202091931407587195716846208000069503494849849435363014569786
753261372145135553503472187458112720404525174554574302184662724348518720567608
805093779817404920255386167854016846492437048497252481438060875114528249114278
511093617485373584947592375592728680373830853916819483875776458717421457768250
389226619820444326857679360168014776597210863813073963339826275665031033591583
108373580651183623384526852663240224702623892107263110225797562446750888601825
883747420766809148458348183214036481161988928837343429496873831842567359839201
648142452728880559226400720871820531426214458955072646505325046112257588160088
739778891490204990287495503965500006199985601837720407688563914322313781285956
076599989228783603874100634732959977629068472333446391015822041291008875796006
336696157039301206789338556707121979739850542647972272936250278043042694753839
206989389901875722987220036138173487064424454095980245571856695270712533991626
504152974556374659170070626786934108064091637472263695643395023670831727054436
023417082580952667620152184228574533797850083969729901385876647420076279832699
021584780546635771427690080752275272881403017898646903099728583788619803612091
358438236075147450674893751552461594760415772361772496427395652007799900610470
145767989923188826056157425438934184193047205131318168890384481796044816426949
166428578719531427894705924363291094746926066449169593656161311633189808095816
021001800290385737192530783788415589048013465696558966031653776684366607629379
149974438214733838136200373417772400800360805417699363245960275513602530408176
419289147430119265718951572902425108980092136445245545287177296676671046717056
843728144974955701739151524635597937806950353011674114321870248478143556111403
696160001860873270311136849061520707212385415421059189620705401362695626840575
739623589801337114070123081833123676293050711248537068137857028480761201317626
039014259962874850996250782404644436247416789704040851551785298749760193930634
406251809479340414159554661784794457936248762183184310471713290806741617845823
459522911016459394576095871403906889825369950401910656364253357100362332624294
868206169255974069359070371065175385161397052795961740468610492029502860944844
887303602275834842092257064870824156783102754088632213506480101703457597539843
492947159562294598218298498592840803913273228948392359655445540283597884642387
588879256323409934722244374009992765407088044912843124189481839492254265937434
578934371678612996355094042249599217172293825157408593079616177382292030001160
102772727933109612078093134951593365190150621495508747238611437804251345699610
624537751644913633206880632499759259474500377987792994895680854402270515394428
396295003919570950645400998325186214653043601183540257415397100766270659331283
142257265076499149356026544508406858209633366088416404363807094038550802054488
963337780674155477562167954130314570630757899848101166306408073395056091456481
424877413917750260843749511691185002218387540548618685039604703654643552504131
923778424701325804583558041662878809939113578112677578918745042050163052413201
695321125135210642467415560083550296847898564478673903624024360913369312882255
426792205110708359552389800486115227547727623044999121288858023225311688629054
792061260733996528557883453885527259071533693458454957722324224845568528119905
853756200920301648672833836241434989386985860594891795451118196084617891634037
452886443232650628325800334011049881864999691366015789490107490572033766013789
433077220804390460581351653245326687461228964372738333982924515798008463365720
011812469633140655573748004879371240075407625204947549534891144566886888687788
897485976500251469784785422078481025507532161327118725256213783795534745421592
929422071097920961148766462785086427691771270227682798469614109581981882515733
163020021187193547449105652654855475232151125651014507536211743982992309698759
368021855135489916418333311660198775054896453582063290311045334170591490037797
669127797404338675710063657648665995684343012892751483323252999396847498592128
429125010483724455075456589811007005847447723104464782704581430568770568043835
410631076420629942677730878962342607457151405979462562117779383941065714825867
460866467602540593201704915240778078730820597429468633595110277421836890324440
520453473621744945654259467111623583147759121807815591293912114036176213885975
334932185629039944333870747142001743188630700595331783836365873104453389531460
682646380706202847473161685868296697447231157873637863284020393858998074918652
423691941850878903036933945782475549523753793855548095574662322992751463747350
461462937891961570645239939548756569157949341768951239425622285137846928266438
953118761464014566655251183587608387465645499700048279875906777098865110313125
148512278688389704317388315686241141777305321340955173091909447691841903155048
858049491851453654289481480078151004648149656797019783219529907510762102384319
765509456482619316733640891752172104493290350860305997796865649151108411864991
574689509099398082629163283660413592136287852725662390610266565821218803202637
742575844504170656506752618066367276135801140426940280478377142661518947355591
646874581204513053111346356673593126601700311913469762690473430738856771232943
254167891457204108781448999323344905520383358425101494599402974374452685348187
706079521182145346702311072998215298515318999400815459300389408544728151472150
013256219948866619360790973901261378989817203273306074150840801360648518856106
333336988805198919361602035995535664332754084151185319321304722131380275011318
578636710703223387144759453896541947243246474021481371918668179296584993828261
616550843817769923072119978177711751607044672890642401406948010260888967377973
559065951631269946746537329884941897529436904234013789530118532907157575211520
445337878470097193374120056311376980536099525959836309244253689844026605047100
531274371876611430363248209108684197028289057211156953649741296426917774881744
725277306630009361039166766882482532559002556285643596997692966872778296737856
995614177990526681177006167696741301131744737766951163929740008289362192911693
788808743381815734138604133050689285668650884668919385615532565399217267727803
761489955149003353638763632354656171798915263379131494847728423716850093130606
638229390178785747808253855065553401739335020991012220343829628128063357323003
311907408638774306774323544382347817723127845882485920094604805680082448050865
122157164878259292860143310547624047852395722934869542475254281970777491089738
993191776307399285847867175219944092764258493974066240031427884404744862596060
626649812607881253755584624360941476526199776995177483692745048734417031887059
584258904672812574805794907170943827607592380156953057762363073379635839283018
091796270094471981271387264720039480766733844113971622799873917948936891093458
585515928047141213541403812680787370103546237131682297305058230100352248982888
617469948810175231735722548008485291257163922471930727194272891262424107367101
914687398162063368194241475240376287102945866387569682265610316427589843965096
968184593407573706859221860046780204582355326674408829670327128596971814981402
710337255747130024923527721695813685515928187919357123607717737875816574468984
420317455078026069152803201010286508187565934513737508021444975539325118222268
238685577644612820552541069114967246048981797006378267236272197774989808523313
311482241466641568242480971832027371598107692559550944715600035661751420153388
416706385687058094682709479705714273341992405871314069733293052021866254695612
966415714452906638789356907092651846210297343495250819542899261934353203402254
462157175383757860984654323423110179349172936836719916399163249018455796305778
191146014140911208200241358557208508723726658026184454239132611273577314313666
625466827419156224097176206254862575699431699612989648791788323858532846852957
057655939312255443939257520378280788791230381172750024391988717665793411430690
003853232177593073872553297758906497551068452026130769469860861120542752242357
843299192405821724119114002471221594478751483806910645599217657664459071089069
710959148740193487917534144124839394224056810137788450116705533241482106926858
289131960794967457777098904550460447633247906310478767337487042664208188092439
653838378389312471859845938601925740065529306880162983603306698658079130759991
244103358337839962354691937265480625859711308081768593505595317751618708267140
604204099648505884691298414984482089115488597792896821401945372279070124241328
954654210754475377871936267317945584417865312027482400664726322198392314351909
266304097502941201384885936867665743679298485286340807177591451384022998041505
379582428743631097938102457780732789374665619374113346761524829583016417941003
051456493386902017037712189816928821592190826974013146271372602019838932779406
161784030585320835588337119770445639336430028270364869288079598978815642969926
976943281961351716835271442200744587914862164125339033316656299936539295301524
722519895646727260112608302761569479840474923754768405192624842108952559935070
290639597202309500222666777135060816192574499595859463233920353786798558777338
612557433819821789480443585324500425564670680456355609434697753908447272547335
166785281497858671715379127127882491311161056380161137131712376320176626345929
808129551052300134874257268292814439865570658614591333300531082264573764975779
935664394074283112375096433089535696032716167393689390160947309812166173951072
966740468360334585417714625967350098719006500432534191791200311563501703493052
246195276794951306981931675318100571709446166477570678596023596974122031834194
085044029582543259375221953046369612892946231644909439602478670911107622377411
456692527920548887473088923060724411702642965361401493252394034327245406618233
826221620812088238466622347892778633061320033958813489383173439569772392380264
299352011040534949227354548284947800335532236919300013894176342457757045061544
997087529052942828938914277052526492086581944227912879749976178163077033423042
048993467324512994597588462398815898842046229296497776011381028578692748696045
370010777196956417763390857531429277005104633777087404720706017042102557613410
987232092382443294687007393355606579381889484999468296150163911122564104992676
842921393392502322489449814663219568068362331730850973432027898496293153891616
144556131558941761983200660140144740094585178861004147405214349237659207199779
217952624895279751929662295373050040362532376329396585695724087537279100310267
334735350257704765681124551125760117658302551638510879426496637529084630797935
998670532380831706478014080784095107058095616020555549659187637267411454690441
427676947547026364491844226944971432198232681335125705176643353256852335602491
038423807235766415568136599770921318221869168394311148199212450631238257893825
594144897153288637450277318939651479717815582204897622049232912243284797211411
816005593848443646040382578746584497737104761586917869217672860092523380622861
039045379844821283197808813482081992302394800347444469781395400730525251266017
614764481436916153441347214350082184799411466997571272880307846814286059609698
137747702714324850502458114575891154935146323960791330634868206270346644349875
900998793163675667959682736375027539567710888702874447082217918227166269660434
936538250753010191742148578431700488607228646999938864246237985750752543689229
176313354973236076694247265818417772008268347449256037299535504354870218922571
267262665663458265520311685513614192703432124929773611458545599283289234042159
502942628194563005171188091587715683744463765723567281925585308318406249754882
647611427720231906118334132583404471419858844939249290392641889162922699492440
422957007152841121816426442564489777692238801248043321129662775439600661319187
566348076805541940005088973423003826029883745540574366427011706558608348872923
612347349439715758878180024536872765789599064693722771377440937842632988529362
468615545440309249547581126837886710150179572422147022495662077273534196399122
078584328240879842045517108322018477233687511147092770178050799038755056641862
824434138385289456348746432863638873912295369106935112949512918147968201063306
840794715363508713242063248387621887877879802978207900066048952695305209884117
978639920354080535318772332264504082060722792979763578450255817317456232719059
291539161135138054673869780516406795613592533994268553766581844965386513173627
057171412085435016593942653439538209367678881655736933246181138105190019380870
671273542592659731167583144663173935540585491941026053993636218868710794803000
952672503423020053630035177545198037047584587301126382491452703229592566442707
035314606380042668359106621634244404673104444297881113397365538214239308101294
425319163296094152600691257710121002374958477210033917401851248337876083078618
796236641389661885814227921191934251224147638929120642565004116187930278188067
886343689449195941707388545972905653480988977766692323495403301867711803964507
012845168452506070171911553598443933233217435584679379383490711793994503551815
912862792687173162401574061848096926634532531729275055410802972017346186724116
320075192473875129820660206907107596815696433074377377678016874959102390657986
469348652581657984286908215646949628409197774580940569703258298888595790450402
323424005798228333822814171667958164073098780438792260602580568607857024380963
217133517693721107808216505839044015282050906072009564215600435317331314426655
879135696941449596201378306714629085859667004265233015260624893892632976262721
923433119720320151274945235367007471883559142402932743471786843400907359297060
729725577094726796337375310045160146655916794885505071283307934740939303254050
224256560122590501267923031888535479660156608393429130227565954947332850881620
210899286913668935605873458954116639925311363934115765172479569041167187750855
647446628605733360108168492220207814650767083810076300483370269125791128352056
634512556212994191071165163358193598601008679460262725355004213180772648488453
632712772524688924610050424616190580464021579801345310367328193348554865153562
520485133435235325197591019241067440199511946434537187487876723870113574080942
828780638083612536596171540442195775377362015798974081482744844706472682694982
344111785005137173193950516014460630746767091698594744541172333931701704979074
953239474175288994734574540460262420898782171204321670062692622162374385419567
374060568694539806088280259617212268651759024618235634052833184906827921057354
658286643752159178048663442578537651709598585893504753302327196743251170087440
530161638228936265046618593362099703103090579965962913590868101019938075278965
933744215369853504332324322234473106362955066239453912261084023660808074972121
184173122170888342280900009464072648254312801960211403646662756327539169659213
958361529413765253206593110113436473867765627146964886705789246087146733724569
184247059396111092735205471478146882988881414240219571479830354195813555543385
721122845954926152456957960705640363711802154579069558578514479694374441770465
085216001711387148834850179762659859711487916961099780132258835073369767433587
772458162541880927954670719248799746633172128290982714555245885242504110450703
971444526171525642852049332260844175972622304896136709267903003957927220207567
514033206462440390544629775935857770291766089105886330947286654508969500830501
574144070076208701689164461559479475431405086164492587340442733812488663422668
748954730702915752553733044902302412801406517308882033874257934560167764023141
901120260179887563468506189353663232875480509137128206656609919504100280550132
922107959398388809273293321391232423633901698943712388801229648791072441004175
711122284935039663727763840957564819188875770901749697889875301669163173544279
930004155398102270226412950411675555962839334001354588538421942099283783228755
266960193681896830820968938549414041104980098174635445432652855680636226301747
203609252840417437799930698306341880991794590439956546580613466806507026332909
954150923981887129522045202687275633131456088897379260081085365797243384378324
734972622311781948114279341251160968829265100388720980091003981327695456071162
929077183305053923059967039251750613476245771198011082375554184807528837652454
441784074333242104600684506310952946770077054021679062196846916813161173604759
620812059475541932814327377377133963517831717259869259111893297530967307933285
896279656511478460507176718497698181328647145247905084163025030441994893538139
619654964002318633869118814156266704266903090998230041165683996954053649734582
939951778483368122188875689251309466571117562727798391574862400662440893471836
738449060777655542433025888455604764503542260013531507119333492295036136996097
283199125517694072228201116059807253290890770142859781721393651461344596099717
070063451438458333376066346994003768223596361569171041831638735972876894759664
124627441037126054859831427287907206750285831739984965337760290205379559067070
881822286887663700143055673756678451952514058749743774666142127518770036943102
357309714847251396983029880084147653955501378042995097425390564956088621699658
233163856637329381099987118072774644192540501095242886606524955881665477842461
372936059481543358741414742093422444213730514357094397700411854331196512747910
182275745642444685141730394767409440911231752179175967322370437233285159296829
883483497756854981795828611865465790244574468072421938670287440554863105834813
382902745382350670920015583766545762235111774240646582228676531229801351482781
612369508887011069945012795793133834446126037276119679063920971366713274682665
895926032190201537650471824154010174428052993699578840073862884706195862991510
541795107516291133091394590629526874026104818968481174814423584029144270991772
876540954048267951787110091622076241638900651734741687952219646610502758103915
136530048555089218040019883174093286022503299009597828213008031930550990322597
317332002194980505323615439012097314579864518744138286913631050875159920553233
361458488848770260331864838282703267112303089724719916200376829520579963829037
262970539150837405787291896598158246545293192257703268366051026279495624428774
563009459533710586685447630790885741882737878077170541098264798989644443720427
965180570883863204507529595912391361890106857453302836519790969382122278556429
987216008435574433183287241361725039156052354869510867273505711628981864103252
115950074731017683958960045954366521957376635757082259182528392393314101522406
744371737434515844762291443649599142973029565022267601931702674448871840744676
671690154725983453606275354363769901585990916939372837116190468608849173008278
897479311646914163771804306045021985978599305508261256210225876236663609571404
319807540731270597421621829659440208904345226681969520444843677692624910071528
444955205890140007070106500193842725833542908836083954577910231918216465443420
300662503005429014544848138846364358304137354120216630671535672890831520655444
