61325350770808894182134475566628293315269441727252
05079240989194739917890192348882913078765927133351
96827754876376988708423652960977490289646478700521
00470167120181373464212528348286793492482719801422
63031298856985861593669360948538221890077732140520
42154788715703790864185924207700816622204135337793
00463483866317251268390346541408205252028625083034
05110739244408085909519598589675609244329397555154
82361645590978230652256678398767985119876751396622
08280333423048418273083816345620936657560698766862
62853035313483118052210141210870347335077037830152
75297971368592759522545325801915244577144231105295
59018684774494688121543909408654334040954051356799
99948911215088260788446955987632691709710789669113
87575737629559866671864622568443458725322348073622
14396064912675215921906125470955135147458967182035
21049090817702526207486420675353498963054903621259
16068309813752649291718047980462737890899138714497
21413907387036207560886589806616520807597351385394
11431346523433537344770207029945739531647990217121
18811785993984052565772767492331356856672277508316
61928013174706358279434441059758286018214888412907
23876234873526822412318361489870448264977890498141
26522328780033091253345169829489428683944322331151
81470972783089735966724678775300970211613460355874
21237695632174501165355785879715975024010170665408
62993351138891973573765679343698983183963898884318
69022619439812700693930293734557485718357162720607
30216592330527642731638082717446707811469092506808
26798109107589208274943301685407725376667580150287
28993217242912397530969539293368999914459365479937
78745338229510904786701684045906557807651519776360
27341481634404715254958810454347108871677390173313
49865506162537815021717615502302565153363692522580
48873501275852597749771985110312997972603507126379
63212656155764591910432562515169966695390395973624
46396514964676567116371139601124534704789307939319
75434889415001662969210578877843884654697568483312
49302532378670226620389680185423088234681898530539
41443159189199604859761221332200646423226450013643
92859564426121821353619006968849194212116256115370
04146946882764970815346897491480096681131353980195
30039412029710292409311688133243975626876441632373
76892970576382613172047007826050649201467738281287
17457315194092117074979388536313549544465164247343
14210066552926919203011694402047628574736517935068
54162126615646430290644934178020625337297130209451
24014889480199203876332695093373254232425812171926
96707935864338802151020208702140830243707650305033
56359367453132255293490397060910228677150690141031
76104248347974029289820929437941277671852983896095
75768912071443756051773568297525511565740710706701
41246056812277290498471325909903670908379011655262
73059628698295514917637967954566620021742896933309
10634872932647251651905678145128456975302111225043
82102699469956531344549319167419599507847608578070
06269731721663486802327928361960658266119409291513
08271549856150894976470107915730981654029021916839
42092229414945870347090421173248666961035647772873
36604929031744132836305033194954948484981333305094
30576824932179177050472185708369750308339845510350
83100593403213267163465678607880477501348273599510
76542439116476199154260091214194357931271263797403
42522318534744604133646523914701566617655778924261
37383576022925980295880989960968495011421239475686
48096453698726968947980520617965341831456895051113
86677292748153585724571088766489891353348616267170
62012210081107493054721892083166300165261178107390
29110696627727329097485748619610968325722689631960
11332036472277104501832355603989613809719539089498
08906073536849246300677794937565981683055248212233
24793216264307208930627083085739130543570495162274
01724338613880171866032753988931901628453201759279
67421083830277115796672230521087852917012186961828
73801089403515247026559093948077503510285190922551
36255627029057825205947230477033843136079237092625
99496858748998610015846241482836507223847198357621
75933778812451693384389495984509341665016183988379
83802088558477869209905053664127172507480425533969
69524389889366581045178832997755282479268131604980
11017204179390746817182063143238798720254198080766
50898615830775084683249991920610171692671795702336
61735468383117976727647331646657158643888836480708
26361267228729315074990519781449387702009677757454
85256538596819533202913928361435770360068037829231
47941923255383731248362823988163015373914079863414
78964636592492995710454708035110774605329389063596
94092503120731427443042278977211118883841871276326
75514063093376531127765582410082835979117644355333
28613564276994809317416602281871311327255437791981
60817470277790498457256180467544968824505838760333
52478894155380131960589063295813794642164475397754
46433135546342870310108406150851108065008601835075
14774910117561975245758481372448078998189303438625
05487002021600040680067704094160158227753826897962
55766951626743431698830192602611856561178668456957
47848727851819264703854152699965055400642081347201
33084527856091290050128121698195102342270668243679
39794579502436031326388773152100179263442268992536
99557241690212891734990842170112624208221001600582
06571688620506238177706376992699381836004349448421
53249734769535355970226754838468744541257606627765
82318249272076173875042424333736667389393193428889
13895753985741818355377220709249346402036709822091
61335220232928250069864197845956486779002434851113
55724191777195433826638941194610931416861701138544
73768217106961340795630740244937101883273225119085
78845055501382388590771112298173769601611385586484
20468253997016391045319065100692359028233752550332
51798472687395893758248643283170301755612423088035
10047614706061023937743583190733876686033800453129
12584104578130398647918642137732452842803799038692
27781946816309214679760686799678767353510262122696
26055410043187142606066937768236849425143691220563
94984558007443595767904327183214774354148369680890
35565967872017875811992429312288373115280462926790
71139825058470073087241099821979623059126570410576
79678852139326142813275120565380355989433484907928
42771258468154276071178598890354670160010239256423
70434248745752387028127391886665102682208687064938
45109992591415277063874382733798873409947414672141
13406998422303642538688997551452495837187931797528
54225469106008326966712696531038539715748655943492
53891443591520428342446617015401610297046993281905
46616045319839925403956984090691044995209226466949
37189539809942399488557931490275257875286212929490
31973540805330438443626633778707001575379156945931
14792038124772509920027108988585738114959118933333
36358401811733993188079633710400077418054596659309
94094495819188972717472324143111247290279870475364
47397950693578384810324488126750428700256763530482
85947933773790942638211286678295407309654995444965
10149812644833723580411504240926457701774402838856
48665518398300906490230451426791323316805459783099
61850752082396537778763377724263968530486966682325
85764546160404492649073617633844363970453379083197
35632879324992136333126910975925147431344719234426
16087242316939826404431160340202664792477168678079
72577499999632650190076376551919408518194695869045
67462450589659113397303934681354871477250934886057
80648411603282065828095952207635867242857597898518
69812400970680405889511964234156308289468983695772
22018330365284421019130135543574911942860528723797
24418183495642683255810855248475119275291770232314
38831077013313468679414506504662782401600470161386
32660846219519292490951964942139871927376278574503
85698113310009717505757352567352669144041652610770
62853693420621277466105049915689193434439625124222
48521051682119415464300327307735039215016163175621
12226592399993603399421847237615002148025363095526
28360759022325267904881442182685416442430247510447
99046102417454796179490079115127292251737267185995
33128563407614262394647672450848619160434335030454
15426988631955319844253445684395208589500888274942
86386462986401021352740161364832061070112439875355
94360165856803324631130120316778690749761203464304
96052944128138653188102747556884261778418775877488
72646581074369747443151332378721131715078437820825
43819177803479368022138619447064660241508857154701
67269988254449060334891529572230180973858975831781
35097241802757631123483775009337962156231588363033
81869168419498077568891799216183579986032505634632
41892422390245695184942958127981368774108617454192
68731234832053174799168803242130960042589690125534
31328805662097949385065206415225029089976120839554
67850658425012839168622634205954606482406521226611
39500324044583914533650853467107821856681279593037
86410143307541109891204719668362731756728913354028
71935891111640961917717294192430186527118888430805
02605653967690290830656493218113686282104093594326
78944360892828923390882675994898088835462389251365
66980749719654970361155916960234650015082492931671
07829406589345581505900530056810176871679192156761
43178914715873977984953338224261808137019701095501
95482651589851051149233008298922899077838089044951
80715038016256398644884229030954231761268816281538
46417633127577035473898921884702308536361366976368
40185123308186062090934807257062203919809630440205
96055707644672188449816576395645511600190662474123
33952061080536446302667000578216127685008592150340
09457564117143543338207137012588973479426268954658
82875015811694369573957904852660152377534752882369
60355040306491053373526950444602662470268591505051
53775174600766192726139775381483131429114275917718
33741961563251213101741036473002158156387745202001
49167316203401095227128211500481552794674250444353
21547131742021882049780490457402552942638744639561
48288209438342224888739524842158072690898309037379
98766423735887058026357936445742839926255112343277
85318134987243541406082762432870012759319652808046
24807238231549705067092812736538400162309461792148
06969309716663161162471602651988067007318834100179
90176210884365610890573064942842098132611725025400
23001966300547898592028525968073513290351294062520
04822404735435771120028931074472927042907295308671
19570718650734824559943378355706736537782411579167
91412883547520680629340541066852806667474179383043
16859032757255126442886919968326136623731324441370
44183619995855569389113022423681746874854706896557
16345759677916747187836460928211184773452524467051
80202195984401428119271369391050495699843842606039
27128296034493394982667627341833161666722124991597
90537982133281360520291816587264863683069674398442
56909234237353598595112392937415413009963721996290
85626617147223760361020364636295742751732073695900
38279982310100950981175752573039724713500558282217
75495844510369142509227345547165094869739141295869
90323500565183030085371573346376132620330317877608
53600441436718173765601215059647816518803308192909
34325163586201271849322649418735284163292875588937
03646391032962160843478506389865762636675052755409
30918988561971391882732439148301094579064528413151
59723697879722860736934422876659465220247587233654
80719799171395999227339562996014853624740053335704
40706653065105321735237874577134224856804737638676
14441987372612622490053409104925311328542069010981
19733037309260978426870775015724852213775685825946
72329561880313856537264810212744212472030367772131
31004480614896975268116111979254564220320207161539
23501413306224109352867336535334691454366438791776
80436541414994101523718109152884651090001775167462
50814273782650051748286500132163687988601874078632
60236413231978265447583402246756705691635305722486
70848596929928947295518929602919030180626474395612
57955077717837840343110723028601479415333834030432
48232130889172809741055191604152119623516511542424
99345538364178296408562214480003548342367691950063
00431948447012297504347726612357286473745854371241
14687543391957782149207097223244894158067661744543
64213101895916539228910733571309592252821378297805
84954335131023695225330465291902269160366531477230
27020302918755144247416681391167920047522463021182
39619449974725555128281568860120188415961548303492
96461479466588357671392980613245196268074520683215
38873331555723078685376686331203559183638343503559
61355391297571999686828910480089250137079615170322
50396614697007139492211435226017021467906954079315
36451756769181271481982258543850142610486986972401
07162161301992664777929114928076829322600860420637
49399600052286527786650381194804581460799334279982
51399422046651073063770531455098895596955023184754
45642968089193723487425317035713380993864163857694
39420114288272233225537498835026777316697570054569
24473300691035484136718700491024198268599529279094
59171666786194004337443889360753160266526561360679
59604243468533632423066240156687064873263796243851
32955257138308038291027013021750484008572855253292
56693530036728108645193959734556422936040923389142
58194580100744016199356733780336309242319296043450
98541088771696212050242083330875929684387792490542
68194903458644261308693069634873807761044040148299
90600911441331735249797793523819726986958332369648
29264064067574818558272089249689228438620832465148
40330443553689058812880324450359577629307734996405
68523871219368775305040288164051126161521667248243
53392235872739098873440423479172945412072180450268
10388692915830096451833390502391277114797206601544
40914007319398477004224039385596202082033925561721
78088618837768635558408010938501047705286166822326
54425114526683940583937289703955741763200479413536
80644549232110382200472352198062295960073833718737
24849912633351488059798198575097799479569255786142
90396116781779163066337204801775455459914332025712
52407114778900827362616439426439107913241754456986
65895891905804361032688676073011409713455639503709
18425903629204502339532409056702143353368430607272
67580826131526953361859633043568570245715386961207
09104761416829631586257045314231518868237537659299
75756571572991336546776583715338458402987575868672
39828776110601290172687533648490903449809520811036
47721270731689907923711718771704130865103505781865
18398555217845274418285883357689619013228229303896
92984846179772854878563657063666541662499368833047
49170516842344976931015317962865452578936612124925
38116559749028892485703060034637154146867885321071
27283347405977917586373864833594406574443919095503
95354060759553430480483637529604471138343466997682
28173572884013010342885268367272001954809006371932
55846200837554852281708632327064981875139982154982
67115636348821086891419969707423091829757861251395
09583957052789833962297120939197720894158040378986
08170126166886808689383543837012534329626503174786
03717778846826416648283975507090202592274725534572
56836911828581933480485222701324329325181917141902
45854673173292988188866343747552724636334070461671
79179940878873395656664071301186031446507988603217
23855361468274711835699544625741318156343525649746
88229825252235706451632048074094000036671621945866
44098851922851805772204782471090193790829316958753
84316227473105558149371372193409374955684365760891
96017289938691042037115123631201365020231924340560
35749788035544101555598139167373030351411066969632
40850164929457149973803782947558288373874501939237
94340426830241282137566396066596796076561703465279
46870591584536319903202166697732758830964803745684
20865307682859625789901790980778548441373371349614
77856183833490723133286329729833196650234348360821
88832576014365341658306027179821572559913051732540
94797078058674066903417790521784050620114849460674
25439263828717781998452581110663612975013367188455
81808258094611584707137142263782725177878383289004
13084794728967915467923083444475623565398443438816
64104319438154303278432059950568165968221880015453
91946401818643009216943520381349791193721743335247
83574621222487960879029213161571647606925266888112
17381103610902769205958149570276605706658511610577
69092369715818230738765593570973880528029151364095
94300507867795645213180247283926914360961941872744
32995129580288519367254331750341416979425305255462
79830267436199047041333612663946964916514290155279
95510391178798692570613285770739742827816227605276
21802296647943466869445819111186234730611376122121
38179334474777367413423929773398642747149908115684
49095124183826997536156026549327646430626568607840
67577300353897339236311750807990338046839502619329
25033736534630129645640272148131664208530119076658
99506983313801849459702427271158106882592660756622
79147537479617309403355281732354424785789529016342
36561281909977946126002294709787596477516714937843
11184075161970683914191786705326747915217229991256
11162170377406169617401150679450312043339386666300
44380141015581011825987299208182467429990424576073
68844461242969748094676727426972917273878974906924
80698525534169757926720593212744994320257175609066
39921225337699749233959573994464663356312882468722
75174744517882849345345681909023242794082343463829
60951432771638807605720220985571736252033713622574
71140669370365213524337120092236558578001480539924
92474186567494167654547522242121771825580916739219
19818631898188832491256600723446953389997667750297
20570738635733790418902747871835267910194805733040
66266647839756640561819081016266873603461962424589
07119329516644667007777667922129334816622313337744
96855707156921114157186072919122436326014521105004
63877153545230093300946869738233023049546737878522
22817602325574903118467938162709134980209586755204
73292830218324251192849814342488270360682213915784
51592417857355880923083670778128323714545935732357
33313908857559734095288217721993726190888029941567
82549979967028137178082972723787004884175345620197
78606022658734580318610180125381083976563568985930
09922262319728815472805516260327751626244467771663
61200251591551971704589125873687856589300958767342
70947011275511108643270140576172963442874839413379
11114945135385623340496874461922920658888233815219
63438893630283437027067108232315767355786705991190
62060872133548843931660177544758614836714926736933
52345020678288202253251389901877281259829117692461
82935401639322263893916759261672629478126509249035
87621447377674391103735570379618310830923211639039
59554844822286251582771834612537216463622807080488
81114019942109837653528736299136702599389313315301
64787599890631174333925671156000383934572409057369
01548574587892602785833805439700759607504463104733
72850234675451380467210680110077106806472244620457
20716620082083312084306579458592796259695555584490
15612367422777022194858572627107814602017593165378
00748051672035733028985054755184608776478620482134
92954464377449864091336364043112837195145807568283
81270971082912075779991433447836174581149867026373
78120426653816418530630582343524046658734472738211
53526585309923433952302758018529271681301858927258
11856312759368645493694921391551455733741152728683
85415023564209431235097164437235941104578217913012
47292525504845989892596436867715603953524160040397
19767982838790599102757425522001919517570853497568
40908211084578773808776220398259316153142179864320
12039778732040803297972005111664345240752493289523
00748168854206951451302956531740723184449978955980
14769676268639271869148061173694677098953873630416
96248280116356857709377189931408987318728090861158
57957763685664374702845027675810193780854826390736
34525583374886998712202055864058408007307317118281
30399491757886846196327815743466519716129244180665
29659325615595469613833282474227005531278185407085
23697969460163125722529359501466589267818713117909
84192690028562086420505718832893344218400959827854
06788702743299462816543688144591269613805606414548
80131738399131226164238716813042374936622473596169
55932811816265770234043890122043648270043840940882
15836029518205773619670080767310514510564695251870
12036932188703131978959057338010163647154533803793
77154615802235659351612633361056943140659359844900
94514262805500657275401933801256074707385579853234
23433865425932923540207270027396875855038771503698
50506648084172401563337782828951845506765115046481
50526667269803851800599208610212141350245773680088
49737822355527828709990116536881971660197414206374
33027220245245445452654987640948676362540200554371
68333989718401123984890510109956340319155316344177
43032857464896675950435248602717088215970597008091
91089934338850796185768211175337472156798784356346
74362396903490794312774315159511640836980963987158
23622615018405227182889832633323863467896391112889
16413343191012764396052414865221084158586655607608
50310606517594085995073245946146687570831771543651
38164536550349221063658982606986083631540248473972
07608607702971601056383563196055151147335394086973
94241249777956284724488441979076734311897274299263
06888236332581945724479084177516753527721586303328
47818624229314507276750422504609869013320035410238
04767472685870656577221286522370152961915785912943
73137634176242523041462086039745441537484330739164
46571022640852406327916274192099844194811839447115
70190608644815060954447305862051291529612248252350
89251430717028875134184262203014127787408216251372
28802986700463421151551261270558226833239843840986
60782689754969113705512878101434575765007768364389
71515810289685550906212889175344863319265797455080
08253418315277439271545420151729628630181920926310
15655661089823912002843065310959891120704423025100
89180242848142323620286503349983833288419097891443
56855638989306819685267688825012166571545446255553
56086501358086440946050128077721434598021457736226
43303810918716045460248033892527903815735097232078
35325917457557784926159068632915148720394217360516
03867441127071495262140501011289114572325775180639
97219539581040869752637713256226499138359551932646
22267804515505311119381339609155953365239366745606
23969879807307181179525440908656937340912794490790
66459761102231984724238708312879026819714366657103
03862605649808402239263464236895938994771554983834
30994067503142543877435232431179989394587926539891
55044710254582837433379525107020343168629882227185
86001909708857868641657489660329336400156067944737
46996434218082483240055815716663906949796334671801
91068641165013107759741776389460622665482139468631
35442165488318082531489473348596602227308835726667
97842444938610843829572724086579012931840342439270
36492600152407610203594517873107980080852456670862
14087899746162480079536102578821656394900385249302
97415775366583865154400089897146512139717041422822
18991649589291316377877868247249504157978788333703
05453847957728535169298245572702950867051775197607
37466129313286539141557983491435283559177883696016
00823756978200035699401519140743662314499703605927
17395816596042046015808781543209714354400421195521
54578275383014940477949780094684229157502069294521
16378318030213113862252197055365265683314045287918
62990016329646506186554703560771561710908991559901
12739585828033577505418650266787835606025960034328
56517826448932317575734789324921966955775744967791
02848275854171633369306779508293414508367123009935
62421190029298632472821980532906262549510206314773
83752944691122203915167626122174813458677258474042
80855329003647617904260430365838497829989825265751
30941339661172780289154374191685162723258495271693
71836208574505943193563718336878187126592363655018
20308500255679739176829107657777222595290108490462
24457277153323302843973281667888703343490534415927
22978176566307111762247032638898623299574696671691
41170910240775533478747373942757855095923753159613
76520208458220032072404949128116339893943302475391
32495863816492906385574973112198495460686461472294
29391807473555557193458519497617775545606723992470
79842229820398973362890402365324038028888342051700
96744686326961827989839365994374987497806235994665
88526758961732501764873995046738068763280449959550
40106906083331446169075188241952322442568644960664
91239260618239929458367360194595113217429097576786
61625903203116329814118605288287298757960276268206
42874567989721205954292075456296218171077631857706
04925567232626984792514831455126381901688736317562
77841286451100877598944649995440352253331211867059
02249612281281286555999970392047198085703971956061
16878109527049367155762077202639658805531030528689
57490567843164652688592677256345910007672029791268
72606695181694258207266116909268520315476856598030
00484958844588874536223839135930658407906307422494
09683322273654851630949389602096165920329463208738
65101226661721074263487577386207287028368956220182
42593673846323523246500483592143068906142775399161
67099864200181368330658108665924039273651205949790
34034582843339170789361270957603794238489517388141
92716139876524800613170437715528700872327203388192
47361845436205480917472481588244067335665290288318
56474528775237190304055255223609828691020786972030
57083673026972076355233835194794047860990292110491
74981005058827625738984587213824558862496960293071
45222394739938037308741742168714503788448934643440
45268102219341569621826421080446595594982144088304
31651852947924855267523514774291226756405251988016
58392867177592059164716972740845609365470689491485
88959407770421501572992450834375309170127741239606
83087262666072348911965657482456424122117048669798
85897100543411768897863686095219203338766578116903
69651028300265749676033071747349884018391360936538
81708203281205795700785579012141058914512706719612
88085460324028373319557343542513881162005128217901
50854164420460187345331928949737885062887964604033
33286072827301689561080208121804248534780851628991
69924344486999590736346147119789464365045222107148
30797105733449933084807424281038041525477365363149
25890929624003834530524959564918945816763638356951
92192975581378826740620186389587193823987627515245
90153967995793123931873039704392204290393838319353
68530831199131916277153872146647772566987394288478
59977692770318953557460987542920991923466848898104
