52077467478041364331487882797685786728274920202746240220870562574650918525788544
40973231962461249284106740917158068825285799365760371773405049786344387444998604
68141587862126506005023677561816160162313541709957061106151142179927001323183396
52822698885210472865887721347454815328730915087993653444175585947057673127422563
03468104901144823137035497261337173482426883977736745852301357148174534631074214
05465424715965328416853211721750670075911710734117466909722901076921778776398022
31107811005257168650409856367832465450243657278073267085168923934501570200157517
29824477934563752726570316842747276506064666718600137070492740500112123959226548
51729121477840523153801583565254730676096086150407445479193785616407006381393893
60114673054706727596822068552741623929378518038323760585472832516564922068169034
17987954370619195956458478168317298891461052667199748110289114985308757256515826
82870223130352203928541986765958252730633780229549466064495622659895854510858684
03343946939070246045022465831308288100701535744737554355425195571818429832169366
71965214776920678198616821771432953320666578134949373015206170361835153126070353
32526513015158430548265508080571941089594652675903720309684646465770328737023261
79166957257030515219105694791211639420459681170989290950688508112646954949038914
25307866351506469166843320071216666464179723678198130812325776181476861181736442
19282403480755425952932642390940186796757230646419640008362562236925426584899434
25845113329793607449880500899974146856007284488061958892802028873269585926512216
79169686702583068694377293307631177169138121649222209875052225185288620331921692
02720511598523588058005082501715108861714294113358552440638060174051593743514466
30551770394754042156404251905820439361127996993854529601123428223241438948010554
71579805328932884140587876288788524736385084315782920521066129440438711836579406
14457412041360958596062045690205489373532543430611104286574663560405134797302455
59721326332464555955452254603268642425474608012577247316654503003415488222287940
88898336165248653748151461485096201609758980565440688074463723885764888035309065
03919130035143811142326302550406872146518548961857533940786516856919150345921912
21632739996398182684039355627108204643085155650039507928013364789431169007844680
04397198555614311970189260169206958164689410858809184032408157367657151686813726
77528908013127537019576859159460737248021504348419396458717443803309918384020240
76156001533186504909319309316541547816863099183909853201432465670831191824598913
53840239147933818428241438391119561762450781108916309118765055257970984509906749
14420764406075673781872000070400850827644357889586386092791068649745844315833834
48452920808071142433053227919773213460579118174289766543974721522573428548864493
33959502660702153811777022725865462712216232653855606452995621215502460138414540
32760825239006234132110571799872648765028351901874968222934699158983317399840498
56334260471057842078790369967367738347697000548603573742052513580548491036688707
56449753015255649014005636833852166748539508001787597034508320549362095398808305
72627812366046241102412629738794206549117059670250185681718438460451748539512619
51412827078238390225974513865460997527007559379641583934645480842627408845466217
99388382179794921353048847334032139455485623031997031419734911670625046579155230
28137602397294951136572392258437679970302030433093876749988605597813782087953162
81307277906213857588917538055478813378590982557273826061968894440465602471381517
24467236646419038815930231328065469831455268482685699320675462220283818666080900
36798140455088093200876367130713101784567554215773011456010037421376083409450198
04895836448453948730986247796062474312891777773680676385486043012541859392429900
73632314130746742879257550576888735557980584242048071815384463699217891038436925
70829997230456393753531568469201455022197657381964599529022042785311389174223264
53088668884187151379013141043631215857966445262684281201360963435008752691185987
30430896142549424414225130808214960174482876183571908840447859382115305893711891
46745724239856984628180031215473890762108113644285715608611363713154524306576047
57271344532452652997720761797593110455336764082942509991697886206416004370659782
34339344887237062630344355270881274297964325198364232114246174863765179015685688
72741365465713074220823861953055510337971058122723405692297250636942434023975756
55901155412205204468942858048796496305434361091989883857836158959120510569724304
38536365468345738376408662295203711703672154748179127647222423021544496986589987
45338876223798948307864861161501894047953140264829812505311706005077456336995332
84363654280013447788493694047779891394305236167121419005290100023104913165768212
41749204346925160129579265335066005055904833931710618760016529320170357090939812
41592652983615924728836602635443503533400349171238924732325192217113824259521256
00120146933114098211559827757712110567336690879331227660424268873955886078599271
43557944344693329103955469658972541701199792094623381743312052497511648149694969
48624431572178852148530460325868140217500525042426124820977832273712542264508260
07916510872290554640622601276429371326470870997475834392376887315972623516828657
70594857536940249211748734601952579182539316995770555914027183199940998319357198
85501350255268404543860316606808143961679690605678377218607335323250207324256125
99311001461212904130375052390905170641709841548741203990288087980501183080924151
32089240192535807459163527134175095899549397672781725719306197798800513690110780
73301306302190325199798248509481800495300114550217157685290400250877246674892589
14555226938507872730570020143426528366537917935325938440837099812178499413608962
34441413209664534367199928679788316326917749745323221083220116192340457404438747
12577024360290894549184232852846343216450258159206634340861541827877292113774389
26330035706918170878554646003405098268733792424922593637401015063114152853753256
61198927128781777726935002203409365189525868929833139508414972893288772059853655
56455320121536874673992454082169741198445242126751072212146949944009225823985972
28410766797571484437107365441196506399936498666462612595952385987261190680058252
55828028904480832065424257766646019881542874195647422293706009779059519409375282
39044782749647510931036033451641378099818775586558540472150006930620873228978353
94317640655664802749652452572074002566414118580275271816210600287302565480995474
05682296449669321114637118861483470230520081728704667374789952116887545963375299
47836944560956329175146223660982438859617256692264164683191819379574194119917353
10423362093830589819964379833080366148231849707652726493249205630862382571651851
93073364500931296646436143765173020202340383450018857896677549459505787316650335
37994128253521063828523908505401324660976979229953209394206611869264664302722418
60503334258668497519701577786173817716647099074009640886841360902600214560902184
23595176951884220456002729143880678842166983638307470279638621436464672761201137
58276577948094389961134666627023489091529806838409654031991398339199320495683705
97740745219843719909148797659128006759171215052426329884703537732595064042219940
07614153191681586149800711833151217978778837157418161643346224914021555201979764
36977512030972810920593676882579543554915963068287662571101828090281507382737558
21327399761136759818305347938095669054694591500054944675534115842833923779031722
32732668530430137656038216756436950455611311580150019605687142702948576782132540
35982224369837762738122611074242716694029902699747666766969160770258133866140769
94562517788491361120181311402486148646199650539824250860706997636913439653153627
02558098865704961215336220067649387662507914191993084038112186935391763704112069
98043035449104437621827830068844402761646742473245372725709477776496241332759857
50128176289329633648852371911629840621155339305723354012532833495506401261109736
14434221711777672427173936602367523413425265304450331123420084265132156022596934
83712206085263142643483641942080895843345704241901486441256398182529187140857723
81076994848307063269464674942201014122358166994657495107230341306219570979002169
20860560940958059086120850543329054627973664552507409871245490996873092691180241
24472937983054832943459040280622105312481880816571237072938153796379502481787783
80893440025215939176678727196230141943911814096488726198686730538308618541954184
28940550384452406556780102614797940396180968645928409452619004048806599138188435
52243867940303927692272348918230300059794518403883702592550581177137492166755968
04332643931214034579861108979432519525109056413221153745969970039731461849890236
98890965347389830203066860454425072522041727617383948000601085976554576986516837
20675950750801104930714638602798519092240812949262276838526390123782270043138537
13464499968227210516870936360262525795193952942734786592591660217307140927730014
93454750141762602067920214781141819994229277336946477188900073197545840340486007
25651181634796658652117529044975780401128746226794869461352716743691186036624669
87189549727628064916992599275417047932567661188723163649345689224226546695485682
88685035152187253058602723996611875784419288945608468017437953935845573195917042
60487032742015333380485821148447635322773803376467302765381792923352137339050295
47233366952985891699068510134337937424149106829372330129870393666410313325051297
18416502756057018008341086163809487598110298509288952621634826325084035976699133
99435503791043472489843338349480741453333189960039170342761294959129122862864585
44963694638708860862159874640145920460057973224467055865963177833136506571640992
13006846203659503652168181307887272704633698550711734197038740904751460743536267
82089886131364451656742050394678490053689268355618175073042220164842874017836082
99783260687338410435041951485172597916570358463507089835502861398804770411501935
85509875811808974869469303301814287679931145673860697482130542260852345328308967
01768186768341734691639141865980914228769793075971857563090999736338783911168299
34309480716093234284998508964827087020878026291274847247613747383212039943603192
26606046995356739833718968391168337558449260111833450652770623684821266289844791
37900166480259832332182715804414877082675842464513383278563003588509437645662070
73035548587086266246372448993255290708188850646264631641747012667178303634044144
16100914302851896175447025696311345085223823823704466446848020765445249926756617
97108294290658982131650802148584169565078659950196991412387497213709526371046343
49200337721170369466624453313563912850950452661577463493297481733836333900282411
11916073816057790625702808204889953668261349630414373904292407515465099961477245
19145934477889264065853724727337237829928165884775363959620562792904132564186255
35991663214774994842451285569389782812606224760458132133961229077388521582352115
91760131939656738684478805807940657707726979482605045812380287672733256912252458
02454759878889214385163383442668596679882762878207716491650815084432582665031484
43117294798950241768112152617837156469558632837042238330633909895608264626734055
66664476729064880604938815039831401435232054009843377724210985238868524607512887
27990795394715953344502660419101315844339682894502301836010591490583362950541075
22271659932893654396999298287344220944966350126755215052554616457344050163883218
15154873893354503067487075714959875140882962961105625745980568495093257596062474
23483754670419381019281399322869779067523274787279795321726841087330491245891820
80475076206839804999264070432938612194491507917705310299702812436718722499042606
68064700912236061109589198428407099611354473932192884506580566230656337217091732
15353400426292374070071993238674143988198007527464892792216538072625865588708786
15072437831773660807025211426011397684044779283530843643496023819534114469818202
52888881779862791695817621146866521133107701858529528115213572775483583948368817
90071656516770271373696778889698702440712391974081659900978916554030561853567153
60712112311508783029479827021178877181995179234108894545908807752274295762587805
88926930452871108463301917209754678353920887875222843096656186359842745608295675
68791255560964594744953719478592331293183104527739682516508353232375740334012958
46155527916917101763412293074559494309689994141841743090853193111634583146071713
99604403678173499801237720771937981763526567345602010684261933583213387838247525
63346601404919370855941944418292361742589061544442284876470816152320792942313237
04164218133271445536310079078288484590813713104585703608439595682098185545546376
34213906210087201736336340899221420352379520703323873152774462079715670722583063
16169959713627172496167951098818475263559737940831308678208573882358650937795389
63795621833352138909744918232064033916683838762517791863327891456831163993616827
78730860763159586240116351826925685226816033642639900299764524572750317713897507
54928388963987555697847488626835771803834100639185871316800317873697822850615883
55854831530575000222188215181033667116276141203730552779399375432240121292942108
25402809735776435602842977046784215702721927513991600649765749486857143564721115
02907032083103522928276657170107356750533967259693463737855542353744239626327363
20110903977226138709233843943014039225537945217556515425581093348111205244456055
89864660675423952861155563021936730181749431286156141689992722446818154394303815
38476163240958409629174546127235247873008249899484617944385706482533517422247964
76960804159192468296919402958044955341941505310229945493790481116084184813757356
63849945726442992751644339740905612877446749302005076929533015421205140441989239
14587789878097020407208064842130740149020743693816250328906434564140271643641229
68049083891804976441403304106986209371368748710682487861572313939900198208898678
07110952047838497687894221002722545742986719971830286518666525652494194072446581
52876126297780809481118623835926374643912244768598375612445377184953745894103761
31420487782945007483001251527361266795810740704643126289256351322253309594570751
08877177904769983378958508833431259028461491579438424233884605020617703958342514
68093692550613367615588880624542999213953533509289839046826906581261908101084204
96118665439685707999364119561899063049737923082592945335223267584655191462241781
01423164491781711516502302862173505678885168491822445243869336054735616678320171
99415526410445904935066436252338740114610062809123722740633020925401405001634397
23965178622214735230002965434976825692441389142554619690295421733111923619826100
77702090850378375287004397416593299323663696054242275106119875386433978798674613
97566379292542643176752482181157918648924642245479284397589571510477645623026830
61908520747514137237689617741813284362420039353917338825328910035854921412956770
60403738478904041603683235532843277391893156378822010292089380294200533781961072
91550655360273279401351877102024437517739176991674126407733598677147167373935453
27626425973204319266091455998190993211047298794552879875311809749494314465064077
77604456535033540333223364365841000833401765591353462869601900554187785233224440
27646853770069654622359225778084470294570998505466124366380640674386522911030820
66192525791005392364876494857344882247729493869006705315932373663474844467743205
63631024909699472387123642832944681773054416785761847704811811002629590046381367
18915833395671337386300274019732053397352506877852119618740011300961670483047487
65702198667591191576775514728015292437191718406959192450648009736251748559931968
90305653950211275599754630423428763067372262360074610694601068838690067328460592
16613807629196548281989227248224659072567695382611782990728958514661497213240538
44573739566488493104922438666774630849577320536917619768866096860402841473800849
74375361923026082769597145964123988143845852989823543549806449802221066286322370
62934485900887516237473727570429881611968412018687060829366822811615721857839899
40990153961924890341097998636906156973911542215066429360971052186310055666858689
35312271945050216412514808382843955824482405548760515336984746006598755902254769
31304278602193103944133034785688641093750248369208005169261898267840402231878144
75707780427898804242938332152505561915368804106116892257681956487194708228268283
20289514004700496719183362896405672840573181316071651897268578584820986051731369
67855818328307516465013343990234852930313178461064157089404253151510612255002569
76277910007975761845668448763762279905907985028570493942745213779234662966363279
91758715319135929020027882438176753876046631633743236210866070460716102403807102
82179642539482208089603575303412784222058349498023633856684016932665170151740270
20304109520424912191594208180073897854902602340518742221234579284163870833564506
34349873043636131483719101828214432041965274372386997885353214204712835853512360
75877835381871131539071231237234964536051493618968568395998370184097964146109551
34480310406287789948081225602033090779419354317185462059787035088993800304403425
93958103415094939164055667049692473992671122567817456106671611178194078796790772
57747539173539510205249674811434111652531550311101508075043547803035404650885309
15133437581104849867916051382096099019480199003685794340218851865703649119653534
79102363175992060183870083400914640294958350462811066837192824725905758024545998
22645244493490149666412753633036715506037727131369357632081682329612383039467348
48505469041155543495885942602345302561793434003404211939440196239179378971287114
45633926084124078832060011533631762289556070262621565956765180463011038223270687
04834804042890317138588233487447989839449678176543052611743140451860568608907968
24960343698778288478524384842213686479505090881478924112788601364836878178992023
81579551314468510223668174130541796235785281815029899284121377188496165018519078
96987493169644649529872249965052610721023225639407299887060748114298748290251851
64650274525300934809481985701238698138124719487087278645636146993154622092367669
48958429567297498464616037290335264000265407370791320876327146508167760318058172
36622895777641788781772087463218771874680716750824088687489190665450853739556640
69623606739761003627475363577973330122489496942457970585818371384970639574442222
61209776367975111608191615948291139695356168813395626325112860241157356876221583
28184870152711459949908720783002311688786196679271632149519100549637622012522665
44533763391732476999195586323708287580687969773210382197935821412491124629366340
68180337607150279950713565622020581112640867615206140784579880980627882801998690
43032394124018298905706053207205042573344468030756275729489851014605961283478241
28892719461660740173803437462378951672498955762404476647010262919196115800537621
81526986431982816959238125262752182151978540812301347071166299470244961034906044
08145333922746475554296108708134155850969291762791589151631774909686325070483973
17147036237751045831559247774362208534151628792535420828059895163916060045238538
26054513018742143543384915596144984523313012353406893759782191617914752004517817
76445256385062780287115207556040748637508723722574011914361565110610761595550315
00310101235771714365624895099774846062433009669703177461268699377731554526859289
09830613138814543895206673899920142229244196289444158940205557628276867468193226
05067000366011976893555835006285009419519444626870474132134793279937764137395173
65584568626089508318589036904648210024841514278917332537293692531996983953073791
64333362851995249532185629959323735136790575516116695563222785450310777721316845
28051887420663543408368929773139524420501952518067320787485064650590804976250274
37330366062044156455670164315900000829019020339691869156987115127380085751425244
00095581566508227240637742723375396604969174302284381598579610611649042332075226
11457569676729857263294726381214068104034780316179073580248519072659405243466838
46432293806442903331969872866136161757975603490494741695269973863665661739152453
19079429081595778008598804148296165411663687593718657599076704918388427150464658
14492331455013219072076271034293733238269734651279158263908612146064727541087615
25043296009855694096624757351730225667792604533296116274236773964161921243284559
86127811938168318266232329188731624414964351272953250812613589631602954170138966
67241132144459202119055562599128987110553554043624203327675611338963476217187216
01799725580836242254563557830142141367002186669820902011111062633949899274077546
39547627864856819300034153659186388051611243669432869873333732448876582857861817
95023256068701744984882767131754367917351149742972937024892570492547745753352393
54013657138979568548923887021952128906981776155748518221172107552751736135727366
15212552654186157340375070049063941207402676674579527571470760273803803164619349
81556896044395334377956131646772711725805578939842391688173272140298673456215181
99131304654503471641703188370885853389009757868758483349671930650172171354100435
52251557182440461582583365576981251080868655763439892127250370856167182126123513
62597119067928209889151840823756349602026459701994515924254013286821555602798308
08181620342551857010700513398144904701723460569577883616069630153438890883920131
12656526253438203528073121280067697895150955312375939762225824780893482739955492
57617302991005385833248859477367517291720916682566890397742935989758544142767213
83540753442876315736888694434695083779536989656097840621263758822520078632398233
27500002647157568868234829929656837301443826703583238021408514970270983256709539
61272450451034481527783293136825066150883958126151024610314101425642697784998724
95911017059933063073807575890482565779635966167431183210875597661845056094538723
11379414955867013262245729323008913903045483256673799301843579556254685500887419
87314504663120142248397248754083734315263976289860009351594759920774687212074730
29090016261620668010992734545807636037829849078588726902682402116651187720229991
21340228707989438667309574240952354875694949831806283328604628199677327766922631
33237414819192967382708861997993612759110678637034668159734312161950758039483052
90096273983276321023255101099518435772004575014656202819393667591313222564837712
06763560263758010858785185121508104748819474003455543044876268644608814554801978
98294758325404600428613806700145703102343555241935385058104237937692917271389298
55868601704446450075570953676366519052190008848963393457243976056415804791572365
31353276604841201571858591115600430055104154030397742426175668988317950994902644
66710818507935067243425371354201370605277786122729898794405106865531143737444344
69474905539379010572262286825475692405683846967985230640254868418382146012182133
18845493888702373852081745139369640993441289267456262887845614182112460113116898
00962502872871475964262281234629917238588557492944282994440729121284342623185646
91860209317808272811417163182309757074942998229165779482085994068687059610847577
97571910523889042391207009887999581363203636110882145759358430710852969002700003
60809762579588448290570287008707752456512994243390813594864591246284751236067978
44875848920113587518049668774063898771892230953297326539364276261618295377316778
90274601497899655144895493789445754268362755240754488551742249073174886631088920
25298399993588239986271957865356559365722052794944494546091123006052899407757898
85826453151917546958493282548250820790415058615239346548503507906931748662004360
35487336604027590694974526667533741521554788518359949815766794139741265835535839
78566901416547534080581843950973775467592926015500361028697122281892128871900951
22330561149254196852640584833402250885759980115785972275007091480609146223729529
73770032742153696081977147984400751210019304432828030776689613527913656505086662
77667653212865551396753793556348538397076779644516954879862846545574303130138821
13473645491526132174458372054583885771141494423556514299300944926133992639348024
40942768085877108772581890774029513635903980396415199483188299058704446177382304
79162668791304255307499416025374192294984189895169855757349606327981093003275175
06201817018167940268081748859692299319567188610654229547433299209808548813257776
60226851335593076069026025474263462675301666044584166938273748064084121662905851
33057073463895451783767635402145900601819194835103995322170796976820687183069008
29426373048693910434410437368074991097273165422193354477725860769581000622795987
21521847212603517706644119514459531480668158534761763429611117597489696690757069
61582406670949875168338742281029875790495382679134490140922488635703748036296267
79614856293953377219712650797694365123020383015127398967510118360386739041905378
29349345338962546435821310758778058791126834266027436007558663525988116489676636
92505868173081754659894020951563717432232460490731468502364345237703537383883253
86715719295554200104583985982839782957728225885684527760467328389969792573065639
38108276241638784355040568209158141134346618008544912856740793690238577541108003
26931322547901081735281327797093858188935238143236991446886124596631250760399554
80352002569850648722259151815907278247646673257749426638085748787123905916491298
26553611762879601511788201462142779757182389922305061060307664954469158677139374
67954905092662069663232972869305957694210442729641411932134265354509799218310156
88622520828623376473906681742711545663645477586904816421636640881716049809271186
84135149651389972819078835220982973649517660200130944924723550770084809928454343
69722807311466847574249474300188868846521411206693281175040803310641531908554701
38151078665359593502570742649785609977388627530621455112283888070830246488778775
90115703967046549249873156109401829887238656680593251871572865745340381795790984
31826342882106380369313014999176685930075702539560380419007990758541011547865759
65559744144772809636119297733131794212476500656383747471869077208638885860321622
33537523013809497184906478048739549339195324998779517170591749924114241898036348
36811555669693768653334992620213418392911753302841065435978121135064459502992326
79660146794305242557693309757856232952073543581224609983465923733592539728055775
15616515807512320092576923185710594084904190467583547675903925004601342082010998
66070964957727407501321025498853983184377303775512181984305490103585715992692062
17191124211663858399696463595490851709928243625705850022007703644911994788077449
69750606861562573057746990917121638347595862874460540474490005357337969877033855
46979689700662191612510619688028087873688690374453912363272756089117926191488234
21165040619571287628383412974920446510373266125432690433292466800929327578990478
51267944715252517208184203603955226915385322381111736608784319768951662487077294
96234322632045084358048152120016201979295759166666359814907228458326566597747860
58899359144474287904654337398123612785414947794350633492073156703057527871496402
53155039936584442944373914117317711025060517624528870336027053103491146063570290
47376858265891829306891606352953738116686877907761003825593816626174130647208737
33697148029174553469825226519349722217845651749344958143346019024784021322083795
03165005770919398329567271514891052534584981754554825012002562019983695017396403
34944932782669756404047545084935736454923120158813723281707921502147934039174017
61076676779686822466560247531609562495362806697839095361417443935672602003422637
49449107918301466211600692791487732654160268348123553362146614251031235586976836
56342641434377299851047276594362640278231130563907824223882615731838514286098522
72445136726144466197197085758443930631253453778482712639178167116164748384342759
63217928233898477620179982807044680800761580851444891070084686213484637522063729
25580683352595785874208678099985489679688260484075722943742143015739156953638272
71380278812833584914011734195095849539935159365826903939601137856151114884413403
91731851992170698418851492061574104611061129274838218666556513391124614418959896
46895055675485385991582279129053127142262919035808780086596328222956642727558204
08883561490851839831392658249897226641967153209082770669819153160050182621295358
25040398116319710893520203203913354784189908431847700837146168238602872383700960
75335249985804279879615688004784356329582105337024802632065492041400292544195248
69509018894703203364267547812988626868585054916913371855109684829516891495216115
83491575377641868225053752871456906962087019832511273634691104574092507395255600
85597864459268767251778766842872854955095755645528431534995186410155973393223366
72778251361852667809647625596347421218147821932896854507235079218338054826312744
36817066508349992092271886318068639875964481795356110485736387425550154179670329
07864201340406005461360006448872124101198084959293244821020986414797736821049262
78131472904383780208160158917995865600870698937059036736730186127031313256091560
94651338013441180738276707585573404495278727675313984941034092087264453379836741
10361803464129859399889785535565619275232733062914856296410005083736911706971739
46148959625122514645926124866121600901733895059383439159396576028085705942019780
05740545626030498578913743433298839194739506195388022081753241913964807786805201
56877628070314686195867632809314539549721814211477975864477934699091210840597905
32251877904653986726154998627442510070476006148276624966792183568082999666085263
92813052583876173748638388375322240116899584225569978856428639583037211979454903
77030072036797281259714298663463336840630432657084069077911016762751649631895537
27850890894464132902521062955852176177470644292687709887509699829534671929170421
70250219977825950992901416494136030648876491745627454824307049126030504970125629
50006094115181144942472290687729619422409423641089262716068698303894627064012255
03585202007811066411753296488387209884793210455691626344694611947616563302417636
61620621682990086672273092141026790001696332332725971341901990300905166690051053
19293814882018135638198009002518124528235340087295388183128135716414695092214177
43362992514258755922879359839588616140127856694883492025019265705008020902447424
57760492077113192723646246944001537765193872729285941872354061732669407648027204
83346951581552450627203045285562458976987490558863031380488015393386148955673711
02620569552129191359974523714569926592312169142350512188470100326121593232481976
51128098511346063288982165910681851090644652994136471787387071875275812621288624
06401050697657252060433060297652481786686720785432660914286197904893119353798786
29868148828939598477525007439417725568296019869425669834972102404256549566561811
10653152726620788062858090893605020698189271203266622397852131790276948470735634
19450162726302100632924317372972673197180977911988915289964976445904054200457243
30519946799304303441397411311326372359082318033893481966082706986266792702178213
20815786863415886832280779331932589842620457351942477455645990919158698301180659
65958381046334725879680176790296498356836227973479308635246580732588511305535852
38416379280158168276395146086008959179972272108345879447366635165591300783993426
27296182106206888622795468243468131781014280576610118292814960781809790030532050
42196996155057900220994657607524874587607661836492138195935274803319727863942097
17134385822176718742640015644138352778372555922371284045087072511618670042629168
88115245068643101592414908071557237914068639171340462815964987829344746657268827
88364171627600654910647129303149311047068726282851552028149570623667061968217241
34111073399410260023582671018716136310777338421415112592816716971589873756201356
68942229763746237938058408461049475828343926491616607352035554781017175197455173
29323659755712447883449342832620787754968668714313177291819052765550792134156936
62702844008564765907058547517491080279853770220178536105543388462009204479401977
48437800277928759408700335077053533126637897565064331036492111702584750133267319
38401483950988381099658981845441296616230589744176949274117828520111623312122659
70940262343936982793010583657412288844638581721549681214880666228582399475320559
29359753795132471772468044114674336137099409670305314423703779883428327866887410
19555360245887295660575696563014122456095146740188183385593283963459237463793276
61769715164762917233168274495198480362941951529213065034888118094192867723413190
78551920705676381024844141111599927085470228132588944178903406368582848321010665
25809168501639650119862822615903714440139450392176472559910657585375740030085846
03917246371426772215844651975093835037660836597866039916735568031937378765128506
27087314679813163865314965309491165676097305144950504350178107588370558512651726
58175496137569121494906391407857131124657414262831798251940068829645267057350676
54127579709381974811277831390005196009023091397974241625902967018216994566972264
81109818629505875086894393179703092167902224796795030484386251151856845949614755
08137750458737164772648836260957577085262039760822947453519646782028462398292653
94888567598307609893310675818976080247893226693808940766566435041647205291542927
76171349899763697118002205172676494313460821249426233070591286994495141815305354
66034901912913385003152584578265434980592131015400381358500499425738807956231718
76196970031434910390508548698730103391242252456266873049153816645571980389769254
95480796401810275729959573663076639218457776550028047380068803502937880455126857
72024947532307393147690382431408875968671083836886036596481303271580056939382462
72115358373399160722177382083482736873728680601982950324575716191329392851226291
55092177439448441781578649289251716546849275184350133821644289593851722714332551
02885125747971358373454673237026382031304277503947527247963131808176214484229057
47742919279965948072950501796518803816217691708652602759630385084774904357719861
98516029165669027722581591096166810490084863833897330929270762727988881660047101
72244729249839152035097967111386323035310565950445771998329094946886238902593569
88267303478109859646391778455421479090839519881509864542168304446011533264016255
05195855813515203300345694616733876288632202724848016423058709194686182551763585
35593865648597884665084152640845124678342149157330407306219346618005882179472054
36414892791066060875787484577292195479382447253437329724425982051173784450122053
11606093129225139789725419241019795178964073886924338738099912534304643547876372
01892646583552757768206954548870603009810452943401466814189801597518760338208027
52231072737218761461170126133921429255155526502934875746917804187568596924127569
79338125904181375641077572866490922042069443651687157008277622358472307596773326
37637910676727451131182933946140325396256338949044655255042931463576379367181984
21207600982063214112523429453792150402213528981930652166856334380853071868298947
92168274930724398203430707527686427439403063554680893922940149420062776780734886
24890365267127526804476941954591679840761148921012839911413772206903106318880486
31447755770621089285930669936256629435235833540409940032387044803220536773038752
31542102764409012609968954305383789756232012918739251181437426748668292942450340
02455625105091032010171452989944462299993320754643738854962297684106666803007157
71176506006595466483973190110443858281491270059782918570514422577883613456650265
