17848 92825 69263 14476 19331 14502 57802 68587 79686 16780 44665 70573 11630
91275 65425 43000 12815 69222 99988 83687 16460 89142 72277 03817 94497 61579
97211 54816 13033 51810 05212 66687 09608 23502 06265 70335 50807 13197 17984
14171 09338 07142 78658 43012 64503 63602 44360 18528 00339 03017 30613 28728
50881 53553 11917 81484 83065 27390 61676 39213 59714 46920 66888 63755 77900
06524 16935 49334 21392 53265 71196 52347 73055 00680 66512 65376 38738 30809
00707 65725 02015 03873 47633 25336 26992 06793 18016 75040 95561 99579 18670
86091 95667 54959 32428 33074 88715 59766 18373 15485 71322 62276 34796 65294
12107 90519 09692 72323 67464 63669 57394 66558 65309 14394 70403 61897 83182
45245 01403 28323 72575 77987 47214 40304 99362 48459 57742 68957 50911 86801
28580 61038 04078 54786 95635 25581 49049 74298 27237 57206 84892 66813 32324
48735 93654 14603 47084 36716 15850 93675 21941 42076 94518 99453 71887 13966
41253 40519 17288 10591 14406 09402 08163 59079 70064 72448 18336 18306 42174
53469 63545 36239 00467 29917 64502 06529 43318 85320 99902 61508 79555 25907
26690 02049 62671 25760 91101 48039 26888 89497 03455 95846 20170 65439 62757
88885 80593 72767 73412 25086 93069 36120 59466 92106 89961 15807 58826 59889
98793 47464 51132 78881 22831 75647 86823 65625 29818 63946 54729 90070 48938
24911 49735 48613 17355 94584 34855 13688 57543 03229 23364 04546 87779 36101
20890 69089 65982 53055 03372 13377 23833 81078 35017 29729 10110 30736 56135
26857 40095 79240 64499 68971 81681 84627 68231 96412 67270 41348 70990 54515
23620 95118 40885 47670 31519 17998 66027 44766 53072 29713 58631 78542 36953
07919 24215 33276 02697 44512 87964 72631 32922 22055 40940 45982 58323 63180
36844 61282 10863 40302 49622 98932 84696 34248 07491 11814 97823 24581 08837
41621 05912 40999 84140 05885 81875 37870 30710 25883 41720 44652 64286 83732
35718 29761 85170 09368 27190 23059 17975 26996 40865 99524 48206 34197 52022
37855 29968 61488 10153 44896 22788 98723 45323 46160 22054 68717 68580 73917
22804 09514 97953 06435 22846 45916 24636 31651 13353 42762 99863 75549 33011
65882 55291 99266 88001 50049 24801 38360 93164 81631 12217 81609 92151 09900
20456 05657 98355 82509 52508 70134 87671 89208 67070 28140 40814 25524 78364
11178 98210 25277 21043 96203 23921 68311 26172 27729 74734 87026 39373 80075
38368 28798 28100 20334 18563 70861 68175 86965 43977 29419 22618 62270 97460
32217 59972 27525 37987 36841 82241 58883 15141 00405 17163 24517 24964 53435
71634 85352 13287 26843 10165 38324 02390 49326 10127 36570 10810 92273 02724
86366 88323 88265 52891 88441 23522 43859 17758 35411 90066 50197 82734 19774
75040 99012 65967 01858 80079 58553 07671 16322 61981 61462 52472 01186 57045
34492 90104 27098 28943 06595 88608 88300 20406 12201 81864 36888 68214 66783
76648 45584 71506 07512 90024 41241 13157 70708 97800 04805 81229 23963 07480
05296 16046 75260 53155 88843 11612 10136 96853 38016 93299 87730 05455 28574
02354 27524 35264 96460 85168 90896 46180 75111 72971 46471 85367 19909 36863
81724 85591 81237 37582 80067 80162 83139 10561 14412 64309 91449 03544 54979
04251 47999 65509 59026 44581 99057 43466 43848 84514 97333 87219 48228 42437
99839 73972 93279 81233 99187 12622 19844 63214 80524 18617 82545 99072 53556
78116 02450 42744 78404 57700 96224 38882 23402 03203 64136 74964 09793 88235
35786 16914 72231 98971 56870 34921 48127 94410 54865 40963 14891 65041 26072
11417 02703 98640 81875 82127 35814 53525 77159 08789 85547 29658 43348 70252
04297 86812 43826 99849 58823 40489 16631 30729 55317 41903 18618 36924 48056
20926 05672 67931 64494 17145 80055 66073 66792 12252 78032 27382 61531 61288
49962 29263 09493 48552 14126 62771 07381 02612 66710 42563 52069 51135 22399
38211 17251 13819 20046 03103 87713 99811 32075 82981 59964 39418 58551 15310
00220 70430 12325 62500 72705 91174 38926 34865 71646 60687 54303 17714 86445
46802 75406 14436 32079 23935 00127 53882 15590 92061 07006 69931 44013 21672
24681 15712 65464 81839 50228 78087 84289 96659 01779 94634 97254 21528 49536
33237 73584 75412 61714 32703 36040 96042 35669 00109 25328 54286 22070 86269
83050 08908 58967 75901 31609 01897 72636 82696 31620 06437 78843 16173 50998
29740 15650 18797 31589 68140 15673 97335 93348 60690 95940 47432 82996 67412
62335 99740 27939 43495 13489 27750 77385 36816 68019 06939 94067 81666 62533
26174 57302 39708 33896 66057 88645 78089 98619 39539 35662 63556 13930 83231
02093 48624 98066 89444 23177 94951 51012 81951 83445 32257 62543 07098 31394
29520 17702 68450 90811 89753 65461 89566 26697 33434 96625 92086 85943 52960
65576 83652 27782 85130 50767 66590 22369 38170 34620 64561 30134 13809 95008
85388 30353 98484 85203 89116 26410 23175 07850 42238 35115 94817 69797 58943
12421 39990 35625 05497 39595 04353 30077 09353 72427 83815 76640 00044 65354
05478 28547 53202 27841 60093 07199 49274 48523 30459 38991 63245 41682 44109
73609 51934 32101 27500 33287 76280 50096 48367 10505 27705 52253 60341 00561
84810 34804 83996 33571 68189 09945 34692 51693 28487 95015 96109 99747 60755
13441 98102 12114 20883 60726 47960 16563 67862 09765 73275 63455 39663 71969
86555 50854 14481 92208 75159 12709 41291 15909 75768 72227 10218 15161 56966
73121 21682 10693 37502 81923 25704 44837 81888 41343 50235 70814 42828 83942
61064 19439 34861 70608 65469 63190 29557 74783 84921 98240 05183 98297 46892
84291 94158 90650 21319 29658 24240 45567 92570 10383 56169 87722 49029 20340
48618 74582 99591 89324 04647 50520 69114 44859 79022 77642 52702 08743 79795
13863 90199 12393 65581 73241 63222 24889 44261 74540 28478 94473 97655 53500
81432 14486 66146 37857 55459 16332 79934 51485 36614 64493 98740 32059 97397
45836 96928 46605 59794 42487 42724 40397 81049 73858 53124 10607 28950 88259
54088 20363 39588 24366 73454 78785 39203 01339 24922 99099 50171 48144 20506
39388 41086 95975 33259 02150 09184 55874 86356 78390 45663 97641 65506 70334
78631 14907 41901 60572 23149 07216 31985 41017 70862 78213 70463 99123 25050
41346 67048 45023 52961 55155 53264 29296 88938 86252 56095 20042 52618 68908
74372 17486 44060 92800 34800 52914 75191 36619 73557 54323 96364 22450 66272
78990 37196 73247 63189 90309 17848 88037 29329 22997 89188 53372 01170 12561
52084 33293 00657 02684 71793 13304 71521 62269 77360 08552 59182 81226 83817
14257 77348 08743 38784 76647 03969 28127 07619 51318 45684 02089 84595 40348
26488 22182 60268 36199 27676 24802 41555 92164 16749 91267 68241 68086 65674
25825 78749 84082 10379 23616 04045 16395 82694 47365 14036 06828 18140 73251
28265 28848 70738 49511 80496 00766 04842 28837 88157 05692 21341 04919 92226
12225 20216 71854 56773 65407 25288 48076 81714 18912 85939 79236 81577 36086
70624 07113 69448 85341 44972 06275 15895 49376 55771 83652 10148 42085 21861
07436 39512 13383 64519 12977 09596 47257 91555 08681 82766 32482 76288 06648
16027 36713 05559 72851 01060 52070 36699 43193 97187 10794 28662 41450 42715
43451 78753 69494 33735 93305 58920 84115 75170 55161 69866 86312 19794 45307
77574 77326 90893 63327 84666 47162 22143 77410 84980 95518 03039 69348 86290
74753 45284 76719 12608 16224 32202 77584 83099 58506 24705 97816 47350 68122
97545 69611 83318 33294 95250 35402 24836 40430 19902 36576 87862 94727 13786
35608 44293 40148 68419 69960 93444 23172 37201 07072 86132 92208 68988 15551
08847 07430 69762 51162 90389 27558 91584 63698 96769 89651 88878 10618 56411
10495 67558 75825 77554 43696 86420 07775 28280 92537 72306 04811 80458 41204
33095 00177 31867 36519 13728 55681 51745 09301 64042 27135 68200 86337 65652
52837 05501 16690 72822 41327 51799 95743 13906 57839 62997 77137 22427 05426
77289 01874 75679 51867 79132 52135 28429 28522 86184 85108 34797 67760 84527
33797 10892 74450 53436 82314 31640 37887 22344 82886 65802 70140 26383 41041
31979 64841 58181 47945 59107 68706 72375 57538 40006 09343 49001 33133 97133
42160 22080 04182 13439 94592 66496 71608 69528 90627 68286 47971 88712 82673
47011 23116 64370 95521 44882 14235 87061 47666 35013 26128 14610 11743 47401
69187 04971 31547 53640 82867 40644 17230 86418 00349 62803 99775 09438 62900
62246 73218 46063 78625 11635 09203 12440 66549 97056 28895 97183 15832 01323
17025 41330 48806 93015 15819 15416 30195 66508 78163 34676 81551 40831 63649
44267 69871 93953 77254 50576 68586 00697 56030 47679 17186 74297 17691 05843
40063 87190 29652 75718 30707 96772 61658 77262 01239 00676 09824 49887 34112
11946 55897 19251 35310 99375 20640 00000 00000 00000 00000 00000 00000 00000
00000 00000 00000 00000 00000 00000 00000 00000 00000 00000 00000 00000 00000
00000 00000 00000 00000 00000 00000 00000 00000 00000 00000 00000 00000 00000
00000 00000 00000 00000 00000 00000 00000 00000 00000 00000 00000 00000 00000
00000 00000 00000 00000 00000 00000 00000 00000 00000 00000 00000 00000 00000
00000 00000 00000 00000 00000 00000 00000 00000 00000 00000 00000 00000 00000
00000 00000 00000 00000 00000 00000 00000 00000 00000 00000 00000 00000 00000
00000 00000 00000 00000 00000 00000 00000 00000 00000 00000 00000 00000 00000
00000 00000 00000 00000 00000 00000 00000 00000 00000 00000 00000 00000 00000
00000 00000 00000 00000 00000 00000 00000 00000 00000 00000 00000 00000 00000
00000 00000 00000 00000 00000 00000 00000 00000 00000 00000 00000 00000 00000
00000 00000 00000 00000 00000 00000 00000 00000 00000 00000 00000 00000 00000
00000 00000 00000 00000 00000 00000 00000 00000 00000 00000 00000 00000 00000
00000 00000 00000 00000 00000 00000 00000 00000 00000 00000 00000 00000 00000
00000 00000 00000 00000 00000 00000 00000 00000 00000 00000 00000 00000 00000
00000 00000 00000 00000 00000 00000 00000 00000 00000 00000 00000 00000 00000
00000 00000 00000 00000 00000 00000 00000 00000 00000 00000 00000 00000 00000
00000 00000 00000 00000 00000 00000 00000 00000 00000 00000 00000 00000 00000
00000 00000 00000 00000 00000 00000 00000 00000 00000 00000 00000 00000 00000
00000 00000 00000 00000 00000 00000 00000 00000 00000 00000 00000 00000 00000
00000 00000 00000 00000 00000 00000 00000 00000 00000 00000 00000 00000 00000
00000 00000 00000 00000 00000 00000 00000 00000 00000 00000 00000 00000 00000
00000 00000 00000 00000 00000 00000 00000 00000 00000 00000 00000 00000 00000
00000 00000 00000 00000 00000 00000 00000 00000 00000 00000 00000 00000 00000
00000 00000 00000 00000 00000 00000 00000 00000 00000 00000 00000 00000 00000
00000 00000 00000 00000 00000 00000 00000 00000 00000 00000 00000 00000 00000
00000 00000 00000 00000 00000 00000 00000 00000 00000 00000 00000 00000 00000
00000 00000 00000 00000 000
(end 7000! -- 23878 digits)

8000!
51841 81060 48087 69398 05819 79742 77269 85651 10053 19368 41770 67236 11545
95429 47531 66061 87556 64354 47626 78482 15721 66271 77834 24020 91402 35545
63607 59666 12951 09473 03593 45083 68049 33452 90537 80777 28424 42234 30948
66850 42075 45761 62984 86973 90630 28010 80456 04778 38079 34198 53373 37324
17021 56878 30760 51465 18986 49654 74928 43108 12985 06769 88443 13938 29005
53680 50593 36923 23370 15777 76119 54181 39577 99277 96928 24798 21704 44256
90630 64297 59566 06152 84217 38794 32935 93394 68182 70186 67348 87806 16754
13987 61045 77489 42431 27307 54187 57707 67227 29798 66291 01155 79390 13935
78157 36223 25163 34761 86050 60810 91521 68525 85678 31245 65648 86236 86484
70991 61599 18400 41032 32363 42739 06177 21550 87262 15122 78528 98002 92896
61663 37781 47409 11344 26418 62736 81805 39561 76033 19688 86816 94792 14366
31109 69566 16662 45684 23534 74094 72399 36775 59200 05965 40222 95762 08803
45719 92560 68521 55155 36613 11155 52489 79947 58747 60323 54615 10505 81852
32470 55078 94849 62222 23442 71554 38380 81951 12178 33301 39907 50969 97908
88717 22288 34753 96658 11827 29003 22097 61004 25094 95611 27661 50473 57641
58420 99138 83188 36665 96283 43501 10757 62948 54855 38721 44695 04848 11274
75964 38888 36944 64750 19134 11101 15013 43192 92480 95709 28328 74361 46790
68177 17284 41337 42153 89578 42050 66445 35937 31793 64373 72450 36291 72015
81167 18327 44376 42779 99534 56253 92625 48159 18336 72083 91806 23672 15252
45990 32798 87653 20006 51404 76309 04029 04846 37702 18894 09054 88007 50743
30035 91574 60135 81951 39767 92342 64626 32571 66662 08358 86387 78573 54875
48511 43689 78703 42245 28018 04745 91238 04734 33938 24575 87778 57379 72096
28363 43195 73487 03029 33762 38992 79647 72487 30649 93204 25492 05325 78843
04114 92360 06115 61065 05934 86219 32000 19104 49132 47197 00211 25981 16849
30307 30274 97851 33620 88212 28098 45782 07714 18128 27966 36362 81919 73668
28535 16013 75044 38728 99773 69313 50044 11493 85108 38853 87919 46584 74090
39413 72285 78159 32350 47238 18559 40113 22459 00167 71502 92708 93600 42246
52485 10946 63866 51973 21005 44537 98447 41064 31632 38299 63614 05868 12349
10879 31409 55695 31800 23467 21968 96669 85659 04350 76486 38993 18555 50323
91476 59298 96038 17980 79718 70793 26745 52999 25683 78670 46640 25533 92065
58972 49077 86307 97643 22829 23508 63008 06120 66399 36439 40873 62940 65708
48617 41604 23860 30580 00177 27373 73249 39049 24242 70694 01233 78123 94270
64894 71120 71388 16992 59332 46264 22093 00016 59073 66304 53173 39473 79709
87575 84199 29746 46875 97633 47574 60586 27362 19062 71916 28029 34776 05132
49151 12324 67505 12078 99522 54385 46134 72700 96638 56815 97483 82324 02907
24203 42374 60007 77608 90132 78555 17703 96779 49267 59599 31818 84198 15608
96370 50732 78673 61334 75038 46276 35817 26616 85186 40005 42275 21286 09594
44374 74628 82881 54167 52946 79738 73778 03993 13230 79777 43874 53688 64051
96707 11642 83250 10008 39007 61180 85023 50985 59014 25677 88121 53901 91084
96882 28577 79764 81046 12328 01215 22525 04539 45371 05188 76049 83603 21059
93473 90415 57213 47488 71996 38113 64201 81183 92790 85190 90943 76586 80963
50062 82922 47030 49539 83378 43334 88113 98122 20385 90365 22497 06363 18615
32266 91607 02518 14547 34575 11308 39730 64847 76527 58103 14404 08269 74365
34750 30891 97983 58395 71688 87956 82462 99771 37561 61417 06254 41270 97345
35561 69865 51325 91562 27254 35627 33728 03712 56305 10522 33849 56202 47153
06540 66736 41171 91124 70251 11599 12713 19192 78119 90194 62022 02900 42060
58417 00502 13736 36434 00530 44942 82322 62208 14785 51884 42972 91052 59269
48277 67243 51287 62766 22662 38032 88675 01595 05686 93980 33047 28972 51255
91275 25550 86747 69907 43367 16429 45354 50187 15237 29767 17704 23227 87030
82154 06841 96850 99231 68373 48933 42712 28707 17366 37706 05020 10088 76351
51376 40255 84252 83231 67572 44204 77333 80451 91009 13185 17583 33110 56172
36291 57065 60173 06871 55256 41357 23504 38525 76193 14949 63030 91802 38247
38092 18898 06730 19641 00240 03223 66727 40010 01870 90237 18766 49932 54517
26553 76918 18575 98896 90822 66100 58781 61707 43438 95193 54993 80226 84502
11592 67175 58203 05138 58404 65551 46818 20097 36206 26322 52300 80920 39541
58369 64139 13407 73749 76540 45901 41945 87173 40108 60077 14588 64828 19357
96979 12785 79785 00176 48783 76635 41357 70430 67189 62709 59632 38623 28424
38894 88559 52593 15612 14077 96924 20434 34337 92959 17523 42530 99019 66312
99243 55197 38156 01253 07245 93787 59861 31702 01892 27482 75714 07481 11256
37423 67449 95900 97089 77116 80116 16237 16441 32532 61188 53276 22466 16357
89567 71078 35342 65147 97222 86390 90397 97338 89472 87680 20524 33456 72705
41292 89081 77768 72036 84206 39684 82627 29368 28841 08292 12938 73105 91588
83944 80279 64223 51899 29385 48052 20151 05215 02554 03792 92496 62359 04976
72108 48616 21417 33117 44804 99388 19872 46652 33026 85395 15367 03916 58258
29197 50767 81007 14915 28241 73076 31066 57483 21559 12667 57538 04502 85764
37215 75261 37362 40871 40771 65539 87134 68801 02723 33278 63544 97814 03820
92611 76248 89904 20059 53880 58154 84084 79000 41456 44942 80201 59837 29681
76017 09003 85580 80239 92016 40225 89773 70983 53750 64465 97820 59649 87941
27260 02478 85168 67242 26796 98361 33536 98204 24782 00975 05030 05425 86831
91563 61435 35539 92313 60036 60639 50583 50165 08002 79196 00761 49854 25537
49048 29809 49824 73702 34097 70159 99594 70899 79896 74062 48249 79346 24684
70439 83179 73175 77360 61765 17205 35704 34723 05012 97960 18219 31752 53193
29134 65308 84405 07833 96272 63638 08342 23106 21128 91335 43579 65301 03262
03848 71261 08228 95658 78660 54324 06806 12098 48867 74966 62379 47249 94640
23699 79439 11108 92279 67118 78967 10367 09703 75983 99448 04105 03807 29682
27967 26024 53763 65368 81928 87619 85316 73700 19386 67279 88262 66516 08549
81946 11006 08365 84315 22287 54596 09224 06608 78828 05152 34278 55600 08281
99933 74377 22051 92621 58089 28574 10620 07936 47945 92703 44535 83257 96124
52215 20843 79129 74492 48502 26312 87593 31569 87040 59427 03927 89396 12356
26084 45234 71484 09894 46801 24721 22788 66800 50343 11352 91309 30775 91458
76626 50792 86354 30364 20022 54109 88547 05209 58057 54729 67264 50967 35345
59041 55067 81517 99190 12020 71558 50069 18140 01155 05208 62368 40275 02661
73148 90579 37913 21983 08370 86334 56059 96821 26005 27145 06502 89709 29811
10976 14609 82755 76586 22620 34834 95564 95132 16367 68860 60435 03742 03264
88147 58846 47359 46879 63366 36772 96164 79255 28531 99173 17683 32139 00738
47098 33919 05712 20553 56801 39811 37152 60539 65650 62224 95557 73630 99669
73538 28360 15948 85658 14828 62057 03803 59913 95829 83568 72628 63521 33327
96671 35011 95384 73805 17345 13915 52828 39857 21002 16079 40078 54181 27261
25114 07105 61697 02198 36146 88212 06466 91349 36851 38405 69709 62157 23327
39957 48672 65165 03266 18449 51435 94309 08532 42888 09870 11298 43345 69382
15585 75764 19592 12880 13258 33682 75448 25614 52109 64036 36236 20516 33517
08660 14853 67059 89270 17905 60337 58121 06835 56099 47777 12199 60317 40383
04905 62799 07601 95069 85301 78791 14027 51883 16909 30907 53801 01423 63121
35957 11966 94506 97847 01121 64318 18926 47801 01629 11976 85845 29025 10023
46741 56440 25990 17841 70027 48628 65251 09206 14213 42760 60760 71542 87934
37586 91464 81255 31578 83201 42746 31894 32005 10420 67384 05599 43507 29793
09594 81393 93941 95400 85714 05599 87417 07899 24778 89519 10485 62079 88191
59459 16510 48661 16672 29874 73140 14886 35641 66503 04183 87272 83829 73521
49377 89219 46111 87186 27887 79787 79279 21100 77337 53111 50051 32302 67968
06827 95186 85349 58314 86057 79157 56232 90729 29840 92515 45653 09846 27057
78673 09364 17301 84883 25424 59912 82804 57806 29089 60592 21424 58547 89780
51880 13630 70559 48197 05297 38391 79729 70335 20045 65586 31654 70740 51590
08279 19986 30472 33636 42757 72835 36770 46074 34655 55589 50409 87462 50453
44788 46156 87687 22918 79443 01513 56213 28868 08044 73193 11789 19793 05451
69226 05632 01796 08446 94433 40708 84799 04854 12969 78551 71152 11716 62097
20897 60285 15355 58753 05646 68095 55784 40812 47818 37984 71245 22100 22726
47177 73387 70981 28930 47216 73416 17377 79244 80867 17988 63169 60360 47020
67708 32722 58652 08590 85223 80273 46814 23537 10743 53562 97923 64698 61215
99253 64323 81883 52780 48788 52556 90491 58674 92334 75007 76156 03294 00937
16457 48372 61928 00002 71819 82920 74664 55481 58680 35762 05469 34096 60771
01474 74279 09587 13889 46850 46990 01375 24205 08405 36265 92034 40492 02032
71294 62329 90628 95731 44438 60583 71884 37317 96367 41100 43631 05167 02160
87312 08960 14758 94511 75789 56241 88080 58742 37677 45338 69681 09958 35956
63570 16251 02251 85401 89219 75546 50940 55303 38627 84973 94081 30829 43528
98991 62457 59636 88460 35929 22942 17908 98347 17845 62346 94276 30970 12026
42916 26665 50355 58700 02230 05270 09018 21226 52860 45218 20641 24177 49884
12942 71893 36302 36545 39285 48724 89624 02537 41079 77924 30249 63594 57057
66631 29006 84105 64675 01828 03436 19285 48446 37909 46532 03004 32046 76885
67799 63875 99835 60864 21228 48272 06534 51286 88307 54718 80601 34439 17575
19017 33432 66141 59043 36356 20374 14769 07796 19909 45245 87114 43509 08034
08665 13672 02309 65813 73198 63540 33932 08941 96168 99204 24432 47479 68573
96108 71273 77967 03747 35288 36819 09616 59702 68355 34742 43684 72551 68407
42170 71354 65274 65351 16963 32914 77837 80243 81099 13211 75679 49274 04037
78008 01852 03800 60157 14042 73737 20089 79291 64294 02176 08074 60261 10642
07215 99900 91939 20252 43976 22613 03329 18724 05243 07039 08618 17933 99466
87720 81699 34261 89782 92130 29031 99243 79832 04058 92256 29539 79486 04154
86373 10536 12062 69477 20692 10460 87560 92822 70030 93875 72270 06473 92949
05021 03126 32566 05961 43781 82416 07530 11043 14071 51461 24558 36092 40897
15072 98420 47797 81835 19778 80723 17871 99959 32588 91547 46074 81117 27314
32448 18071 11150 79679 41670 73425 81437 29806 70823 86721 12447 90977 10732
74252 13589 27540 71738 39400 67210 63807 11507 70883 22496 72321 22780 09639
24157 24659 73585 35592 91308 80364 65860 81546 67307 95426 61614 51379 76962
35956 02209 31785 29517 23089 98636 31646 37216 76985 77199 25581 03408 06485
11045 75479 43543 02113 45962 99360 12931 87655 44135 27822 52902 59052 79265
22424 59192 42055 53834 57795 55604 96463 97015 80055 09835 20593 39744 82452
10174 07407 22504 98604 02336 48168 33725 98272 84685 49285 11968 46428 03686
49395 21956 33452 08880 87080 15805 55157 11364 33741 23722 08481 63027 69164
12221 63929 90257 00747 75224 05316 96532 66668 62187 25628 35041 92266 12214
24991 21122 72038 31546 92351 84919 02373 54213 74651 47771 38996 89902 57477
84839 71902 12293 30122 04453 46946 19402 71761 20551 12566 53508 87581 45645
24920 39270 85266 39232 77400 55111 10260 61754 77688 49421 40575 84467 38144
62509 40522 20243 53605 78478 41793 51235 07018 25943 91874 78352 69634 29728
49501 35911 18691 95708 03538 29647 83783 78375 42810 32334 26388 31070 33175
19101 24087 97985 44735 80778 13880 66249 23089 73937 02580 08608 64919 91864
74030 17371 72761 76471 47136 62746 14936 39264 22973 04457 76533 78175 67609
08861 31560 51548 41372 37606 06205 58784 41613 04430 82791 21154 98356 94041
54114 87288 11237 34064 42638 78761 02804 97326 44920 10438 54995 64770 59902
21875 17195 45599 69327 48653 17849 45867 92170 80779 07953 29856 93151 85465
67769 43943 25206 14083 93979 95031 26916 43352 23966 28647 95627 43408 52791
51391 43854 66419 56515 32579 09520 59232 50672 93212 74234 50164 45671 27828
33088 58062 57158 02564 15002 06849 88999 17637 10190 41148 86278 46123 43133
23581 57438 67023 21026 61280 22581 49138 19758 86416 46733 67639 54501 40226
83984 55694 62852 27888 85601 66834 22618 51710 19743 28190 70153 47000 49126
19881 41291 69847 17504 85117 04672 82931 56614 13922 28102 99538 77942 95881
26528 36414 25689 36987 41612 14751 80537 74066 46140 97067 81189 03150 77947
42605 73006 92162 09258 12108 47013 94688 59223 03234 95697 37934 32720 25567
48429 71309 63727 95027 31945 60496 99658 15855 85029 47550 25669 00823 50768
44475 84035 33298 11870 83641 75373 98004 75887 63758 68776 22746 09366 89754
81375 10668 51463 79691 94462 11803 44490 91192 73073 27384 31581 27381 33079
05105 80695 08430 98641 41940 04837 97402 76684 43177 62753 15295 74101 28680
05477 96932 45965 60238 92413 74426 81039 68044 07291 15542 79193 04056 39509
21330 91359 47647 07025 57921 22595 85961 34420 90245 18561 90021 05763 67846
37394 95846 42780 61968 46261 02230 19260 43026 06503 70028 34594 09047 53492
80623 21098 90542 11052 17666 61317 08627 46516 60996 29200 69953 71286 70337
03896 98186 56307 77821 30064 97189 19901 69132 00273 09879 54783 00505 96943
72547 91157 12885 14943 96380 30706 73906 75467 31791 06217 23069 57004 76781
25400 61439 47248 69185 18516 85129 36251 81315 65064 18479 09824 24811 47950
11763 94081 54544 71436 93517 91999 63557 71169 54750 74709 96096 10684 90924
70455 07555 54457 06981 61393 26652 49623 37014 15986 85725 59068 23801 55768
73777 10351 31704 68055 81647 13664 61523 48786 68160 51286 07558 72666 47265
08570 83950 08138 54656 55856 24935 31554 22641 71400 80274 47035 79668 82556
80869 63608 80416 60018 28196 40908 41064 99636 22226 24434 80034 29756 25341
67807 56119 29768 65886 03410 53892 09047 46114 36761 33195 17386 36853 25528
45938 17389 50826 71956 68985 48824 60963 67370 81629 08311 99105 66299 41819
03962 15220 66762 26003 88659 30820 65502 87476 61997 52326 51314 21444 01887
07311 06820 21480 10842 00087 01585 83815 66667 94910 40183 54215 10096 43603
61238 11976 07277 94008 10238 47182 78419 38394 75301 10799 90940 14041 87191
52319 60071 97256 29883 62191 92838 19264 36943 28614 19127 51867 71199 26450
70554 83995 22975 19913 69694 99153 10230 16389 27302 55001 53603 02124 20892
98570 02031 04057 84358 03921 93542 01906 24135 23770 61555 43959 53909 73816
06814 27248 92489 33373 07480 57037 04999 10120 57306 14394 09289 22490 69787
43948 97503 03124 02717 58315 00604 84521 58054 99429 13182 16885 55201 73186
07217 70870 66179 26694 58035 66053 84789 63430 86613 01778 82001 58338 92543
62156 16869 72258 07802 60124 70379 56301 15376 34795 29708 20506 99603 35968
89261 72854 54382 69049 65429 13203 88472 87946 63303 55452 86834 18323 79839
93089 07859 18493 80798 44128 28753 24723 00151 15320 51828 46964 16345 07556
88383 89118 62848 09962 14807 38447 84075 22517 76825 17918 87468 68033 43459
78256 46770 77197 29043 68101 87462 27700 34260 30572 08042 15333 94371 40148
39786 72554 59263 79598 11853 93124 42808 32159 60179 84420 56418 23941 60005
75594 59707 34140 91663 88280 99560 09355 72789 54937 35220 52796 27853 87489
08526 61539 53600 49498 75665 23040 29281 37689 70602 89362 64661 10006 36726
70024 06616 19498 12998 91067 64808 58243 51120 76955 37867 95336 14841 50629
56059 25947 55667 78037 04149 15335 23733 71052 98101 32220 58250 10959 95548
19676 82516 94219 77956 19581 02224 89859 24038 23241 12705 68957 51873 54126
92180 39606 61796 61832 62641 15985 55482 98403 24029 38741 41254 33832 29811
17065 34959 71125 85301 43601 02425 42539 31712 38718 06820 41836 34326 18837
18206 03595 20750 04786 97645 14171 52108 72380 54240 28628 25565 32300 12294
73571 02737 92538 14741 53607 99245 22614 98578 05523 62088 27206 64191 28301
80533 67366 60483 05349 02537 88684 56489 81250 95077 86489 35962 33537 77047
07982 91189 49041 64018 75596 03144 03097 68442 32355 93221 07371 78245 80605
45572 17529 14965 92381 84114 68472 86528 24156 86313 90318 32584 07144 41898
71034 01511 76272 76645 55598 87030 16383 41797 93895 46360 51982 72327 53059
00648 86746 05191 28228 87829 49468 49429 95299 75676 15613 86333 97211 14148
97396 99768 70963 48218 13726 95977 53249 22207 41530 05544 91704 84585 76935
23449 69447 54853 98716 90836 29014 88241 02975 23903 40273 94114 48245 45666
52831 00169 22448 88052 88725 25905 90967 08464 26931 05556 57228 58341 29946
52178 72910 72192 71266 64744 31341 89676 61184 26682 08871 00590 08744 69701
93102 89770 46278 57225 09651 06199 91297 90147 67081 39920 62420 47982 79768
98715 92039 10358 75265 80726 87854 26932 24384 30268 34756 85516 79629 47672
18846 16979 49477 61512 04628 85317 46693 01866 06533 20207 27375 68953 85543
55406 39099 20784 86645 99263 17449 27947 24925 15572 20212 59508 44904 25902
67052 20344 23637 54343 93699 35991 38774 82510 63812 25672 20612 23431 77094
14475 82272 58805 29154 17927 10851 48958 13062 41370 07814 93755 90941 07276
70852 07611 75798 67728 85536 63558 35579 09419 70123 08900 01169 88661 58890
00893 69996 23145 36228 10753 52951 07795 57684 76001 39492 93804 30544 18023
34440 97635 78915 96154 81193 64554 59093 35936 34305 97512 21477 01187 23361
75266 37051 39866 87747 48412 72005 12603 88676 66113 28700 25162 26743 12121
60288 73518 37802 94677 55963 69507 01095 42009 52440 54998 95084 88852 92882
74441 85911 46343 07929 38885 85525 08605 56741 21479 78516 89252 54034 07409
59222 75467 48877 14418 44647 24989 51954 96049 97992 23115 11727 29843 01521
02116 85038 62230 30266 40562 36651 60930 79164 13189 62158 00127 83600 95119
08249 20396 95325 06460 37159 28999 88195 22106 92570 68290 81140 74569 06629
56523 48020 01334 05959 16009 53361 50043 83865 38144 91214 82245 10507 16716
01970 28878 59471 24977 32094 47153 60766 76717 72792 18709 04806 86929 82540
47951 72335 43204 28746 21624 45995 13464 49978 32377 61039 22299 34218 74401
53509 55817 98656 96827 56770 39977 37361 96269 39100 73423 74062 61140 80686
60869 24468 77207 14378 16918 31707 96445 11676 55380 51188 11872 12182 24460
78430 12247 23445 16388 03203 29577 07503 38295 10850 21374 91596 48193 24456
44653 73951 89829 71116 70535 82705 56203 04169 16637 25470 26797 62844 54160
61219 74238 37423 50328 77206 63901 51061 02673 60373 34121 16494 27848 44026
25897 27327 67110 32768 14260 63609 65616 41747 81055 73959 80967 35042 81857
29690 03484 94674 00018 46563 79797 07843 95173 99849 61876 85592 71410 05576
42190 67491 84565 84296 70416 07905 17332 56942 36589 74256 01423 00378 43398
08118 26994 97303 05084 40419 27390 53923 62323 85931 33959 72048 90756 71535
57410 83038 01904 33544 72781 60258 92324 44808 70169 47847 16375 97986 64791
06734 84554 01264 15449 90079 89074 86576 62647 92144 21702 39790 87574 23086
60148 72141 22791 61097 59427 35580 07546 63172 32537 42063 84103 12533 94787
58186 79764 42695 86188 59438 83823 02300 24878 85368 43063 82477 22578 42658
15789 91193 46557 77119 44608 74157 13648 18908 99892 76546 32946 51676 64818
80250 83275 33482 16739 83095 21928 66223 12679 38870 85031 73823 28290 93258
17511 62716 36900 05310 62996 73943 45046 46541 99216 40878 43213 52200 01687
78822 10859 11096 48584 14880 19061 48335 91831 66115 79978 63271 21909 95552
38297 79910 03128 11421 70348 69190 39816 03120 68180 11367 54275 53812 06896
24798 83191 59872 34168 59289 75624 50695 24342 75454 60088 95600 48081 54907
29330 47345 48692 50269 22172 28329 23884 25914 51981 46603 08139 77974 19549
47878 84694 88714 50434 84285 22171 46323 59473 65112 13534 51702 75950 65988
63101 89729 26805 42782 36943 36282 36709 76390 62687 74160 43494 42619 08202
26026 74364 36914 60261 00745 24451 61046 04043 33652 07362 09524 87562 24095
66445 04832 65017 96999 67927 99662 09546 51328 39445 26809 27674 45505 67653
37356 60274 90553 74673 31802 66712 14385 25236 98203 19062 73616 57542 50369
71220 38135 65615 45473 64837 69514 11350 45002 71465 76464 79085 52467 38915
09705 53745 47723 08614 78552 10040 73822 27479 48834 44483 94802 96145 96385
00288 88065 34028 17257 82551 52746 31017 21056 14679 85501 88947 49313 93127
17376 74607 69637 78821 36074 58745 59724 31412 69195 93536 90816 10864 79835
65045 70590 70067 85585 09909 61940 89639 30915 43019 52227 21151 29578 38928
39518 51775 92095 84884 15269 02664 38868 71575 77154 22701 79061 33116 23102
