304546673
554 26894761435868431797857061985835516362340036229353275003660444523177042055417084256317799378939479618558518
563330897
555 43516638122555047989641805373140394725407202037260729735885664398655775748034950972577909265605502785297675
867877570
556 70411399558423479787498867358975911087747238266614004739546108921832817803452035228895708644544982403856194
431208467
557 11392803768097852777714067273211630581315444030387473447543177332048859355148698620147361791015048518915387
0299086037
558 18433943723940200756463954009109221690090167857048873921497788224232141135493902143036932655469546759301006
4730294504
559 29826747492038053534178021282320852271405611887436347369040965556281000490642600763184294446484595278216393
5029380541
560 48260691215978254290641975291430073961495779744485221290538753780513141626136502906221227101954142037517399
9759675045
561 78087438708016307824819996573750926232901391631921568659579719336794142116779103669405521548438737315733793
4789055586
562 12634812992399456211546197186518100019439717137640678995011847311730728374291560657562674865039287935325119
34548730631
563 20443556863201086994028196843893192642729856300832835860969819245410142585969471024503227019883161666898498
69337786217
564 33078369855600543205574394030411292662169573438473514855981666557140870960261031682065901884922449602223618
03886516848
565 53521926718801630199602590874304485304899429739306350716951485802551013546230502706569128904805611269122116
73224303065
566 86600296574402173405176984904715777967069003177779865572933152359691884506491534388635030789728060871345734
77110819913
567 14012222329320380360477957577902026327196843291708621628988463816224289805272203709520415969453367214046785
150335122978
568 22672251986760597700995656068373604123903743609486608186281779052193478255921357148383919048426173301181358
627445942891
569 36684474316080978061473613646275630451100586901195229815270242868417768061193560857904335017879540515228143
777781065869
570 59356726302841575762469269714649234575004330510681838001552021920611246317114918006288254066305713816409502
405227008760
571 96041200618922553823942883360924865026104917411877067816822264789029014378308478864192589084185254331637646
183008074629
572 15539792692176412958641215307557409960110924792255890581837428670964026069542339687048084315049096814804714
8588235083389
573 25143912754068668341035503643649896462721416533443597363519655149866927507373187573467343223467622247968479
4771243158018
574 40683705446245081299676718951207306422832341325699487945357083820830953576915527260515427538516719062773194
3359478241407
575 65827618200313749640712222594857202885553757859143085308876738970697881084288714833982770761984341310741673
8130721399425
576 10651132364655883094038894154606450930838609918484257325423382279152883466120424209449819830050106037351486
81490199640832
577 17233894184687258058110116414092171219393985704398565856311056176222671574549295692848096906248540168425654
19620921040257
578 27885026549343141152149010568698622150232595622882823181734438455375555040669719902297916736298646205777141
01111120681089
579 45118920734030399210259126982790793369626581327281389038045494631598226615219015595146013642547186374202795
20732041721346
580 73003947283373540362408137551489415519859176950164212219779933086973781655888735497443930378845832579979936
21843162402435
581 11812286801740393957266726453428020888948575827744560125782542771857200827110775109258994402139301895418273
142575204123781
582 19112681530077747993507540208576962440934493522760981347760536080554578992699648659003387440023885153416266
764418366526216
583 30924968331818141950774266662004983329883069350505541473543078852411779819810423768262381842163187048834539
906993570649997
584 50037649861895889944281806870581945770817562873266522821303614932966358812510072427265769282187072202250806
671411937176213
585 80962618193714031895056073532586929100700632223772064294846693785378138632320496195528151124350259251085346
578405507826210
586 13100026805560992183933788040316887487151819509703858711615030871834449744483056862279392040653733145333615
3249817445002423
587 21196288624932395373439395393575580397221882732081065141099700250372263607715106481832207153088759070442149
9828222952828633
588 34296315430493387557373183433892467884373702241784923852714731122206713352198163344111599193742492215775765
3078040397831056
589 55492604055425782930812578827468048281595584973865988993814431372578976959913269825943806346831251286217915
2906263350659689
590 89788919485919170488185762261360516165969287215650912846529162494785690312111433170055405540573743501993680
5984303748490745
591 14528152354134495341899834108882856444756487218951690184034359386736466727202470299599921188740499478821159
58890567099150434
592 23507044302726412390718410335018908061353415940516781468687275636215035758413613616605461742797873829020527
64874870847641179
593 38035196656860907732618244443901764506109903159468471652721635022951502485616083916205382931538373307841687
23765437946791613
594 61542240959587320123336654778920672567463319099985253121408910659166538244029697532810844674336247136862214
88640308794432792
595 99577437616448227855954899222822437073573222259453724774130545682118040729645781449016227605874620444703902
12405746741224405
596 16111967857603554797929155400174310964103654135943897789553945634128457897367547898182707228021086758156611
701046055535657197
597 26069711619248377583524645322456554671460976361889270266967000202340261970332126043084329988608548802627001
913451802276881602
598 42181679476851932381453800722630865635564630497833168056520945836468719867699673941267037216629635560783613
614497857812538799
599 68251391096100309964978446045087420307025606859722438323487946038808981838031799984351367205238184363410615
527949660089420401
600 11043307057295224234643224676771828594259023735755560638000889187527770170573147392561840442186781992419422
9142447517901959200
601 17868446166905255231141069281280570624961584421727804470349683791408668354376327390996977162710600428760484
4670397177991379601
602 28911753224200479465784293958052399219220608157483365108350572978936438524949474783558817604897382421179907
3812844695893338801
603 46780199391105734696925363239332969844182192579211169578700256770345106879325802174555794767607982849940391
8483241873884718402
604 75691952615306214162709657197385369063402800736694534687050829749281545404275276958114612372505365271120299
2296086569778057203
605 12247215200641194885963502043671833890758499331590570426575108651962665228360107913267040714011334812106069
10779328443662775605
606 19816410462171816302234467763410370797098779405260023895280191626890819768787635609078501951261871339218099
03075415013440832808
607 32063625662813011188197969807082204687857278736850594321855300278853484997147743522345542665273206151324168
13854743457103608413
608 51880036124984827490432437570492575484956058142110618217135491905744304765935379131424044616535077490542267
16930158470544441221
609 83943661787797838678630407377574780172813336878961212538990792184597789763083122653769587281808283641866435
30784901927648049634
610 13582369791278266616906284494806735565776939502107183075612628409034209452901850178519363189834336113240870
247715060398192490855
611 21976735970058050484769325232564213583058273190003304329511707627493988429210162443896321918015164477427513
778499962325840540489
612 35559105761336317101675609727370949148835212692110487405124336036528197882112012622415685107849500590668384
026215022724033031344
613 57535841731394367586444934959935162731893485882113791734636043664022186311322175066312007025864665068095897
804714985049873571833
614 93094947492730684688120544687306111880728698574224279139760379700550384193434187688727692133714165658764281
830930007773906603177
615 15063078922412505227456547964724127461262218445633807087439642336457257050475636275503969915957883072686017
9635644992823780175010
616 24372573671685573696268602433454738649335088303056235001415680306512295469819055044376739129329299638562446
1466575000597686778187
617 39435652594098078923725150398178866110597306748690042088855322642969552520294691319880709045287182711248464
1102219993421466953197
618 63808226265783652619993752831633604759932395051746277090271002949481847990113746364257448174616482349810910
2568794994019153731384
619 10324387885988173154371890322981247087052970180043631917912632559245140051040843768413815721990366506105937
43671014987440620684581
620 16705210512566538416371265606144607563046209685218259626939732854193324850052218404839560539452014741087028
46239809981459774415965
621 27029598398554711570743155929125854650099179865261891544852365413438464901093062173253376261442381247192965
89910824968900395100546
622 43734808911121249987114421535270462213145389550480151171792098267631789751145280578092936800894395988279994
36150634950360169516511
623 70764407309675961557857577464396316863244569415742042716644463681070254652238342751346313062336777235472960
26061459919260564617057
624 11449921622079721154497199899966677907638995896622219388843656194870204440338362332943924986323117322375295
462212094869620734133568
625 18526362353047317310282957646406309593963452838196423660508102562977229905562196608078556292556795045922591
488273554788881298750625
626 29976283975127038464780157546372987501602448734818643049351758757847434345900558941022481278879912368297886
950485649658502032884193
627 48502646328174355775063115192779297095565901573015066709859861320824664251462755549101037571436707414220478
438759204447383331634818
628 78478930303301394239843272739152284597168350307833709759211620078672098597363314490123518850316619782518365
389244854105885364519011
629 12698157663147575001490638793193158169273425188084877646907148139949676284882607003922455642175332719673884
3828004058553268696153829
630 20546050693477714425474966067108386628990260218868248622828310147816886144618938452934807527206994697925720
9217248912659154060672840
631 33244208356625289426965604860301544798263685406953126269735458287766562429501545456857263169382327417599605
3045252971212422756826669
632 53790259050103003852440570927409931427253945625821374892563768435583448574120483909792070696589322115525326
2262501883871576817499509
633 87034467406728293279406175787711476225517631032774501162299226723350011003622029366649333865971649533124931
5307754855083999574326178
634 14082472645683129713184674671512140765277157665859587605486299515893345957774251327644140456256097164865025
77570256738955576391825687
635 22785919386355959041125292250283288387828920769137037721716222188228347058136454264309073842853262118177518
92878011594039575966151865
636 36868392032039088754309966921795429153106078434996625327202521704121693015910705591953214299109359283042544
70448268332995152357977552
637 59654311418395047795435259172078717540934999204133663048918743892350040074047159856262288141962621401220063
63326279927034728324129417
638 96522703450434136549745226093874146694041077639130288376121265596471733089957865448215502441071980684262608
33774548260029880682106969
639 15617701486882918434518048526595286423497607684326395142504000948882177316400502530447779058303460208548267
197100828187064609006236386
640 25269971831926332089492571135982701092901715448239423980116127508529350625396289075269329302410658276974528
030875376447094489688343355
641 40887673318809250524010619662577987516399323132565819122620128457411527941796791605717108360714118485522795
227976204634159098694579741
642 66157645150735582613503190798560688609301038580805243102736255965940878567193080680986437663124776762497323
258851581081253588382923096
643 10704531846954483313751381046113867612570036171337106222535638442335240650898987228670354602383889524802011
