
636  (133 digits) :
36868 39203 20390 88754 30996 69217 95429 15310 60784 34996 62532 72025 21704
12169 30159 10705 59195 32142 99109 35928 30425 44704 48268 33299 51523 57977
552

637  (133 digits) :
59654 31141 83950 47795 43525 91720 78717 54093 49992 04133 66304 89187 43892
35004 00740 47159 85626 22881 41962 62140 12200 63633 26279 92703 47283 24129
417

638  (133 digits) :
96522 70345 04341 36549 74522 60938 74146 69404 10776 39130 28837 61212 65596
47173 30899 57865 44821 55024 41071 98068 42626 08337 74548 26002 98806 82106
969

639  (134 digits) :
15617 70148 68829 18434 51804 85265 95286 42349 76076 84326 39514 25040 00948
88217 73164 00502 53044 77790 58303 46020 85482 67197 10082 81870 64609 00623
6386

640  (134 digits) :
25269 97183 19263 32089 49257 11359 82701 09290 17154 48239 42398 01161 27508
52935 06253 96289 07526 93293 02410 65827 69745 28030 87537 64470 94489 68834
3355

641  (134 digits) :
40887 67331 88092 50524 01061 96625 77987 51639 93231 32565 81912 26201 28457
41152 79417 96791 60571 71083 60714 11848 55227 95227 97620 46341 59098 69457
9741

642  (134 digits) :
66157 64515 07355 82613 50319 07985 60688 60930 10385 80805 24310 27362 55965
94087 85671 93080 68098 64376 63124 77676 24973 23258 85158 10812 53588 38292
3096

643  (135 digits) :
10704 53184 69544 83313 75138 10461 13867 61257 00361 71337 10622 25356 38442
33524 06508 98987 22867 03546 02383 88952 48020 11848 68277 85715 41268 70775
02837

644  (135 digits) :
17320 29636 20280 41575 10170 01259 69936 47350 01400 29417 63053 28092 64038
92932 85076 18295 29676 89983 68696 36720 10517 44174 56793 66796 66627 54604
25933

645  (135 digits) :
28024 82820 89825 24888 85308 11720 83804 08607 01762 00754 73675 53449 02481
26456 91585 17282 52543 93529 71080 25672 58537 56023 25071 52512 07896 25379
28770

646  (135 digits) :
45345 12457 10105 66463 95478 12980 53740 55957 03162 30172 36728 81541 66520
19389 76661 35577 82220 83513 39776 62392 69055 00197 81865 19308 74523 79983
54703

647  (135 digits) :
73369 95277 99930 91352 80786 24701 37544 64564 04924 30927 10404 34990 69001
45846 68246 52860 34764 77043 10856 88065 27592 56221 06936 71820 82420 05362
83473

648  (136 digits) :
11871 50773 51003 65781 67626 43768 19128 52052 10808 66109 94713 31653 23552
16523 64490 78843 81698 56055 65063 35045 79664 75641 88880 19112 95694 38534
63817 6

649  (136 digits) :
19208 50301 30996 74916 95705 06238 32882 98508 51301 09202 65753 75152 30452
31108 31315 44129 85175 03759 96149 03852 32424 01263 99573 86295 03936 39070
92164 9

650  (136 digits) :
31080 01074 82000 40698 63331 50006 52011 50560 62109 75312 60467 06805 54004
47631 95806 22973 66873 59815 61212 38898 12088 76905 88454 05407 99630 77605
55982 5

651  (136 digits) :
50288 51376 12997 15615 59036 56244 84894 49069 13410 84515 26220 81957 84456
78740 27121 67103 52048 63575 57361 42750 44512 78169 88027 91703 03567 16676
48147 4

652  (136 digits) :
81368 52450 94997 56314 22368 06251 36905 99629 75520 59827 86687 88763 38461
26372 22927 90077 18922 23391 18573 81648 56601 55075 76481 97111 03197 94282
04129 9

653  (137 digits) :
13165 70382 70799 47192 98140 46249 62180 04869 88893 14434 31290 87072 12291
80511 25004 95718 07097 08696 67593 52439 90111 43324 56450 98881 40676 51095
85227 73

654  (137 digits) :
21302 55627 80299 22824 40377 26874 75870 64832 86445 20417 09959 65948 46137
93148 47297 74725 78989 31035 79450 90604 75771 58832 14099 18592 50996 30524
05640 72

655  (137 digits) :
34468 26010 51098 70017 38517 73124 38050 69702 75338 34851 41250 53020 58429
73659 72302 70443 86086 39732 47044 43044 65883 02156 70550 17473 91672 81619
90868 45

656  (137 digits) :
55770 81638 31397 92841 78894 99999 13921 34535 61783 55268 51210 18969 04567
66808 19600 45169 65075 70768 26495 33649 41654 60988 84649 36066 42669 12143
96509 17

657  (137 digits) :
90239 07648 82496 62859 17412 73123 51972 04238 37121 90119 92460 71989 62997
40467 91903 15613 51162 10500 73539 76694 07537 63145 55199 53540 34341 93763
87377 62

658  (138 digits) :
14600 98928 71389 45570 09630 77312 26589 33877 39890 54538 84367 09095 86756
50727 61150 36078 31623 78126 90003 51034 34919 22413 43984 88960 67701 10590
78388 679

659  (138 digits) :
23624 89693 59639 11856 01372 04624 61786 54301 23602 73550 83613 16294 83056
24774 40340 67639 66739 99176 97357 48703 75672 98727 99504 84314 71135 29967
17126 441

660  (138 digits) :
38225 88622 31028 57426 11002 81936 88375 88178 63493 28089 67980 25390 69812
75502 01491 03717 98363 77303 87360 99738 10592 21141 43489 73275 38836 40557
95515 120

661  (138 digits) :
61850 78315 90667 69282 12374 86561 50162 42479 87096 01640 51593 41685 52869
00276 41831 71357 65103 76480 84718 48441 86265 19869 42994 57590 09971 70525
12641 561

662  (139 digits) :
10007 66693 82169 62670 82337 76849 83853 83065 85058 92973 01957 36707 62268
17577 84332 27507 56346 75378 47207 94817 99685 74101 08648 43086 54880 81108
30815 6681

663  (139 digits) :
16192 74525 41236 39599 03575 25505 98870 07313 83768 53137 07116 70876 17555
07605 48515 44643 32857 13026 55679 79662 18312 26088 02947 88845 55877 98160
82079 8242

664  (139 digits) :
26200 41219 23406 02269 85913 02355 82723 90379 68827 46110 09074 07583 79823
25183 32847 72150 89203 88405 02887 74480 17998 00189 11596 31932 10758 79269
12895 4923

665  (139 digits) :
42393 15744 64642 41868 89488 27861 81593 97693 52595 99247 16190 78459 97378
32788 81363 16794 22061 01431 58567 54142 36310 26277 14544 20777 66636 77429
94975 3165

666  (139 digits) :
68593 56963 88048 44138 75401 30217 64317 88073 21423 45357 25264 86043 77201
57972 14210 88945 11264 89836 61455 28622 54308 26466 26140 52709 77395 56699
07870 8088

667  (140 digits) :
11098 67270 85269 08600 76488 95807 94591 18576 67401 94460 44145 56450 37457
99076 09557 40573 93332 59126 82002 28276 49061 85274 34068 47348 74403 23412
90284 61253

668  (140 digits) :
17958 02967 24073 93014 64029 08829 71022 97383 99544 28996 16672 05054 75178
14873 30978 49468 44459 08110 48147 81138 74492 67920 96682 52619 72142 79082
81071 69341

669  (140 digits) :
29056 70238 09343 01615 40518 04637 65614 15960 66946 23456 60817 61505 12636
13949 40535 90042 37791 67237 30150 09415 23554 53195 30750 99968 46546 02495
71356 30594

670  (140 digits) :
47014 73205 33416 94630 04547 13467 36637 13344 66490 52452 77489 66559 87814
28822 71514 39510 82250 75347 78297 90553 98047 21116 27433 52588 18688 81578
52427 99935

671  (140 digits) :
76071 43443 42759 96245 45065 18105 02251 29305 33436 75909 38307 28065 00450
42772 12050 29553 20042 42585 08447 99969 21601 74311 58184 52556 65234 84074
23784 30529

672  (141 digits) :
12308 61664 87617 69087 54961 23157 23888 84264 99992 72836 21579 69462 48826
47159 48356 46906 40229 31793 28674 59052 31964 89542 78561 80514 48392 36565
27621 23046 4

673  (141 digits) :
19915 76009 21893 68712 09467 74967 74113 97195 53336 40427 15410 42268 98871
51436 69561 49861 72233 56051 79519 39049 24125 06973 94380 25770 14915 84972
69999 66099 3

674  (141 digits) :
32224 37674 09511 37799 64428 98124 98002 81460 53329 13263 36990 11731 47697
98596 17917 96768 12462 87845 08193 98101 56089 96516 72942 06284 63308 21537
97620 89145 7

675  (141 digits) :
52140 13683 31405 06511 73896 73092 72116 78656 06665 53690 52400 54000 46569
50032 87479 46629 84696 43896 87713 37150 80215 03490 67322 32054 78224 06510
67620 55245 0

676  (141 digits) :
84364 51357 40916 44311 38325 71217 70119 60116 59994 66953 89390 65731 94267
48629 05397 43397 97159 31741 95907 35252 36305 00007 40264 38339 41532 28048
65241 44390 7

677  (142 digits) :
13650 46504 07232 15082 31222 24431 04223 63877 26666 02064 44179 11973 24083
69866 19287 69002 78185 57563 88362 07240 31652 00349 80758 67039 41975 63455
93286 19963 57

678  (142 digits) :
22086 91639 81323 79513 45054 81552 81235 59888 92665 48759 83118 18546 43510
44729 09827 43342 57901 50738 07952 80765 55282 50350 54785 10873 36128 86260
79810 34402 64

679  (142 digits) :
35737 38143 88555 94595 76277 05983 85459 23766 19331 50824 27297 30519 67594
14595 29115 12345 36087 08301 96314 88005 86934 50700 35543 77912 78104 49716
73096 54366 21

680  (142 digits) :
57824 29783 69879 74109 21331 87536 66694 83655 11996 99584 10415 49066 11104
59324 38942 55687 93988 59040 04267 68771 42217 01050 90328 88786 14233 35977
52906 88768 85

681  (142 digits) :
93561 67927 58435 68704 97608 93520 52154 07421 31328 50408 37712 79585 78698
73919 68057 68033 30075 67342 00582 56777 29151 51751 25872 66698 92337 85694
26003 43135 06

682  (143 digits) :
15138 59771 12831 54281 41894 08105 71884 89107 64332 54999 24812 82865 18980
33324 40700 02372 12406 42638 20485 02554 87136 85280 21620 15548 50657 12167
17891 03190 391

683  (143 digits) :
24494 76563 88675 11151 91654 97457 77100 29849 77465 40040 08584 10823 76850
20716 37505 79175 45413 99372 40543 28232 60052 00455 34207 42218 39890 90736
60491 37503 897

684  (143 digits) :
39633 36335 01506 65433 33549 05563 48985 18957 41797 95039 33396 93688 95830
54040 78205 81547 57820 42010 61028 30787 47188 85735 55827 57766 90548 02903
78382 40694 288

685  (143 digits) :
64128 12898 90181 76585 25204 03021 26085 48807 19263 35079 41981 04512 72680
74757 15711 60723 03234 41383 01571 59020 07240 86190 90034 99985 30438 93640
38873 78198 185

686  (144 digits) :
10376 14923 39168 84201 85875 30858 47507 06776 46106 13011 87537 79820 16851
12879 79391 74227 06105 48339 36259 98980 75442 97192 64586 25775 22098 69654
41725 61889 2473

687  (144 digits) :
16788 96213 28187 01860 38395 71160 60115 61657 18032 46519 81735 90271 44119
20355 50962 90299 36428 92477 66417 14882 76167 05811 73589 75773 75142 59018
45612 99709 0658

688  (144 digits) :
27165 11136 67355 86062 24271 02019 07622 68433 64138 59531 69273 70091 60970
33235 30354 64526 42534 40817 02677 13863 51610 03004 38176 01548 97241 28672
87338 61598 3131

689  (144 digits) :
43954 07349 95542 87922 62666 73179 67738 30090 82171 06051 51009 60363 05089
53590 81317 54825 78963 33294 69094 28746 27777 08816 11765 77322 72383 87691
32951 61307 3789

690  (144 digits) :
71119 18486 62898 73984 86937 75198 75360 98524 46309 65583 20283 30454 66059
86826 11672 19352 21497 74111 71771 42609 79387 11820 49941 78871 69625 16364
20290 22905 6920

691  (145 digits) :
11507 32583 65844 16190 74960 44837 84309 92861 52848 07163 47129 29081 77114
94041 69298 97417 80046 10740 64086 57135 60716 42063 66170 75619 44200 90405
55324 18421 30709

692  (145 digits) :
18619 24432 32134 03589 23654 22357 71846 02713 97479 03721 79157 62127 23720
92724 30466 19353 02195 88151 81263 71396 58655 13245 71164 93506 61163 42041
97353 20711 87629

693  (145 digits) :
30126 57015 97978 19779 98614 67195 56155 95575 50327 10885 26286 91209 00835
86765 99765 16770 82241 98892 45350 28532 19371 55309 37335 69126 05364 32447
52677 39133 18338

694  (145 digits) :
48745 81448 30112 23369 22268 89553 28001 98289 47806 14607 05444 53336 24556
79490 30231 36123 84437 87044 26613 99928 78026 68555 08500 62632 66527 74489
50030 59845 05967

695  (145 digits) :
78872 38464 28090 43149 20883 56748 84157 93864 98133 25492 31731 44545 25392
66256 29996 52894 66679 85936 71964 28460 97398 23864 45836 31758 71892 06937
02707 98978 24305

696  (146 digits) :
12761 81991 25820 26651 84315 24630 21215 99215 44593 94009 93717 59788 14994
94574 66022 78901 85111 77298 09857 82838 97542 49241 95433 69439 13841 98142
65273 85882 33027 2

697  (146 digits) :
20649 05837 68629 30966 76403 60305 09631 78601 94407 26559 16890 74242 67534
21200 29022 44191 31779 75891 77054 25685 07282 31628 40017 32615 01031 18836
35544 65780 15457 7

698  (146 digits) :
33410 87828 94449 57618 60718 84935 30847 77817 39001 20569 10608 34030 82529
15774 95045 23093 16891 53189 86912 08524 04824 80870 35451 02054 14873 16979
00818 51662 48484 9

699  (146 digits) :
54059 93666 63078 88585 37122 45240 40479 56419 33408 47128 27499 08273 50063
36975 24067 67284 48671 29081 63966 34209 12107 12498 75468 34669 15904 35815
36363 17442 63942 6

700  (146 digits) :
87470 81495 57528 46203 97841 30175 71327 34236 72409 67697 38107 42304 32592
52750 19112 90377 65562 82271 50878 42733 16931 93369 10919 36723 30777 52794
37181 69105 12427 5

701  (147 digits) :
14153 07516 22060 73478 93496 37541 61180 69065 60581 81482 56560 65057 78265
58972 54318 05766 21423 41135 31484 47694 22903 90586 78638 77139 24668 18860
97354 48654 77637 0
1
702  (147 digits) :
22900 15665 77813 58099 33280 50559 18313 42489 27822 78252 30371 39288 21524
84247 56229 34803 97979 69362 46572 31967 54597 09923 69730 70811 57745 94140
41072 65565 28879 7
6
703  (147 digits) :
37053 23181 99874 31578 26776 88100 79494 11554 88404 59734 86932 04345 99790
43220 10547 40570 19403 10497 78056 79661 77501 00510 48369 47950 82414 13001
38427 14220 06516 7
7
704  (147 digits) :
59953 38847 77687 89677 60057 38659 97807 54044 16227 37987 17303 43634 21315
27467 66776 75374 17382 79860 24629 11629 32098 10434 18100 18762 40160 07141
79499 79785 35396 5
3
705  (147 digits) :
97006 62029 77562 21255 86834 26760 77301 65599 04631 97722 04235 47980 21105
70687 77324 15944 36785 90358 02685 91291 09599 10944 66469 66713 22574 20143
17926 94005 41913 3
0
706  (148 digits) :
15696 00087 75525 01093 34689 16542 07510 91964 32085 93570 92153 89161 44242
09815 54410 09131 85416 87021 82731 50292 04169 72137 88456 98547 56273 42728
49742 67379 07730 9
83
707  (148 digits) :
25396 66290 73281 23218 93372 59218 15241 08524 22549 13343 12577 43959 46352
66884 32142 50726 29095 46057 63000 09421 15129 63232 35103 95218 88530 84742
81535 36779 61922 3
13
708  (148 digits) :
41092 66378 48806 24312 28061 75760 22752 00488 54635 06914 04731 33120 90594
76699 86552 59858 14512 33079 45731 59713 19299 35370 23560 93766 44804 27471
31278 04158 69653 2
96
709  (148 digits) :
66489 32669 22087 47531 21434 34978 37993 09012 77184 20257 17308 77080 36947
43584 18695 10584 43607 79137 08731 69134 34428 98602 58664 88985 33335 12214
12813 40938 31575 6
09
710  (149 digits) :
10758 19904 77089 37184 34949 61073 86074 50950 13181 92717 12204 01020 12754
22028 40524 77044 25812 01221 65446 32884 75372 83397 28222 58275 17813 93968
54409 14509 70122 8
905
711  (149 digits) :
17407 13171 69298 11937 47093 04571 69873 81851 40900 34742 83934 88728 16448
96386 82394 28102 70172 79135 36319 49798 18815 73257 54089 07173 71147 45189
95690 48603 53280 4
514
712  (149 digits) :
28165 33076 46387 49121 82042 65645 55948 32801 54082 27459 96138 89748 29203
18415 22919 05146 95984 80357 01765 82682 94188 56654 82311 65448 88961 39158
50099 63113 23403 3
419
713  (149 digits) :
45572 46248 15685 61059 29135 70217 25822 14652 94982 62202 80073 78476 45652
14802 05313 33249 66157 59492 38085 32481 13004 29912 36400 72622 60108 84348
45790 11716 76683 7
933
714  (149 digits) :
73737 79324 62073 10181 11178 35862 81770 47454 49064 89662 76212 68224 74855
33217 28232 38396 62142 39849 39851 15164 07192 86567 18712 38071 49070 23506
95889 74830 00087 1
352
715  (150 digits) :
11931 02557 27775 87124 04031 40608 00759 26210 74404 75186 55628 64670 12050
74801 93354 57164 62829 99934 17793 64764 52019 71647 95511 31069 40917 90785
54167 98654 67677 0
9285
716  (150 digits) :
19304 80489 73983 18142 15149 24194 28936 30956 19311 24152 83249 91492 59536
28123 66177 81004 29044 23919 11778 76280 92739 00304 67382 54876 55824 93136
23756 96137 67685 8
0637
717  (150 digits) :
31235 83047 01759 05266 19180 64802 29695 57166 93715 99339 38878 56162 71587
02925 59532 38168 91874 23853 29572 41045 44758 71952 62893 85945 96742 83921
77924 94792 35362 8
9922
718  (150 digits) :
50540 63536 75742 23408 34329 88996 58631 88123 13027 23492 22128 47655 31123
31049 25710 19173 20918 47772 41351 17326 37497 72257 30276 40822 52567 77058
01681 90930 03048 7
0559
719  (150 digits) :
81776 46583 77501 28674 53510 53798 88327 45290 06743 22831 61007 03818 02710
33974 85242 57342 12792 71625 70923 58371 82256 44209 93170 26768 49310 60979
79606 85722 38411 6
0481
720  (151 digits) :
13231 71012 05324 35208 28784 04279 54695 93341 31977 04632 38313 55147 33383
36502 41095 27651 53371 11939 81227 47569 81975 41646 72344 66759 10187 83803
78128 87665 24146 0
3104 0
721  (151 digits) :
21409 35670 43074 48075 74135 09659 43528 67870 32651 36915 54414 25529 13654
39899 89619 53385 74650 39102 38319 83407 00201 06067 71661 69435 95118 89901
76089 56237 47987 1
9152 1
722  (151 digits) :
34641 06682 48398 83284 02919 13938 98224 61211 64628 41547 92727 80676 47037
76402 30714 81037 28021 51042 19547 30976 82176 47714 44006 36195 05306 73705
54218 43902 72133 2
2256 1
723  (151 digits) :
56050 42352 91473 31359 77054 23598 41753 29081 97279 78463 47142 06205 60692
16302 20334 34423 02671 90144 57867 14383 82377 53782 15668 05631 00425 63607
30308 00140 20120 4
1408 2
724  (151 digits) :
90691 49035 39872 14643 79973 37537 39977 90293 61908 20011 39869 86882 07729
92704 51049 15460 30693 41186 77414 45360 64554 01496 59674 41826 05732 37312
84526 44042 92253 6
3664 3
725  (152 digits) :
14674 19138 83134 54600 35702 76113 58173 11937 55918 79847 48701 19308 76842
20900 67138 34988 33336 53133 13528 15974 44693 15527 87534 24745 70615 80092
01483 44418 31237 4
0507 25
726  (152 digits) :
23743 34042 37121 76064 73700 09867 32170 90966 92109 61848 62688 17996 97615
20171 12243 26534 36405 87251 81269 60510 51148 55677 53501 68928 31189 03823
29936 08822 60462 7
6873 68
727  (152 digits) :
38417 53181 20256 30665 09402 85980 90344 02904 48028 41696 11389 37305 74457
41071 79381 61522 69742 40384 94797 76484 95841 71205 41035 93674 01804 83915
31419 53240 91700 1
