4775133761 7613160303 4635001583 0432411983 0345045973
1115480235 2914726755 6528539615 4982517322 1870281189
1475582192 5109751881 4749962701 8320123866 4665544709
6270322119 6735206682 5688348737 5964507251 2079691451
6873963998 7295089292 8615057450 9391835248 9864171151



5633710772 0704371942 9897852585 4106512202 0872198511
5201196820 0668515495 0907756992 1619316805 7612255084
1079956447 3572362115 1384426059 1187852361 1115766746
2461676058 9490884732 1882511881 8916537294 1301847563
6508362290 4096877270 7590630759 5173734465 3812358167
2056998615 4493374413 5511580828 5999797250 7000542569
5844829042 1570329632 9695418372 0611253277 8185078243
5323918726 7379753901 0604218982 1333568001 4917629276
3589739749 1510336102 9448548755 4126594588 3082627308
7297415813 5998785058 9708156429 3241595652 0572243886
0158420781 0475042628 1129044255 2635054829 6613431983
4755788519 3222267186 9303645667 2710264959 9400511663
0866373172 7404454569 4973748748 5211033177 5493646253
8061133447 4310806832 6308466220 3937077310 5244279995
1374501935 2661423522 5514186805 5104005021 4387677859
2990110859 2518674991 3131450008 7258371166 9369824976
9940841616 0624284063 0833289799 7161870505 7651962404
9243165999 5151896649 7547503900 1147398903 1896878326
4557847453 7251804522 3597268776 6876242850 7538166167
9248800082 3409032034 8071465228 9022230806 1496574270



4477221250 2661923714 2356260929 1226018250 5837318119
7103907517 5338577137 8077621317 7245287947 9158317148
4322731473 5068371778 8157985202 3035280059 9998697766
6937008226 7088042043 3042717610 3604436021 1957405318
3239775082 5376243533 5992587448 0669523131 4095082672
9742008271 9591871616 9601534065 4578147571 0124329470
3404989011 7240314562 7070070858 9135551306 5947483050
1092675331 0504767668 5100687279 5324432368 9649387243
4914018868 5802176697 0655158850 2561741520 7031509272
6514587358 8577166907 4118956676 2941681340 5784240677
3388665298 4335828209 9209279600 0256053731 6119574865
1729717114 0435836830 2333102692 4475563496 3018267857
3511105639 7494733570 8175806329 8707668034 2130966827
2612847950 6043615265 4421703635 5406583290 1954741126
3216179414 3686238782 4468108851 0060879820 6571969473
1531688727 6558292548 4100600262 8870847072 6414636981
4546760230 6906484800 0195089152 9208834752 0029483301
1835707147 4860460032 3180366466 3011378346 1481020801
0408241624 6439862858 0275352540 5414811787 7257844982
4401215358 0883263111 5767938834 4399416742 5526718127



0687048579 0500170018 8276611540 2598966456 3822695284
0861257000 0031201513 4146214627 4358818811 3752159623
5509096186 9348253038 1968085084 9675713080 2652210017
5445215043 8824469635 3913545222 9483822752 1939781610
0630815713 9473475716 4331002885 7201156174 7191922667
7195436928 3128266043 9606992546 3721960291 4253777973
9831674438 1208097218 8188312362 2660338707 5326789425
3855916918 2977283327 3126155084 1748495123 5989157986
0193104630 2040883658 1232828339 3282877527 4859787053
6473295156 1411429853 2461034302 5553130194 9643011670
3792865637 6695698547 9637443740 4695144047 5248627476
7380255896 7408496302 7253885817 3832095777 7270442659
6764502346 2419588725 7359338615 5268081204 7751364027
8605967148 9936812371 2011862123 4905481712 9245481543
0238041036 5014875356 7454311180 0604500426 1307876822
1588514426 7302962084 0482261369 4974262081 7609999350
0334461976 8841879030 4159595153 9264111965 4647748208
4960353618 8945761220 4857186264 6143232749 7191880858
4172165024 9255612284 8670444079 4528091825 3914446987
6181366331 9439606463 7822450816 1381778729 2827839764



8591104634 5562271722 2178176922 9741153867 8621460572
4201588982 1754945547 4948636317 6722743647 0898021546
2007325013 0237057212 1626662522 0053039613 5167883101
3008568016 7987713860 0808744144 9608596103 0410411974
8536983111 3671070824 7974741971 7080824301 6916661770
7713127633 3136381545 3158913375 2541683984 0847864317
7506675039 4884663677 7214679211 2185361223 6316721888
0380661069 8593702379 0963186922 4025911914 6345846149
7417121925 5019925474 7960048460 0633459818 6460801159
3744703731 6631953518 9087920564 8107281187 7724020397
4402460212 9739110134 9926966489 8978223364 6553651294
9732934154 3406894694 3373818266 3778605034 7493433270
2908375618 0110549346 9017933942 8739905663 7969763478
1069552896 1987646189 8507220863 4587475775 3558684468
7233572491 7904765480 7751039237 3639618546 6753334959
7089174705 0103139694 3809023634 0457990307 0724852963
2851430888 7866880742 4981635856 3633931419 4762523066
1525205658 9630703714 2091574467 8667376833 5155822444
2263717555 2905493953 2882366689 6153326331 4935839281
2822458493 2540555941 0719507137 9970356374 2340097316



1309864621 3937953087 0947165361 2565080331 5785044573
0000941413 9460014745 2544140381 6920993360 4115965838
0050630368 2545663080 6282500948 8020034180 0214558417
5546348018 7653567764 4115164771 0438436690 0853706116
9050325303 1468354371 3358180929 2400768050 9581888880
3131922996 6049866511 9235533344 2715995130 7690820852
6629677403 1025947302 2591776820 1325910777 3158578447
7312075886 4509339877 5618726625 3938362357 5762515880
5620309231 2138665780 7216261161 8127003756 0534462263
4949838625 2566652422 9234436513 9697208237 8259957626
1080998493 7542273567 5122410923 2447930724 2828029176
2353753386 3708763873 5181552748 2111244800 2459124640
5111511149 9664462619 8433900579 2546353949 6228889243
6232521864 0252481049 0595955408 3650286893 5748905420
0091253386 7434313407 3422651959 9814488762 6448318552
7327749412 2878561306 2258218781 2001162857 3521338086
0436525201 2350790830 1505963245 4682818922 4759891328
7169435985 1422675732 5815092498 2124899051 8465907278
2376396492 3211904205 6438491725 5643187344 1622962006
0447190161 1612786080 6915970507 2338317990 2400106211



6474775843 9023757467 8913169570 1182264621 7702894571
1913641268 5871868635 8249327174 6562706728 0751367431
5975075657 7475837640 6338044944 8206683521 7833213332
7896776383 6574467462 0172883957 2367211098 1540162132
7006816874 0231366194 8332501044 6485646460 3641253174
1333323796 0756729373 3052122974 5793335256 6168558920
0437596251 3420306383 4294306097 1584740953 8019741154
9530010282 1650559592 5945919485 3348227327 1554448735
2136534472 9423949559 6453047880 5317945586 2934189010
7779349027 6022180849 9185141257 1653165137 4508750314
0146677425 1976476204 6166931133 2604538789 6451657290
8438615194 4311401615 1423070224 7163939901 0043790686
4103416236 7907418506 4637682566 0389550334 7734896731
1334313629 4285431488 7603124731 3354196709 8000845264
2740142097 6313695876 2258591009 3111299737 9360013553
3529207482 9853672042 7612698476 4006676698 6610534552
0728721873 8180679105 8162907487 0107673696 5216687344
8787438277 1997327186 4925542480 6684238330 2741069609
1855007115 3548924174 4407943370 4231825456 0683867024
2052339330 5803173064 7788593322 9299655466 2168705712



8180663158 1075969880 3795419028 6710515896 8218399861
7226456523 7272159212 7269985616 6884308596 8396028717
1538526694 1479317328 9354584495 3150218593 0086689117
9713664949 2410539530 1740136078 5889154713 4085003976
8036453811 1157208612 9563947096 4557427082 3873126874
9887309705 9005337318 3461689693 4170930000 0861680278
0058956741 5228443663 0022965265 0701385626 5684358886
2975858927 1228973122 5045019397 5398801959 9295859466
7444885279 2346410372 4733413533 8390259480 7739551764
0674147646 5801453303 7551258783 9152060027 3054598058
2800834158 6750878202 1829802912 4179773152 3538577064
0677116684 5213368665 0109064439 9184664729 1438415228
4355957780 5241786922 1343902620 9703590303 5025270328
3979867654 8711129716 4150657689 1539350909 4042163002
9212623423 4712852108 3954216649 1175188768 4890160163
5079499087 2514594428 4090769519 6996180377 1282792923
3063139463 2150965793 6648852867 1853658985 4282324046
3873382817 8481530209 2030883156 9726734392 5583364321
6320660898 8845807113 6277639996 6495706481 3332430080
4430706922 8179629683 2861316394 9834158178 8714262196



6549905140 4499949051 3227583290 2039733890 2854257513
6640742837 7198389513 7584603568 5933196763 6542297879
5979675682 8399831018 1525423666 5985727858 8886806485
1894597071 6203467370 3516804567 8974108321 0206877691
5310505668 7668773293 3492002389 3505744369 5445160234
2979457806 0306718931 5767951908 9580811282 7048686785
6517949494 2531798989 8545584635 1101662924 1506701611
7622197572 9255773222 2995795702 6951427313 4125870360
2132593747 6429476772 3385539394 9608034943 2963081459
0799338159 4311461023 7436482609 0527489260 9114997817
5992425233 9697286952 5241668731 5009238204 1212854261
3616353249 1366251378 6628744172 8736927773 2668533899
9050914428 8059316961 7682577285 5927778554 8891224880
8866962902 2220090710 5319867273 3203501256 0832761865
4686069004 6121765511 4103453283 1271204435 2295100167
9479031335 0534253556 7838691922 3431249052 1332794361
2569046803 3045406425 9314334859 8935298788 2254953185
7424881037 6413754148 4499829522 7489027969 5089814986
4690761644 3895752343 5665064979 8259415250 3242632552
9441165969 4055989586 6507612153 3992974864 1052808309



8879197123 7287616972 9073029530 1586338095 4319401820
2669104693 1393035266 3628358321 9629341950 2205582156
2811510082 7837021914 2231861577 5289443074 0125120698
2236257041 3511621279 3447479373 7507085853 4490402518
9467769147 4206491390 2473152404 7392237570 3568331255
3974447363 6977591310 1672485564 2522704985 5871329918
4758438211 8515249153 2108660870 9389477465 5589097681
5009091552 4531843711 0167970439 4227200606 5934727864
9237655946 9584717164 2902578632 7183436043 8706061526
7993199251 7807196060 1819978896 1891441329 6815327355
3656553178 2787898770 4548492565 6831540484 3368663589
3482791153 7849960146 2943301785 3591892226 8713560211
5638066888 7360245242 8615177077 1110671285 1439717394
6256684077 7072585891 9518657200 2830268782 7488064624
8625804514 3333445413 3086163786 8233257296 2579538006
7350910605 3396523255 7596824150 4827951961 9749459051
0082179623 6567014770 5645902747 8980181006 3095188896
2137903769 3653372987 2681282088 4788701063 0825541585
0421334101 4958285427 7180694946 3381388168 2451903444
8050492243 5510003314 1429208942 2576831348 0195104195



3956483428 3831689946 9970689361 2395299336 4773605967
3795630161 7803184226 1826199208 1634867619 6602758664
4711808760 3253007087 4535085357 5490894833 1667080132
5348249711 8067652281 5802360708 2333904142 8117022941
3525360033 0633026112 4551686492 2753389765 3332750883
7308735465 9141118979 8341977081 2110908047 1374423563
2419974361 9581423276 7405600444 6749156949 4557871493
5547922254 1764298223 0757366515 9603939567 8729520830
7621299572 9056463332 7979056087 3601966838 0684152160
0534098228 7176820543 0304948296 4071437795 8967789178
5265134420 9014796569 9695860332 1761028398 3223252420
9091874975 6952825023 6244494235 6873501034 7018741990
5300293809 6986090876 1494567287 1126806871 9599242400
6465327711 5700461234 6955067259 6301566722 9090544556
8896694903 6381979374 6846586653 4067955971 9446297756
3164582434 3862403793 4898047300 5757098395 1582161392
1444041889 4226816655 3489541432 8206155392 6819933381
3234143139 8790872065 5644117610 0519791030 7921159446
4124822986 9540395866 9789629636 0224807663 2631118560
9381709075 5322596581 7149254580 9500486428 1930723758



6533109347 4102684608 8351017655 2329792792 5886429690
5772257139 0829119090 7196417085 3845945443 3599189629
6182581379 5766195253 3777093959 3093755869 5979150585
4695906008 1600343557 0792205728 4184858559 9616477156
1906337685 0432936554 5474742979 3082284034 0104214779
4004948180 6545729224 4834261048 0152048933 2597893682
3575947758 4893907965 3986132009 7773887838 9002306649
6506731865 2650568283 9582196258 0338070209 7089887141
4621585654 4262375254 3139384253 2127573407 4533191162
9551711879 1369927035 3917235081 4998662377 9442841884
3345714929 2710333226 6309932715 9181177798 4273789750
1478943326 8497205154 3072375606 3998772961 6687253234
7099071746 4054024073 9876530764 9992827255 5573339710
2244685228 1974406356 7415442339 8952240404 2548339769
5537147315 9903911519 9581609495 9851210374 5365994424
3964558662 1895120731 4020177355 6781853195 7450015913
8619106408 9978693283 1364839009 6137571062 7234780052
2824211842 6427552831 6128586976 0156604643 1833533610
3972337460 1999153889 3157302858 8269160920 4948845413
0092262588 3777140487 9655160155 4359374511 0789847180



8847009606 0778907622 0693684073 7849633609 6342509584
7082572563 3681267006 4291029822 2799915761 9394123050
1066561932 4385291312 2708830715 6747196820 2186272019
4847446914 7750995873 7748660296 3126211239 3626268432
3153391719 3569137898 9196606671 2770973432 2808251984
7506195406 2034493330 7037842679 8379941771 8823847785
7304923986 2558566116 3352861527 9571343531 4524810391
6383517055 0778772229 7623979208 4070887115 8662399192
3319336495 5741099493 7541006679 6880142650 2073106663
3219037296 8824698040 8070541863 1788519380 4782714122
5654179999 4252084728 8328203476 8584897255 2574718194
1141110041 7415667999 9964197532 8403240933 1190631921
0471346702 3378515181 6822986613 4384617955 9222892272
7247929512 6971190232 4963913804 4043995740 5009271208
1861325429 4374946808 0349527402 8786638624 3934171088
5765745650 9859476694 8921845006 4054656300 7857601863
3790396114 2713096570 4638609176 3460387568 1169616742
4770017570 1209622415 9952976060 3853488570 0148140313
7001128029 6945431637 2351125088 0211913858 5426221056
8994899518 3018091417 1906159263 6934736495 3071541759



0666788072 2820148829 1988205155 7077635832 9567219112
2035770424 9516850618 8295308898 8913377428 0092605574
8231190883 1910313193 9299334559 2313428229 0824495258
0052392312 0354684095 9181180376 7004110412 4295206004
1674976055 5822753840 2785572289 9442909707 9220373479
8808673500 1702235402 8870748724 1568779150 6214652489
1733255247 7018448633 3604237917 4274985534 3362819513
7659386276 4032817426 3624814720 0965705761 7273393219
7137016249 9437607223 2561327874 2493777785 8926933033
5964016213 3441364984 0271139133 8427470757 7695437786
0117566491 0861942707 1829174412 4265444598 1363785943
4402043228 6589754638 6434827291 4836757909 0612462084
3234390391 9234433434 9677277355 6111421320 0143944432
2732038136 9085729795 7363267447 7894386577 4890385918
0992598862 9697792589 1374705285 7795461303 2054330367
7522033550 8550526418 5246835194 9293468352 4328602941
6899457532 8382103070 0597142644 5390140901 8029918233
3664744077 8847072021 6230623856 0559758221 3448377296
2995988321 1943413369 4583446147 8359693702 8326827141
0484814528 8290526166 4032814940 8184024376 8279808314



9452046334 0131479318 7522373778 0641449565 7562106053
0337373631 4667499714 2819907423 9705585981 5350366620
9046505844 8358290370 6278821795 1701095497 6396032910
4655406069 2645863021 2687402703 3337628709 0086360775
7172312759 1619507653 9133776329 1958221560 2395743429
3446887129 8084612180 2689710424 3417090833 0991098588
8888352540 8594227691 7768288120 7561794396 9011907566
3452417006 1632008101 4184753329 0811300309 3109758677
0730363184 2545293345 3097666152 9175236632 3656474216
9042280616 9751560533 3059925079 1768250223 6464599957
0337747610 8414750188 5998830265 5204068322 5323910587
2448941321 4920420150 7636619728 9000406059 2720424962
7607199929 9976515689 8504788208 5190980357 3311574154
4655500524 1314901243 9899507673 7791147971 4212766615
5536570002 9980643522 3585594633 4029151965 5744773725
7745255173 6846772411 4822876372 6800196358 4486242603
7986498657 5821308051 2548677536 7180449618 7001591044
7387934243 0418785461 7870457854 3664944284 3850304116
4819266671 8497525267 0736583993 0254006188 6594630044
2593498642 1887367466 7791401028 9921935190 3419847325



7602258531 9484839338 2061146480 7036489978 6708653140
5317348151 4324651853 4005640853 0192899076 3601600914
0767076874 8649878661 4472416438 4262549228 5981679108
1292052188 2291519447 4347041036 1926198224 9688650183
2878812286 5526149448 7243355986 4067055348 8667642160
7699601535 5082328241 8270715618 1963143431 0929628040
5256938017 2100643874 5609358563 6653375409 6152099368
4410900642 3455594967 8992586527 1737498298 0371763864
4155408339 9332473281 3095490090 9116944267 6470996060
5136670340 1744118303 6622504899 1020282241 0449800530
6393922465 1764328196 3200444786 4310710645 1818292490
1554707466 3013665850 2775050796 7666944709 2311169507
4284579269 1986465479 6897698574 4247120250 2619936276
9049186893 8537969774 8241302056 0763043389 2247367574
7538314713 4175467829 7496244770 6654093819 8182940533
9527866772 8983884828 2991142392 7736324571 6014373375
2630480263 2494216545 5657671976 7519347205 4649944251
6009891508 5265375080 0251075605 4326553772 7234223071
9696794527 2246615973 8660217416 8903912272 2547133825
9155322845 2515226694 6972817303 1755253671 0851911358



8765425443 5790412982 4103543174 4232764343 2713706542
0996321570 6364060968 7138452462 4566335269 1301220789
2078038541 2037602063 4119553945 3469466949 3091620795
8199116593 0757419826 9298778666 5036590825 8531021071
7015018441 3675291384 8473908192 2356470866 5621950319
8651985556 9037476710 9471408761 3531548718 1593027818
8382078139 4000869999 6704517400 5890292947 2049512466
8073909517 2243055169 3010480382 7814754464 1937702694
2493272433 6812520246 0157153486 1044060759 0563320374
1788371475 3521439572 7778827463 8618416087 2134325498
2369004837 3821826384 0092510215 5997628249 2414832391
1002469278 9253625384 8077699875 2416827751 5798144534
5592180912 3520162309 2356187262 0356180637 1374370501
2462568124 8863511622 6947566896 8136190873 9138611682
7810422466 4184881377 4916377582 3530717510 9336365159
2078320285 0748781773 2945679572 2880270292 5330393035
6296096550 9081112345 9904500640 9831462600 1133976600
3729813388 1316144986 2460738400 4103873895 2334677015
6047656476 7743753091 3530360277 3064948548 1818157985
5584587136 2783153768 0464822152 4841805002 4360485920



4248195328 8367840363 8789956319 3321631831 7783975299
1937552421 9659608965 0655373940 4460898228 9650830886
0509089024 9651264721 1910969229 4038660590 9137826663
5979448407 8326763625 4438297382 6316123851 2713588318
9511072580 9941985723 9426389659 0594982782 4178092350
4759958072 8228798338 3670661002 0415953764 5690875936
0820905304 6464560549 8351090377 8477908765 1974600057
4937826856 9622689236 5647368966 4002376142 1391404088
5302285301 4229240229 3423918474 6072891824 4015840316
1965703700 5116503748 3283612130 5179276792 0294958449
6107578731 2193123627 9249070877 4704940277 2076686395
1289959581 0379182555 2757370199 0356398551 2824029479
3513430470 1498533163 4148827241 4708705113 7221073263
7816770795 7042443525 4240265878 4910323099 4421850476
5710476292 6221526379 9117735029 4554041471 9797361893
9164136467 9582508105 2536221009 5673087070 5995351102
3282255406 8808184242 4613290550 3411246368 2062595644
2929175740 1920097057 4675178378 7094973834 6200035152
0235096582 2051323495 1881288097 4170138280 0727749270
6073842957 8676545651 2232806960 1873592793 8422502982



3945265456 6153768909 5003761204 1625651830 1073537003
9070291502 0475371427 7894368805 9173203027 1185778991
7666634257 1642695371 6695933183 1417686469 9203932928
7314780654 5499610556 3585878580 3559889382 5325627842
7797527748 6959058290 1784353170 3864196779 1407650481
2980943838 7688116335 9953474978 3496325840 4256655648
8352302309 7152638961 0852632841 3993551737 0055701579
2433145571 3392635064 9126910328 7457433680 1684708832
1019831805 7258996356 4174994799 9141176464 0878309858
7388760126 2243929152 5135127431 6311424091 6595798544
2311940742 6391419957 3700819368 6324395428 8891892159
0733557117 7725165886 9544944649 0515695732 4223604942
9106113988 1878797814 5692300825 6816350893 3768853608
7849150976 1407672722 0176526327 0063040429 8829853236
0410002404 0182990715 0582095348 6678658549 1475231039
1765304392 4444519665 1342514858 8659357253 0618789331
7329084163 4035522164 7410415435 2613758218 1818791279
0652821080 5664458170 0818846212 0953276418 8236193739
3715845416 5450046137 6347557269 1672524761 0255780211
1982212191 6167692479 9468148510 2211083546 8697760470



6507970232 6979179446 6405825458 7841235137 8391598786
8576580174 7173575840 0554500216 9915662489 3432775705
3162343985 7465121125 5669761595 7941655004 3092783958
0643678562 0176109369 5343227442 0323727782 9212641072
7927331538 8054265718 7195231461 4760851241 2071162145
3707052346 0987352852 5352639855 5173759886 2152283252
7062331717 7105764683 4420711218 4896971626 3292124906
1416662418 8760417868 3965335208 1340399319 9974584851
6368676490 8868591045 2680787306 2160502149 5859193782
2714926533 3228609685 3650503986 1403799578 3932359268
0910778905 4855586108 8592428224 2259277447 7365117818
2700198138 8531607305 6803365796 7627178457 7742916999
7919369629 6290729972 6810304970 9697061750 3617848728
0491571455 3234024897 0086518250 5718413909 7089981443
2108632743 0762953464 8301060291 7603173983 1629885580
7697144339 5677290152 9479249489 2573053103 6288092988
5710977420 3433903894 2417749608 4967853115 8757524460
7210626352 2179995794 4832824964 9817968808 7770356049
0697406097 5581511209 5162050132 7709107803 9134611475
1004969867 7195780467 2823682217 5885085551 2187378823



8435502397 1353564767 5312848875 1114558439 4413075616
6908021940 4705402509 2561638873 0579959357 1007095421
5242402389 7386614498 4302696436 1569759383 5035800086
5252066344 8232509342 8912815946 8246881311 0767064807
2715392133 8085490889 3217446305 9788581127 4425344881
3196217550 7453904692 2922607786 8286365875 1566809447
5047862672 2735707695 3714897264 8601362808 0150844226
3265972211 4711872171 5445818774 2615869707 9388695592
3103553477 4484427102 7727918126 5419391255 4760484431
8093436796 6463340428 2833273374 1850629865 4994600120
9056686091 0949503520 8441838991 6340306963 3435199713
7223404510 1839365628 3949057157 4119917388 1420686449
1885648968 1633355195 0660009288 4333252480 6735584171
3374961715 0550934263 7189402325 3035425993 8439418771
8742088145 5435435616 4303489103 1481520576 5886944478
2706449109 9533521284 3251910491 2469054321 7380510679
4185988054 4012894251 2325899099 6231232405 3877398210
1446405849 6559741586 5952320581 4498852510 3769306549
7489313506 0329360744 8181499898 2011182749 2778152011
3240464303 8340009302 2310805472 5959755121 6746706659



2294443857 1075829356 8651598011 7901994804 5358247172
3450301763 9891490221 4494890216 0198684151 7587379191
6826610983 8573845376 5280418900 9337550323 4876758875
7658350816 8084898048 8994613463 8467583582 7589450046
6480260224 7079596073 1123470870 1901229396 3842199250
8876853711 1998543312 9372429484 7578836115 1740833584
3753310906 6594270132 5803295439 8152692068 1054804215
5210247965 1145454331 9711530574 0995493783 8369320017
0656410239 9396852034 1513173309 2513860829 8396103448
3756434854 7094563741 1060456166 6832802636 9760559410
7860053014 8540321252 8253223272 5173232493 5578822659
3959508373 3400950598 4530084486 1549376083 0772932369
7805390206 9489843652 2867928580 7815810808 5806495326
3317305646 8160917851 4712540008 8072257937 1359859196
0203211769 8516618138 2057266644 8797145605 0564764174
2736841891 4506734245 6756416048 2903098189 7917595674
4799704418 4815439560 4702337843 5681267617 7157987374
8731652445 8821001641 0619287671 5295197730 9612579504
0132799512 5123044607 1737653304 4348897583 7750220067
4146778016 9732280054 5673449942 5372413845 8236775963



9957228554 5930783851 9140395047 4413617589 1007414622
6819297696 9498861286 5298551788 0249933196 6356382483
8294192474 3192355842 6763507319 8580303015 3430748618
2437832522 7933579938 3568537811 3275565386 4730024767
4306723758 4455570664 3322396705 8378975019 4011098458
4530312039 7416081495 2863365122 4839511514 2651395213
6199492804 7761456722 8484431285 6596154497 3138278595
3307673696 0149415863 7070362175 6586701043 0358696114
5791714834 4582054822 9597116654 7021136277 2824935407
9462907060 1403720169 0357789239 9326303272 6072545060
0403646050 2838092961 0076000676 2109358216 1548809682
7981804590 8769907558 2797111496 7485871036 5979817790
0559920461 9921086218 8333938643 6767545357 8236336989
0881619356 4218210955 9511009398 3753747755 4658607786
5594330622 4849127897 8754508135 5800095536 1863224778
9455782167 2858215655 8348574169 2055782234 3615032535
5191306945 1960052894 9869404686 5586452883 9323919612
4043995947 7905755435 1905822581 2702468257 3216026993
5312376217 3162563897 3247571162 8596069997 0829394959
8146454681 2429119289 4493216757 8936358775 2365870831



2626129768 9522140371 2133337137 3636570097 4961114679
5473894021 6254866841 4635249814 8656843712 9932566103
6903209843 2452443637 4578928327 4532540101 3787354608
7085784915 3391330184 8796502158 8810929903 7143501149
6211919724 3727036331 8901179929 3100919897 2066058919
4991838526 9867800580 9392309173 7819542985 0851684668
1299233425 9466707617 7767558862 0801261412 6146408861
5606370386 7564612888 1437886181 6884069210 5737310071
4712755602 8255238461 0494287319 9498380141 9274943751
0069479060 9597627570 4074256052 7920403735 1322564372
0532009690 2712617878 8419582439 2343316525 2466820942
5466272979 3482420950 2732777029 5359815649 8247338180
6163938715 4774919753 5049321791 7432066843 4092062017
5808477830 5188754961 2442395201 1896490704 7660186063
5733321398 7937346739 1490808812 3513455137 7407155868
2223545588 4575446863 4333775403 1387130262 6071462240
1171706024 0106522549 1198646843 0964157219 4492446028
2817325253 6670353723 0042424986 6064805311 2750195435
6523225687 3826351560 6179781774 9036314750 4957320325
8272282087 9015800370 3947220784 7114408535 3021626740



5066505125 6166950057 3990832732 5068995212 6975261606
0272524728 3665244676 9954693569 4759472575 6685581189
4258537772 5768098397 6858806496 4418575387 1729087162
3665842954 6000645728 3605313875 8138636294 4104313462
9953741827 7627185306 1591934261 2177132010 3100211452
5657669028 7097455533 1090738581 1128955140 3927166875
2247998498 7499178502 5892689021 4824595782 5905186445
4825308670 9605415246 3916486748 1996956919 6375971963
0398096105 8033546132 7894359818 4350869745 2592000548
5900303729 6168307195 7622685435 3641731181 7450957993
3164776907 7464027402 5905255388 0918629368 6045867395
2113310468 5547484403 8171072506 6369101455 7314738282
5053570575 6613939175 5260695186 8964925034 4686647491
4652615608 5505037913 9420298199 4222199473 5438231783
2230368471 3733024748 5594298263 8040651298 4891971277
3126979399 4244683681 3979719308 9451531301 0228207176
0241132296 3912280618 1570953761 8452022878 6336178426
1035310734 1759203978 2916543702 3953430922 5910850108
0565591877 2527775548 0027001929 4614144153 7672275682
5533214173 7201407471 3478844343 6316759161 4387225594



3304949771 9612338422 2661604896 4396242053 2677970414
3080241164 0119680891 0109206342 9038027925 5156967953
2441619283 4866410838 2860544153 6996436593 1969137777
8700593603 0482022913 0265145922 9613455802 9718272438
4196876724 3708449263 6755070563 3405026837 1994493547
3265265632 0662743808 3699582633 5167607082 3549529856
1583433119 5243922970 0398791067 5268314944 2248758705
9711975013 5716880807 7088016385 7843277818 1513027786
8311685891 9461143010 8958921839 2897133594 1392888564
8854509163 7259398359 7420767157 0746071497 5246059863
9896695746 2315777686 0487972014 8035767956 4845898219
7028876161 2319470132 0955924214 4883555057 6272323443
4842642601 1753223061 8223035658 5080470110 1189919325
2571720549 9629266412 9773504285 0437026228 9723585281
6267563789 6302038984 7435594806 1217387390 6685354384
5303929312 9881938833 0411834237 7836147805 9757505840
6622541336 2933578093 1947819663 9297423503 9084805932
0069789917 6788339686 9131974825 8864747086 2799713132
5613717273 0816533406 1394625685 5059072754 5864506864
6565277682 5553429721 4088338372 7882010289 0293240313



2421020026 1063566424 4369661208 3041768693 2201048993
4515597321 1746630090 8671200835 5724205292 2510628503
0294066927 0580504400 6818192273 5142563465 8435481109
5932073401 2749694900 0254472079 7360379164 6697031950
3383284835 5167676058 3103654527 0857655498 0028239478
2231371887 0396521642 0784140386 3200501687 5592892442
4891643210 7962003137 1107462606 9359189558 1823998836
5915310970 0423581742 9460073596 1247432905 7210929097
6292410410 6566209235 0379244313 9268903030 6220340787
0584752136 8443498140 0664399682 8177728832 8306808296
7474851072 6842285639 5031192396 7939970227 8280832904
0391879427 0125640317 3198670548 0903817290 1093826770
3276181873 3382332992 8735425179 1214674169 6844438416
0995792173 4925475411 5169550363 2929460672 1879838177
9848868362 7829099798 4302172041 7536252229 9672743257
1630803326 2679427008 8346679931 2372277892 8049072690
6343593863 3448273734 9468718088 0694508882 4068997261
6587134375 1874071244 3535899935 7495057639 1055026023
4884831930 1097762875 1845555614 2797284284 8760393872
1304909025 4184884269 7751401162 6937613955 0458568990



4730039876 2225695695 2852270270 0707002236 3127827564
7209189072 3661453383 1506450866 0157166725 0304425313
4573076142 4825299347 3550820094 8111074026 4270328796
1354558997 2387692438 8109759704 4445727972 2559558214
8318579221 1683819202 2376660147 0535503329 9056638996
1139502003 5590039531 4314853199 9733956110 0645962955
5821496162 1580455163 2496152498 4625491338 6661556613
0574710730 6606494761 2592513473 9867240429 4705271394
5870057114 4617743592 4891999977 9853985891 5545801175
7075458419 8570746444 1715735287 0883181556 6490671161
3720524842 1240675688 3333463263 0939467440 5915392812
4346865274 1507636710 8332946799 3079601213 2262362971
9228890611 2943956865 8906746885 8225888839 8916501883
5533075233 1981579035 5358685515 5782065468 2183321590
7429103474 6956756633 9248541522 3645371500 3886217890
2634313785 3026622744 8817999987 3853323415 2500505075
9944529160 1038492429 6473792314 4851996764 0031204261
9311018390 0107455976 9324574399 6519682211 1570172250
0007801852 0076909279 9527481957 2235224900 9245510210
0832943506 0470903821 7623401235 2784838737 7273143198



1235331216 7350741624 7841954632 5344615208 2891223780
4692290850 9386280752 6773733648 9167527510 8867186907
4857315117 9871911275 8973717212 2200697902 6862701539
7703337623 5391685730 2353277808 0515008525 9817532955
5080787788 6672815650 9666916158 3911272169 8699388759
1126886484 8545345289 8384500172 0075317880 9612734774
4030045241 6750323930 3836706170 7101305504 3805871730
6756683353 3745378303 6855999377 5908695130 6218465528
5792359339 1741917120 5417969987 2561324532 6657739756
9709321705 6219380046 1482857499 8937523164 3513474707
3658820981 0605778865 4165147324 8981787009 4630138507
9255922260 7297152262 0388194374 8439143105 9409599258
4334465657 6817396893 2611045987 0100372754 3525116377
4416122729 9994101861 9566051421 5969412063 5513144859
7195452860 8097486825 4874524459 0362604731 3806483937
9734468186 6249700721 5547106019 3500238648 3893437562
2763501279 2584941732 6436623720 2327855359 4194930450
0111524937 0114763463 4157542640 9557473943 0694456354
2362081212 2411763735 7697086777 6359301935 6383644402
8893630507 8333228036 6747439432 4865707989 5085250872



7418326835 2719951577 9265271987 6374997907 6208438946
3472126203 6078308173 8142804787 8554978289 7862274724
4177003016 3255013397 0537241768 2815323516 1769069219
9702556999 6205464243 7265357754 7251024031 2994355386
4594831470 1949401560 2668494303 1837836936 5546618665
6625470825 8607489483 9728251558 9160385534 9506451384
7442211882 7562986206 3313569213 4350535417 5325462294
2738570185 1422160479 7918123913 5818570233 6381354453
5711277117 1943216604 6614310154 7419821554 9290475621
0901895720 8060623490 8802904067 8545667463 7241772486
8119007420 6557848221 9295010659 6683535208 6790875855
3449009271 3251073537 8131123286 0041052918 8355048282
5682124393 1809785796 6641441641 9743846503 5975431670
4183852145 9077943357 7314964845 7421486085 4886745291
3145745893 1518483420 5058542721 1602752070 1053028812
1820442571 8504079717 7351938264 4415143034 0000389650
8354760695 2112614351 5144940969 9151517833 2585172479
8947405242 0610045984 0736384351 1382982933 5370285516
4153281846 8987804359 2175819760 1110371882 6011571521
2198992803 5754608388 7409473752 2040639123 3628982806



6187319532 3552920401 4220009515 4808807061 0074538656
3972589708 0303279855 1240570967 5299487752 5034838119
1484476396 0690239980 0858875101 1612900600 8076911943
8103026094 9480659847 6196904805 9321785213 9982865901
6361397294 7333424529 7578429975 9023288921 2288761745
3643431583 7531437849 5746088747 3734258795 8758219901
9353898142 2942391794 1515613153 9793025146 4137986089
5988767541 3694323040 4870285554 1978092295 8044698990
1929045589 0684659783 8337994492 5127160494 1337790706
4865785894 9675759940 5061755763 2934756808 2892202911
1549186488 2015921461 7765449921 1827254988 6765689622
5170636148 3219514060 3084486884 2947490817 1412276698
9529766528 4671870107 2919337792 9282443532 4313828520
6357061580 7692592826 0322211940 2768779042 9240836532
3232151023 5407534232 1094760532 1017167804 7889604168
5107197396 9399186187 9463461896 7971354678 6722440290
5164443964 7829326694 6358491866 1504011655 0321379582
3884640354 5337067500 1468245089 3963508407 9633883393
1644002155 7629487655 4514962298 4945735704 5563984582
8653901031 2031199558 6329789859 9642742416 5456402215



5269311761 8219340405 2804977001 3958185699 5045062690
8321844220 9858065603 6039665052 0405092652 9449163112
2474122439 8545523345 9397360215 8488959564 5760356011
2394722600 2909110232 3581832707 7603181928 9578931912
0042282972 2719276801 0578564466 7334020318 6065797599
8976736300 4515534412 1222746492 1178419210 4299302330
4754593408 1486957338 8558531187 8925724359 9624701958
1049408342 7130065971 6364375165 7463710249 8705362916
9290060997 9797982081 4714713112 8995085184 9200398640
4614653025 0994914143 4035836955 6884216151 8200066725
3985853203 5670787534 4741018213 4499703959 1787397534
9621147236 7771510750 6443419320 6709784810 1390611946
8142996565 9469499803 0150150504 3949916581 9364340617
5471200602 3253305100 5685661995 3988521096 9917968103
0651566276 1140012393 9441274050 4065600221 7098547779
6442468587 4863196946 1895510351 3339164119 5903971893
8761054426 4230246441 2785966320 1484795527 3227434092
8634620098 4059824533 8576386151 9336443209 8339181957
4962950525 2717041594 1103294160 5520070797 0044527426
5503291068 0168291821 5054886572 9790830657 3320056671



1040393166 4289460739 7427613272 0699137735 8887764684
0767260164 5037969090 6737624912 3181569461 3258421465
1124301808 8628385018 7273208293 0493205348 8349080225
7999620893 1538204345 8746206252 3629681224 0775571667
6147083325 3074351802 8015646615 2412335772 6665459689
5015351209 6407409879 9335251124 2368393255 5080407795
3890651359 8486931485 7268748994 9014085300 1062540369
8440243398 5738212677 6294549192 7728192707 2710075950
5419454503 7909180516 3615808362 8887001538 6724394500
7027498984 3218556764 7403247143 9236648434 1116062093
1019601825 0317806835 3985725839 1335713344 9303614491
7086659797 2333881453 0921740318 1174775203 2581674338
9458264967 5275252036 1126273672 1097645431 3402380658
7201125134 5146117238 0163835947 2687522817 6383566558
9618861321 6729989394 0149412510 3564658336 3688776090
6588376967 4182919192 0311945646 9780942498 3860904160
3309637645 2927942341 9300230174 0054343225 8546250947
4354551709 6835436975 6035650199 2385147371 8492670597
2332775797 9117381524 7435316334 2411729845 8941291075
0455504288 5877762737 3406633041 6039180826 8741726065



9615989336 0778633070 1992223184 6664888930 4527152405
5117461202 2301603661 9219393661 5793786736 9615816259
7300582128 1128255764 6795949402 8146674576 0455774706
7390220019 7698318259 7002938195 4149275908 1133733236
0588587778 7161006725 8359623260 4960016058 9914889342
2047361613 2710075452 3004843943 1098999163 7221886232
6257224723 0711979182 3049444351 4033574476 6397083610
6986071445 7006927639 6639734920 2921834629 7644381860
1893766880 5345127770 3848156908 5406140328 0361502803
8609490335 3489323035 7925117393 5304158411 3326547129
0567398884 4359308222 8303303222 1165929854 1919655979
7184885423 8871580891 4036930161 7172570015 5706148369
0681274229 5502793463 5226450068 6934307748 2074666368
7476147620 0227501815 5179697826 6737414595 0438705887
2387338963 2912139573 0399466305 4340289132 7746816875
4669502161 4124655037 0091265917 9830290388 7348417613
9723433945 5693566008 3801609435 5613785537 4689207145
4423377646 7196313846 4652631570 1017132358 3974874665
4423630277 9285419045 0156664578 8185997947 8971251481
1405023776 9026172897 9301308065 6571631212 1207914290



7054215088 8983795453 6591643551 2334174598 7948092769
4175114903 1174605522 4557854581 3558670215 3090077031
9556558995 9974680574 1613338361 6416911400 9923341556
4386836225 8664428079 4033626701 0522666936 1924674723
7136409054 2898520518 8351003692 6818799746 5647052545
0682683936 2640699442 2311791299 7333641066 7817359159
7162898327 4177288723 0205260980 4248757771 0069881962
4037291271 6284558358 4784034049 2436487818 3372432037
1618788149 3183663213 2424242420 1471879866 0129082954
4902098739 9595428721 3906677698 2756308916 7942174016
8823587653 9750420302 4489864188 9636909631 6270120557
6819699291 5499277514 2543788129 4676650832 5035126716
8466448444 5472404101 2452806421 7832732227 7604369161
0288078358 8718437100 5180840179 5801410835 2816351636
0380534630 7638919476 1501869867 3670605014 7556545191
2556348547 4406162027 3938350356 2785615295 8894681701
6999401433 2311095287 2124482704 7206054602 5850066704
0757911141 3682790697 8686587117 7920435611 4892996871
9888032590 3495462586 8507864515 6073721715 3995339107
0545742084 4700489981 1282899421 6021222092 6244947274



5405610358 2092642512 6780398190 5452659443 7375194281
3217137033 6125910575 5169899284 7294695342 4298072325
6290258883 6268426784 4702983631 3294966054 4162538614
7488283479 8167322881 0978487694 1323436718 8334829751
3277555209 8111835661 2998485687 0217344971 5945581420
5167601363 1681044749 8709163649 4315666700 1634124731
5263146646 9447022286 0280711813 9928158887 5163721426
6832121415 0923172057 3189111732 8825980525 2015609004
1554777595 2404089135 0094036519 7084870074 9678332743
2335886946 3126879009 8502313172 0661411321 0860760486
1957063566 2452304872 0492970167 9457814582 0090361928
0678213945 8937433777 6931269876 8681171248 1640849105
2538842393 3369089463 5409235802 3108172557 6349979969
4364597544 4894856647 7328044988 6762357891 7302150269
8796454984 2771233602 5239601367 8890263912 7631673348
6900994658 8810286310 2237495535 9950171618 7794059542
7203256807 5099172304 0604059244 7593475587 8192311507
0860386436 4001669769 3588444107 7368702845 7703794092
8349414028 2212958640 7527063935 3993044472 3850843968
8527577798 3552083175 8107094826 8654551492 3467711645



1188567223 8076006299 8781844878 2700527203 1293884799
8209719432 0227571363 5203988800 7560979354 9685072221
7381909642 7575684664 4078438497 6235954164 3789860716
6734860499 5364292157 6909269615 1709528254 2108602668
8812876213 2282887012 3941112135 6084998485 6022616743
5034883052 1151995222 1309472231 1882454739 2608085441
2153442104 3454311042 8353361072 3224461095 0475490308
2384976233 7877239798 5764670714 8507270115 5033507917
6889428553 2565557856 8914111053 9376812300 7641727332
3355555569 5819795161 6787651611 2715880238 1737058125
8433764454 9639320903 3630888423 8313464741 3254157583
4085328701 6214784675 2736603532 9814219899 9001039965
1663985781 6270835896 2481375811 2852050274 6831434621
8654210028 7357984530 6419721733 1119032520 0734619298
1287229517 8982451117 7032832347 5986403956 2706190854
5507358079 1658971007 7764022903 5197705516 5146315695
4288414243 7557975709 6894223288 7312501544 6591323568
2234856323 0881862148 6917525444 2042503115 5171125209
3266720935 2445385328 5759307857 2051963112 6771596563
3535956460 6638121569 9176134271 0503579689 3469256097



7592291135 5755004495 4680939594 1988076919 3752888650
2489711246 8591619511 9118057366 2336507492 1836732839
5749066939 6689948638 8125465885 5888383033 0864279223
5459716140 8639132801 6968670609 6747793497 0251369670
9492118518 2680683710 3932976818 2793490904 8809926852
9794978557 3337154568 1229119082 8899996496 1736727582
9677225427 1826422328 6640013272 4327309242 9509230566
2213469775 6027497131 1377496402 1604518693 3589599433
4517013147 4316716699 2535535262 5191822960 6855110255
2106617693 9130589930 4704401305 5539478586 6316843769
1828647234 3532485938 8779733700 0237434440 5223057833
8504233697 4867005016 0028663716 3548072142 5727423634
7165982592 0005995273 5028634294 1390667926 6972379873
0437353937 9577587467 0438709507 3567124554 4966030978
9611819455 4170245592 1930096405 9380552294 2769217350
9881950338 5424390196 2235565665 0959811895 0849558347
5832679441 3719433477 7064417430 6876072873 2386031909
3764674529 1892183927 3405652449 1250586956 5176115620
6981250039 3153884581 8440649081 9305513822 0680810239
3363085653 5953832850 8151852860 2490738088 8193971974



1926645634 1614484265 1154131695 6283525195 9112442838
2628810103 0847554548 9736902540 3588236483 1424405950
6043336372 1723113697 9737662537 7898329148 1467685475
4118971023 6465877932 9452455366 0846298717 0976671452
1539359362 9565084168 6793887474 5177684647 0197056012
0629111965 9392716942 8782001047 3842269120 8420374736
3388386274 7926634381 7074600861 8165177012 4738002689
1028324861 4546728946 4377033943 4204648424 1967025618
7916489725 1838674622 2304165160 0018564312 9965411759
8208500563 3239524163 2046675535 0013353729 6849174676
4631941349 9223744247 2246330220 2185954740 6463788211
8823459394 0899689958 6677663701 1429528531 2707935566
3237832561 9667821366 5709220602 8310256539 1354011906
6214292393 8164112080 6961721604 3809938799 3003279135
1939616054 5906725965 7242443886 6730988394 9480405001
9958699540 8776106691 3890684279 9356469502 4599087865
6104815262 6194880291 6220377285 4404310761 9152330967
6134565789 8664927602 3103467080 7839099262 7547645000
2311159881 5152501667 5637395740 1905770341 2613420416
3590448083 9076537485 8277752596 6628543162 9883314207



4778261209 5040776043 3388366358 0243089244 8403488354
1028706147 3396328346 4657835796 6974592587 4011346345
7623216081 0423976222 5168959734 7681742851 2737721348
8843126429 8689167069 6316238734 2001469489 8521423020
8355107107 1050255718 8462778564 4037605341 5487371340
5703530471 6047710677 5293200799 0830085796 3350589136
4869774715 0937612256 2844835142 7933875263 6745707222
0025676912 7483422379 4366061319 8626760944 0621051523
7198485974 7379297406 1772433307 7735380254 3022189439
5766769509 5667279812 4850084862 6425884845 7967719356
1466464626 0149649514 6347149006 1886726013 0216748107
4660541119 2668918406 3788353110 5630441708 0835780199
9223295643 4743032959 7913588943 7938009727 0442582150
6927979988 8314467253 2976896720 9243310967 8778704372
5470404969 3782685353 3277996781 7629151867 1277541365
7266836934 9108729256 6065622815 9152633504 4669497567
9229497645 8396040312 4782609680 8076324572 9179631357
0638055301 8179506155 8934619200 5525020421 2768920472
6523519590 8441637059 7622758052 7335399057 2737729245
8984311346 6208946935 6846280770 8795934236 1434261835



7397284121 6652601954 3848177450 2442968737 8704478184
5808456698 5918167574 5936300712 5099299455 9021579797
1267979286 8141836179 4529381147 4383459113 0494949062
5457775739 6574482504 1893661050 1567223911 4063379044
2693276717 8357282347 8402429229 0403767470 0397134683
4385546406 4270710261 1753009130 8476127357 5638893444
9578014367 1978013898 2653424377 6067204873 0565920693
3281697377 0772050673 2140005736 7553449808 9554053868
8878671591 1240760240 2876493610 9146485632 4351392282
8961692053 8474220896 0466080590 3823099659 1893342589
0790062237 0408006699 7920297981 9440927717 3502701273
3684682086 7383102707 9479355302 2082277521 5446092735
6207151719 5538748966 8190846802 8606626805 2662617307
3955928932 4327665608 2055892649 2281145720 7893258778
2368082793 0505003074 1774353514 2587643209 1818543266
9406906760 0791908213 4203963689 5309452563 3402213073
0209864586 2976896554 7248652624 2846110473 6657509041
7717320523 2374140756 5848993239 2708682167 9426432687
5694735191 2174769111 1577540799 9719992668 2888507939
0393406103 1042132964 6825040770 6477052176 9095572432



6859664717 6986382914 1153779769 7600025819 2723944692
0104966004 2850854700 1480918081 0817266504 5679671866
8806462058 4788093007 1167141907 8497133939 1499399525
5245452094 9465078434 9719810361 4287781840 3322057069
4639515476 9469727677 4770642486 4607939235 1956543663
5083070252 0798246537 4274256996 9457756462 6119873862
9434532805 4150827620 9906622774 3584448627 0376709248
8431396731 2656356805 9785342858 1984460900 8250228150
5106367269 1418876039 7883197731 8626572931 4218073290
5509353856 2444488808 7051585120 5561944137 3703285405
4757221463 4071373693 2655210869 3222709423 9075429940
8994425444 5906867574 1143225242 6167234352 1912782585
4388455951 6797829932 8323642737 4574525445 4605293989
6806263513 7335872148 5080882020 5518659958 0340814883
2970125378 1235056793 0508188185 6850573123 3257555542
4196054273 5831944797 6432499228 8226604355 5852334960
6680905502 9052163377 8474635193 4749713022 3294939655
1041598783 9740167516 6185936051 7933895039 2466205245
5112688373 1112078525 7244245799 6232944501 6834171359
5140252095 1792646811 5682982031 3618827396 4266233216



7644152469 5487558164 0843582125 8504424767 0699693803
7585730039 0579011051 5414779557 1791693127 2909599822
1364115981 5952014586 1367892066 6663532183 9445791129
4294937274 6424648239 2154779756 1573367089 5761840575
3220985047 4858357089 1766352727 8094953542 7448252511
3739382912 3783351841 4718278488 1809377625 9467255433
4206902383 7559765846 7444988572 9710015336 5702593838
6098378883 7055966165 6612261881 2454638780 7403643775
5829259340 1364517385 8446245540 7649029616 2202292447
9177890142 4327249245 6246105728 3299442767 9678314481
9346705517 5708350294 2567326335 2649065141 4121023786
1093296718 8631037171 7046176289 3116167259 0290677122
3985883659 6414924553 0812072857 0841006607 6168543516
6635303413 8280113381 9677912289 9741266552 4495134833
8934636181 2822564990 5341150317 9141167093 8307677687
7423256980 3429140799 8029191076 1139653077 6180407622
1944515194 0260406347 0356799353 8832743785 8815201108
0406490885 1752700820 5623802051 2864218424 8230026324
3205599799 8346926232 6656447019 5635730067 9539057244
1503981642 3908213623 5132717714 5861912103 2811235726



9933087662 5534408941 5120517990 2731473868 1826266444
7528040672 7464085723 8015503894 1891259589 3739926501
