97620055819984538645591898054363878368838642008745
33754256729596890888801774557387555461026273769830
05404513957964004599830319625919442808959821397803
07438321234943603287359784367139831295763740539730
76264917525213787639035905170678946134459591299798
00404292175446413865121535270264685297041019678744
66109345321918740351325454588047733643326618415938
47554061783848755562824199215138092258513355385559
03029498137901685604713777310897389947153920173978
08387867105910800114672856630456677735130622386379
51077149549669211416766147545377437514177860609074
37877932267344446232964282154520384732776218451552
60511180865319866644342853770589745020489604951929
91436116430017757107795952530478315742316566205549
15660329984329719088420632596239350196565115678494
06755604312418701496366214918931758806592855661011
75891740577446243168011661855665792927582378609457
80482302742053921581267694908332799857123678792428
10142378535336327998578606525360090450446197732450
04603841734409429493604713686647452806845064965992
78832734077769807047929208922935655773107412760922
45795359272049379403404118148407603859287906591245
96664061957640024250080466069616090982438978156459
57011907616133019305700908320188544976733462490728
55236789439411805924111611161016181433868468863393
81881897429623642653579520429638337777780672645992
03851170543473203586317698850960418043670487271645
86391221601408320588239316426282043667291838209390
24862584033042850706260636795196846494864671859887
56356206883296320432084613336679755049749022415666
18391028603075912002090255335368462237831267634246
56944555457066109344329839448499051398736581651028
90608898742403674493580982538126775672626805625102
76390557607483158432331425121987518798155510424240
04438594718823906819573460653301205062378189776193
88148716103847654481634720034468939549218217568017
12519361814634172748436267620384256616046502290378
05686880497755997415530839450542843788894954633028
25306840127751018474679726032328315214320239186145
89640626900567922521031459493261302933461254501557
19129587538131525666126891710413262423424538925624
04102941208634614285626404011722325381572622934946
13294434177645793233224201878479232438479340114025
54873019282879395389857110628440537749218792208710
94949557922036640313229587614541431809534075580395
50724145902727721201300187563650222808388794207290
02794085150713383536801066808915887113982068082377
01857597419904971970811596825631982976175684615581
82291219946887491132890195700751879353713067339104
55362410597647677890646037748510541468475710147408
08711631964804136299271332308002956074744429336007
32002084167136249931166991058161764334743310531041
52093313033152829745743977031953321240239701530170
85482851844584910786346656938001428455454649006806
98266654991822232186384170646330918500330335440430
94691178851615994427431247281266779017072590383238
03375074339419214879518892087782582097022542954896
79643988636674905829269825435388513400106162456898
76551121761319795584028649142077672070964705635981
20284300985827986417255864090758929460260874476597
42631889685915954853745621329353343788658723814885
70253200726017087696390862577138382286997904593128
71361267059432211919120621478710173055439958589095
45042131366722426986865394210331057917941479981412
06863140659997388107272356294070749270456556887802
80358817997371185472282100438889064942148950022956
48644435872394401694935849280770660292285154623618
57271048408940652428147636655241635814071798870340
27053081700887695924848912093992510072512053696655
05230898508527833912190218992202475744920613422589
95335194371402966288774621040458444095127768254708
54379249686877491400101152458427972012110257901999
13989969103816967351997203070359406698446322861985
63271744758052823284148424302146035326420864414561
79138460534744275739885609706568623764110443715799
95357540852461797748511247901525974145387606559113
14279439930116620745685092430473290970378493275717
87568555813698121198251810025319627836425348004591
49527159644528335718132229967656225814532908668376
47108835774925245118703195798335167346638223089229
30842916488133599296891979325586255729682000260620
87297807517076382919124403572764543126385208285729
22723906673677466077377368555981236110526118995833
13234295208734273250925899697365989567780281213315
49642128834525846041006976897902886764008638327434
80202927890570990950274336671098859713879011310164
38502375937926383936031892830869251196927715567947
04310859170881803392369885719062542877347646354934
91828177607352627640758023674629966160702015882311
38612568314983911029029608055113439309271304592462
74248969018621516175310764712898473086317338295743
31707300969964513884349831527338352211308890238138
26799796729148218950410101574278295329478057924591
81300517281307594082985211672306622165930395004897
15244698321333382245513312267894678893300902988414
15927678637376054726083769762234218905796067859584
53112679673017584685731772358669649327449540149321
51980450040281060363848891527514455263370793158104
19977487425995352966573951834497278124718658141171
78443635870221957012577050448888532857670677198610
84825865124006823008759119481271993249558136568097
98161917519098764691453291071542504383004545070151
00963726983287618961648365127377353849296813602393
39311911522140669203929234279185953882057315847338
33227290015947675402659806494625235623559276933323
18449728019901916663518654885063669604827839865346
88028599239431051397394792007296990470797839747295
88811009362801252515483895575704141999000692802772
90875533383597966687273041368412889375647146965736
20101111892952126758664766930535922178208148926438
47177481654312645726549803453268673225936784237804
19608633282354351302556097812917175813406815407341
55985844656132404996043719182187136592989350762011
70407284862072330490913562301624402645425948900937
46477685433833190473173036314377168134501674688769
22012768160678772935632725179947618386163277723454
05359105124017418487040970883416895261036991696181
34117789501626425162488384728978993117393367417176
85373699410482737281958349124397606739946828926582
61793618240418778739433477945776173200153771743820
64962492629638070541061763760519812194572213469478
38710346884358878983625342533730696365136526813585
34331119917448815011784862406003401801274331512917
24767225744360724223982186032634984280986060624093
03359209099931681169038648005175425743519725957649
83396349090322626710031963754436620175075036591068
25527475970667793123545872531290128779483626934748
34611680415801862820384708808738530923445586734405
09514772619031131896504350400919676321688355217407
05730628790927331488618926819700213556170723625469
10571941739335451580378224442784231528571860668327
06813482624369906792715772976643604370968104464504
51168355085330875901602645949919051537476357672702
97054697027351998732297441158239477345793254581675
20710668266848580604825187273080147842227757069236
11394415238194031087106772525842489060443286113523
52769379888176729757778296685102485658724208180021
84730512968604289059485192784682946641745714587415
00974555321135892826932204731773665183933770157351
43762743997011838693119127709247751031467378652456
24508904249932259031868467555904929858790982242333
60866342113881059232847149119606777119738367675565
18113271626294604950321068146241774799964459030697
45741722564971532680385270207945107492964462338793
12751361555090233318020065748525313563130556129116
84938967321933795635283972649256553458029508467200
30082285882249263115369391769727439886044284784149
92973830586389601935091288182034690379601132128618
60014216701597047810364621772224460066094863638984
62328091487992531022765942873310753419622323142671
82335792162287618564697177701637013461091708447265
58748322426926341990924686144439690413859174871612
98246168010393927823690489821593767656607724301406
68605662011943615788967803109208807947259101863000
63714085684559853481034915480983793911063745988296
74266303011490183065345449976073096838941151480500
25596191126698158326176824550976722169382450013245
49555157016538163789241709486926877537370797870433
51220245514297302871185891945005963130790902216116
28404411568056128288678730230261351539048164279494
36123378551810995442513322444540425770370251920902
02014195261710150215925303012863187554536149275754
34208257463991358709080159416438257507646624406340
25117741674250237694258646331567127096621233965955
07581608839085774581101996049429440386338515659607
52163026429419590741072452987521493368941159326279
42579569572616357933364965633790035885570278829283
02308703832132228601737619904352900411083090325980
48985283271654168146626931056707004042429998076292
80621347428052798596501124243207001835394469999197
48620303252598746368816137154450288187062986622006
65170657094823770697717517193105848277646861276672
34253725348783014408899122865165232369155419149383
56929045729836812582398486524953528286124765179431
26077036044339754665557503788221065370441239264085
79937916791883990966311073188107069699444303651875
47605825672680902511228815257347736969315472110149
85297697702743465467116709063422003482378288680254
08736782675807347282662865546059525900550777402133
89197720990631957956100605374124846013914329307986
42102229117087099571853614867898095914853820881295
18433697251154965705517407212723070086316873396510
91553542076003004952478155150427946545850343973025
94586412326092389244437293777913779130266678790874
41954174568692653079157289355039909292573811829335
76828511249449883307390513764742681986577021468775
92181147568293509614163724789417899717138503182551
43507484835268176262167354366120961859002390953478
46360278908286741839151501990058967681855358032188
57730309893889304753114093499164619739852037785712
52489054821728895150324118900835797819645214480050
26302312594342582132933750416910662681576032152371
00352681436524240674067222259269477854219449854996
81249274009318104138610640107195481204421801592434
60894473280005911956691178772976758631827441463464
81243478865872526149892002397574534366184146419730
14173137372273477311651277784366778309344891332305
97562226762898259336091030748567909207033033139684
47160367492140428690417439351126194559532100746929
90378988390032619247109458314733856077911194221513
38179372027667399672787257679789839040031275100238
02076439835461549794439507858437351466669380744609
23671137083335530416289225307875387112955621099463
21902592611000533625156875771218740856276612440738
00884283421188921493951615260593604027915640283930
26853249380802333400957549783767761481332917848060
65849512981921167561433874059462697523148625445993
51900096169184715131496804176765947413760229721187
64708327095171604358075529088102829503714560356956
19491173021344959239150706059673987811401761848037
45976568663195747673524305144099805714369630450753
55630147537706610150595624376144316404194381429902
11783924421887883847777354317608438877670767625707
00455768959393779685933730488178857363645326452200
96244495282879053776455839827152554348726222526573
40566677206866593269970529491436677057358580621223
49397940154734966533725602282482076395828754919778
31902494224714591175692969355075801745676839136744
62672784150269280772001297514815821366638037220071
65473662929108409205019647625591993225095827293549
48579588748599382209400139818117515026919967766225
49132636226046904294575798618336811727362240160267
64461212543853297157349475664745183972827046469848
81903979157035921302538641559875284386127300671601
23848886518556444978037526171174845382011572468787
69771017094037697736610514102830133789320552743194
31972968410305317184677690010256186338441717024864
34151513975033256154055862066455422475459820429643
23565301329974519310019335550704292442706583096993
37593598432864430379314591431967938761320324207016
55273852840665093450920010103346613126526451709113
77067248373313595932118289580150981885243407104427
56294925687978597721847184477946166526852219906514
67804791796672981490535307600476963203714111294136
91514063200031766263733772815235337057684008215095
15507495450050724338510578040311576336144743143923
35495912866365234628984630521282700070690051540504
22320919896340604341904775831791222246436986884780
83113090866859646015779397186148795131869103676690
60340957450815988140551362590022429056131206119057
10113136616046384461567471751709798942760617049540
36973071849527660166608406357549364475410036034094
01766740504570190340301807400782572465083509570413
10106145468905151121367158535912875341223210093573
70118180551315621944986262782921285336808920032667
42430805856041202146560598442161994480812801709211
97005345294065850879772694943347124126394222076447
09231099486198295534832677122231465917699911130236
29433088191779343105172478169316211288275938880802
31011264178563622354576586261786928154705745246075
94793513226660443024725131249740683984097948845025
70509097057813208235685105545696885331337063669637
78021499152712807225784058900495633407664238299440
92081907095997956044940810693821542694208164726555
93835867720536613619277051645850772586568299538096
99598823561149446997237154621025330002282169330200
65590594024622234076283127987083204577715019770239
98612165890973044978491701191386187879706484577929
25983608596901817408479854965699357603096701815810
93272197291974729365639437274525761678693742653852
72347885404331714286591734644220788283260070133149
18296148257992652869184370233198370749513055652159
80517094601950075243349080513560071018010201389410
10465812007603791843974942003693968441016771700738
67889564937029943990652853667173156075984866991846
61305651766560586293200071825577488012585231483559
55939812824953384435976978976578469393889909292560
27309901544828368103348624601260279604642370009039
01765463860570533443817507914464294920003611645811
21548398774875940868776754750704875043176572344476
82389984345939202818918170155072532626487281499726
13981135469156001035558659658070606287757186028049
55102672611867843042006977782792719806810577184136
92230627872906122357137744355845685021941351209187
40657325959617411599584703865349991200527979657688
06395380935457432646328924768533224866867724470691
46509838267831949645162389953417144848653176964022
21142538219349656031563062487924049154078999702131
08686120524834505936899368100455221244330596349575
20741330593693810808905451077926639040952886216624
77465117205373950574706823354278299897564068328975
26378274907509111872183714079924594779560920879243
87240741060793439044715335887887947424193459320685
25622368365525836176185547001308837951040939647274
74829569541743788258488497108506044615349663223684
85927916743151610614184559875039156453030855053167
68561750317795793669019921917409632449797467034551
30306048058788394415079516293748941104788463139638
76425169502856065195215705983035283105395087543372
98159101106895142611164137610832722989201488415217
90658681339698355391026727732381994388966437096995
99804156999284974259847756038492294782814299304947
57895866209273929881315873591061022962354359009983
87994110532356362805640129344363813988515654788679
36857644745286525242718017944016259788291004886060
86624689574254142426665456797635412831480091333031
18203484271393529319575874937409746333324406289321
46535454817008958704446758468344907672129523873985
52984311909746799132737261178464432625733019048958
89709279755943860064344519550759905055768678456867
89173170260925531840886288331683233370688465476659
94430846682843206293710427835269536128606855681488
37001522280646564878644291329365003672536799782522
22706018064889436482532141111273721108709845564780
37239168415457403985795479926160874324679998410964
85092626598498072725489071020565990342408021452738
31906719560158050771576808452684086748915706475434
38500368085891909183172188210220087997441878690762
02059811280798814126816578448097986817341940523033
22582090476971148506917818846744938195686581107910
78175443736506673691629349118846712885834089864067
16568038172417688426487045044718933084333052719701
76629585412340951484464042085605873649041221028602
11472636123138281696311553904616580268516991292153
87909075094096053771141950672478919501082473252333
89311070714683564225755805218849167255300503661698
68338777028533047063019576806081125979372631881018
71216486427435798702509182897729644869458685860085
67388460029324110362115032127560041848703284746515
86934568999571050809738801674845766081368999382025
46166852614731141271603693979766277826020087417701
23283819140150730241612318809578560765749089521742
79620286438054381014875339403416032743783414720480
18567706675218909522110440819818637005250636176881
69176247207275354159903395914002082531528231286654
58768172521852773593618550709163349898359884833300
72142376552752082107720405807481530623738018224951
59763891682225381990943538690389427015530348065928
36504555725696440036439539413946813522799746875612
96570376828346758139272286801840880667200439248112
36235115939517374720761424411374859986048796600394
32756166535477030290734176785354369399329094012208
23589540326568902544530531550893009055270824584229
59003510006942553659093509648705042898832563382616
94308568143556797837992905622605766875870968561677
05419855918976716490819547177172035864546133559607
22316211378274275473377716767535612068411342970783
72204424913594683188184507488326581060637061377030
30944771063487601778998604671577606150942141076808
69959367407791844359342924293604487848692417705101
83604595280991858922187685035712557345601052462718
22010245746669917008605434505908322159128432134605
23380611659146802270566692219772912511824965854605
23828654862519251412427227662176729650805425372260
78447321366432765014758052488661703306438187739126
04877732650699706313296405012417549521038733639908
12264106278723997079254198087682252946530587296267
83781859267741139883337477631849894689605638453239
36223831859215191951630634227760161600213098020278
07092387782374501652047655058364608120915733433040
96888729531050219461034031855400510509723594909147
38074485329318329467251671877159444949699959618902
86118657724138876543971924510198042067556708469596
24279801728270609134167149824974247594526363741529
02520845808517214767925923426112375818461671286424
68351191351021994024170080271806459300181073659489
47541148575196102463247306737825446228668041111158
77491560139138499248457483165363431489803365254523
80871873465835643067229419104713423003338430901008
89455151858671318817507476957270879182359281367039
19851596410484559565865566319401328242593010927972
77309978266562593356433311987956750740997989814212
79954677761069341790388763144589075401407557211167
17111257522387841179882281773042983675062679318483
66570410397603133474823307649139255603965405683589
42365320499540747087848734325483299969912741575548
99490223323910415084444244351888168577301494282582
61237120443405949198281950459612370729630157732825
66351706046126949630654682642550111959797785341439
28726794791594840081761659641630156261739776503047
31004686573524133127535136832948557271425789877243
84442444411036430828175522135992664064114024953652
15114063799192885020377444587001743704660192555138
86966210536259894093974959748582934530009173844362
10489842220898872462812498638705624755139387388493
00554536099925548902767677727334294281501673642231
31487624631784270055600692491969032934949585072219
94542438351671973990876386890852385260399667285112
94613306448847891393327259101210195865374141036307
23893029552839671038486934990944339974810984251013
95241765790462679402795487131810976078203458952653
64854992969854312973045577706392817626113321702679
68760976903001839396321686593347949427245057425683
24340079483185863862981931361135930357520799567078
88560082393643671776126347863139713187436264828796
52220539083238619999032383934532788878879343245615
43915948530204637078317642095025133784413395467167
32982768692131913106833515256480185942919847827807
33902120502417651658097070701174567743694517908248
28781280872643038679799988921173543955769215295824
61859793894365295100102982984746729125310500955174
31091032337398457102138383678602399750371970104882
28121353509037107497028029964876101628850695846074
59767370580582553102387550045343699186391961873578
91102036922036071315234372489527965766955489823711
26254156001091067841783488806605797276231568364578
56791502192472661515471276148006298634938852789680
32485557718186729053714947414891685140513759254367
52323565950915452570019334147620950341001783793865
87436334742372379886515830943191646697583795476428
19052026638823036530797077439781044988488109421936
57496096348486228383229212686668640616437070870023
13396354426985121129288725843729082225702134930210
90609869702135383351009477301467996679638854529911
94456960450131452611752328694377447633373594638642
80236318862167957146101011829859367064424696224945
92822488558550991511305810258822115027919254126058
67856291993672480975303242257669024215400888103144
95791818590803217684408450408493324466359350495124
65503755798302487194969055357737011753658574349876
75249054571375294535016644712940816834238124024665
84285124319660026173115869592663309430200858952910
66476082072743511607317833557795160191694042696382
15023888596840399561077656319402256040586507513004
68940406271857896856146439381057924332350928937668
15010430145849206445775297744531879658786048109626
13846641039700220565901274883790592910604403520592
71707237212296348977503345359380352629328771505710
78408627889796533889838556488332582101435611808720
10015988150277659138167321973699150749270840673605
76900190893424904041421046671029211950180166421065
99213735701226946914228745431437128628069303296049
79595747853203552147483890387715154775544719675248
27760908946853051077608360464314811774020482501666
94697300726458380924914909628607159481951518285806
94022634321790264138460160421324708854189513822571
17559186971660512939180799260714781628507545403420
46883391493155157572590859031296487218239279389785
07680011046109899011565667513604754409634047183922
19352093930431114989302285383190109441939887507191
21737745254934079112763761158829634365124536822449
08367633659916808462194790981169566066062305966130
16278768764727107209076945459029042723666931516361
77873634612060535685465563551589985722993341477145
67655163798081699463663829583031844145664519992257
41923992856851679147704348283460129737280546834133
76071905168660875879331252620231959951339572519828
80018641662500790612300626322754553229235049839228
33024293508458070025133256181442513270743132835659
34785073319267880589310970484466409092745232481970
08083932226574324915695871595004149808588487922425
07440784250389810414066430930060333600763845523005
88676857435335530043540597496815609194989558261234
66905030142166797804937634872640459910059861018328
55623573701533514804669357275999629895276863149048
67485381038169414681261560855424999593417026793848
57810226282972647793593945499253750655255448031811
82536311046269629849585902459711586175514786821911
96347063349939838224684609446328113019601180518395
70206022938106187527404073122365437529460412646654
92410579696925522303264088746269776643667486604457
78537698108711190389576796932320288151238309616970
39798213370952588920898958037131629856760944980896
99217992479859175545663545276108174903344331775826
28086787571441998317824413166699660019082631086828
00181739471679488593765008657681134432883854842490
22180373718131407662595195595230694484545651262358
89924976603480621275240737472532719785791306829886
79765273483824809786496263150492971592039659138257
85370277890367235976640728707018779368658749955629
51650140069263679302019968022977184520938550608342
13728353902017049721862638076266422749730127275112
48690385568646245534730860365478991513165711761032
44055785212741901795682528485121101722522566290745
65989606680667417709151754490926702066157853045938
32616198477937675352676575496150116209269887182321
54841017213136629888594084777661429447166389649272
01614622803952677105780047853768338804152572632380
37431448931738281892597016383122772874468013256644
78402320639223129120084184357289785581161082605818
29932805413054690920272629987717726692631244917666
19268292552440964220487485429742410044195308561887
22515796798367182293165752135718008845558735506312
46166840902461121753544358090466764824186937405968
31250695392475333830768872647729334563385942182021
13580125970191404335791417011097756550752162999325
65080528626311468209221321569617850221805218341134
58394445099140256298066109032837222872886158841174
75649379850420017541774573809180463748577072978873
26643719311331857560855996974967490777307284412859
64808805694916671138498670601482231412861416827139
06247781912096375348626943899260044340470024396321
89297488132877724830053494039558850109981028154699
95021779319804184935659072441563671064333180469176
12288761255272338511361568051005213293701026150088
93647954574203256750790847559904742950645698339265
54951051119095138030282020766439265401033526244194
05950794583012273549790796238903848962169975747421
00273624823954215390127653225367646789696461051588
16997730908416858430056966195014781593426812913574
59572451038679398931549204708688374075961859682378
60059300428049628574592951342855085531940447188634
12436039106727305354183293286727997145119531913050
32969122582823812465819733539837754797812565271688
13100435707033844882493838113310377593423818597551
38908958155185190751755233105879229967454408511784
70898554971144688124289469196012531984204526436839
64027059831829471182065933347510473036538867912924
