03698 69238 39135 57009 79288 17140 48874 28085 45559 01882 08464 27586 69529
69340 93012 91139 80421 71231 28573 79383 70092 19293 99857 89195 32345 57795
37859 66128 40832 88812 96202 17480 28776 82031 87771 34997 81512 83965 75271
42687 08158 44140 67932 66275 90812 64535 75543 25783 63218 89633 42412 69363
00350 34017 52561 31231 19876 52187 15392 86213 65373 29311 97276 05022 38344
81003 35898 08744 71968 22181 62299 98739 96099 09153 90734 77535 43210 49679
72944 70701 59045 22065 70587 43894 22160 83306 14142 19582 85449 75163 40989
29249 82279 20584 28109 78083 64504 83662 49258 36325 83351 92230 12417 14073
72437 31542 19896 45139 65150 45519 89430 95069 29811 31226 77980 60487 58380
70586 73439 45571 92198 55167 68796 85131 80667 07999 51557 89876 32060 36926
98735 87265 28244 10014 77777 39715 50062 58776 50972 67278 66269 31803 66476
32335 85558 77527 30503 50608 34300 99634 45182 74454 89405 47349 66651 58478
49977 41943 52411 84724 42808 73174 30363 35823 11900 11547 87441 38201 20306
26011 70403 57128 90870 81930 15450 42518 92917 51201 03570 83939 65825 25955
10121 61935 10570 29438 73763 48906 52108 15132 31969 89669 61274 62464 04100
08284 30222 01589 91101 74987 69104 02651 20238 55443 92536 37004 61847 22977
46267 01284 45929 35243 80963 56999 17510 08306 13862 62600 30805 55614 00135
66659 57238 25480 66278 09890 54901 90319 01778 32119 83849 71197 01876 25213
75849 99981 40359 06074 11622 90175 48395 84592 04328 09705 62326 45959 92790
18127 90753 79958 49812 39481 55401 55155 11871 02149 28862 58221 75994 76601
33217 37185 28587 65664 50327 82330 61915 73267 93553 33374 00255 67934 14504
63569 72399 29450 46074 43125 70228 33641 63036 87858 82394 31879 75721 72275
75168 78121 59986 17178 60830 28002 42648 22865 14402 57189 61220 95565 84215
04021 97485 65778 23099 91539 44359 10339 63638 93123 33070 27325 89138 83350
44160 76293 91725 02063 44811 74414 35965 83403 90366 44769 33849 30316 26469
57740 90105 06316 71032 15039 18765 61060 02066 71656 06000 82903 88193 29867
80134 61274 60525 80149 91424 45607 20121 00618 26828 70070 22243 94979 27982
55834 01080 12618 88924 94082 38180 73059 44532 26139 88128 00189 04509 96580
61521 67731 88414 67950 76694 69839 54032 05446 17913 81417 16657 40826 17795
10428 68914 01037 84741 43567 86008 63161 46182 69240 48450 83240 47357 02868
97869 63021 37777 55121 47079 50507 94650 39079 29070 94952 08548 36143 95601
19651 33118 83505 63243 78311 65056 05044 74668 80333 95582 73272 99949 18205
20831 44137 91658 38919 72714 78367 12242 28803 77351 56669 49695 25901 55138
66442 96755 83861 39171 75738 67791 12111 31197 76748 99504 28867 25189 90160
35044 47384 50397 47303 14912 11992 20126 74221 32180 24708 99244 40383 17738
15093 87728 55865 95167 74423 96028 54017 63222 03559 48581 53930 88304 85698
60422 65425 93252 67607 79476 08172 59062 20248 07921 86482 46051 09191 84911
31594 66930 58200 39736 97187 72284 68052 97031 06200 56586 22599 00429 98742
90407 57649 97888 88764 13472 24249 58565 39939 59454 43940 92518 64620 01908
24039 10857 92496 30833 35621 88311 07251 12116 96906 57725 52563 32507 18230
55734 81990 05985 56254 50655 18390 49964 71552 67568 92384 53685 06670 01900
53686 35341 72753 18193 71002 54063 52157 95300 93224 09259 33670 27882 37592
65798 77669 08693 05144 45921 08387 21510 19543 63550 16551 88608 80369 97596
60762 39601 97925 34305 93953 84353 17714 87252 79528 89634 79056 88306 91706
39570 97789 68818 14239 12323 82135 52581 75287 21692 69050 00966 44376 75307
09269 65605 75709 83619 24331 44637 15038 56290 85412 23153 34099 56515 18429
39607 16695 91258 96455 42199 15966 31338 81439 84858 66551 33577 85291 35118
11686 72523 06355 23826 65573 30908 82247 55106 70301 14954 30069 33686 11678
76002 31879 06780 27739 20880 64555 49843 34179 71145 96561 34749 31706 13603
93785 48116 86438 26097 47877 05640 39584 69597 51306 02181 17542 00481 28396
74114 14416 62343 76578 46804 12547 68186 38779 57772 75892 68718 39815 02057
00886 99707 78166 66714 42680 14781 42849 14402 49188 91831 81140 00870 46142
87282 27562 64997 50186 63498 62978 94861 74825 98175 35394 08802 87629 55360
90563 73613 03943 53215 24534 16310 70272 11798 70819 17043 98516 48914 78338
76961 48215 30171 75949 81914 94911 37583 20644 92185 63011 91743 88247 64229
83901 60608 41267 78083 41984 48759 88733 08345 51906 69351 29642 15833 51475
83855 23011 39817 60717 95037 07851 41925 81566 44449 30498 01366 63579 77944
80841 49983 10725 52599 70771 59880 70196 25801 67532 79867 76630 27171 66471
74230 92683 49618 81336 76535 17505 48687 55511 70816 11106 41910 35242 25081
65571 34915 62767 30520 55783 50891 48528 28212 31503 55840 12066 45426 74315
32559 16118 53507 88976 72023 26177 01672 20795 65339 15372 51572 76117 89700
23666 66682 15857 01824 92775 63079 42494 81195 35729 55764 49723 98988 99709
70514 17767 54378 71773 20321 51073 07577 74072 95474 89692 45721 91041 77749
74242 48558 23997 20693 66204 89670 80604 02193 10361 84189 43264 33147 44299
54915 21171 29077 61977 62743 79933 88952 68457 21607 87709 15623 22008 27295
98436 49477 35523 68991 80787 27862 05263 13289 64123 78294 63236 23800 51281
09302 48232 11689 21835 35110 22436 98659 71324 72996 57793 37042 18677 13521
07391 34101 13982 77639 81936 02899 66479 02882 61236 26288 69271 70489 53060
67914 75759 24447 22426 00766 81969 90844 97774 42395 67094 06627 53562 48873
01537 75201 28720 82445 74010 14068 51776 91038 82375 30766 94409 10383 39764
66966 48927 07008 24198 24825 64372 68737 74803 15229 24873 40041 56469 89334
26254 04868 29698 46648 82597 67520 11355 49024 75091 71533 60718 50630 87028
23612 01725 08277 57264 42731 10443 76069 96292 50142 78600 83553 88848 64866
33598 23798 86336 53745 90149 54538 86936 03580 71959 26909 32689 31329 20426
57994 46981 27125 18978 75415 22220 48992 06395 35565 64643 33258 26264 19635
77173 05150 79756 16864 75790 15007 34099 41213 68804 26032 33638 81441 25696
99704 48823 41282 92756 40567 21564 18309 05403 78612 00398 67465 53983 54464
69109 81443 56676 22973 47726 45940 78827 06309 88622 38536 00046 18730 21440
40104 16544 91737 10174 98859 76744 22567 32988 91200 44538 92630 83107 38711
36113 56526 52623 55511 92634 42476 27110 62083 32495 82002 89754 38488 47912
46079 09621 97409 58234 60692 14486 07109 15778 86198 26039 43777 17583 31234
63408 63657 57175 83538 98389 04440 27503 55639 50539 63448 31256 74910 88351
34412 02932 49513 00913 34128 46288 97726 77226 66382 22744 43893 15655 97295
57627 97791 05482 05671 84424 98924 51360 59851 76895 47700 34691 69975 76897
71972 48456 32894 36671 49083 07372 68970 42708 89404 40099 02095 55630 98778
86252 87817 85743 00328 31781 95324 89009 23781 27788 93491 66233 33085 17002
13979 09783 43943 92036 81869 94385 34133 69680 40162 40467 39650 57155 34436
26260 21205 12604 82060 65452 21521 54319 02261 97828 76623 00944 96760 20112
16459 91800 59685 26604 31119 43624 19340 12492 14184 41603 58820 19950 86668
32107 53095 34365 79886 76304 04102 77555 56734 39838 57453 85268 08888 08520
06795 05637 86717 12099 16047 50579 08884 75908 10958 54556 67908 60484 20633
04535 15136 68521 93016 36992 30519 93124 47788 64943 72320 16703 26025 68869
78156 18589 59333 45460 16917 10908 36969 91059 63833 86036 57491 37499 96330
89466 49214 13265 46784 47159 17457 17053 35848 09721 65265 31688 02042 33005
31726 61077 13949 47417 79142 93644 04314 25288 81695 60331 70499 40872 22248
49243 75737 11028 49502 19450 08969 66780 54593 95185 25344 75875 45340 13936
22884 26293 68101 44995 02690 59642 85131 15635 86815 92735 18165 69441 50419
74822 47925 11814 65322 88296 71802 77727 53863 26788 75685 16887 90980 96802
11772 14074 17720 49585 19773 50438 60916 62512 82323 87478 23244 34304 55002
27067 92237 11246 59888 48491 15239 33632 55212 96879 89721 02010 80503 38764
05859 51452 53389 80661 00141 61184 24006 55597 27891 76746 88028 17413 10647
51937 41017 80819 90366 60645 52777 20512 12194 82319 87474 91390 40108 43196
55118 95106 05868 07667 26905 42164 70959 06638 16638 23013 04676 86273 20912
64809 34014 17115 67477 43583 53724 62311 19527 58181 23971 69914 56728 99761
64292 92174 71655 27216 16451 12837 85103 81994 56790 15750 98667 43710 01185
79928 60322 13729 20904 29914 25959 27094 07464 29838 17889 80162 57283 12074
22514 90715 95571 51993 62505 63253 26563 70592 67385 80141 14345 54051 04664
87626 92699 06014 82885 47055 67851 48837 30596 29262 74215 53733 61463 82692
73077 91963 95120 85788 20594 99220 88332 04767 56854 95433 75066 76873 51047
38615 83008 45325 51238 61534 25944 99276 17637 87072 12571 18828 97929 71026
47067 62721 74833 24296 20015 81383 70049 67491 96107 65800 86693 94186 69002
31730 29577 74654 48055 01589 14919 93759 61314 79546 20249 66192 30864 14375
52316 14535 30655 06829 70789 56536 72386 42341 67886 47079 69657 77017 90187
32401 51091 90371 44885 80218 95892 86299 04766 04393 07113 91018 23743 03526
18229 03453 71352 72044 73257 89782 05412 26849 51497 83188 04983 23187 05400
92380 90065 53965 98656 80126 17284 45562 87988 18213 09110 33606 86132 60295
08431 59426 60724 65407 90770 72109 42918 61686 02512 89632 37600 66970 83633
47361 10704 05557 37467 51836 53735 39469 80075 28803 56649 02843 79989 96556
27155 88446 98891 81296 88255 25959 54072 50662 58878 83782 92659 10822 27742
59826 21455 65974 38933 64702 93276 61799 71995 72102 26126 31332 27306 10528
13608 79836 39744 68794 84298 60460 29693 65029 88578 07945 25359 99865 82287
98660 82204 75474 89883 62902 06334 58514 38109 42125 27914 60664 48975 28812
74980 72598 31427 19512 66866 63116 42543 70707 89571 28030 57338 88767 96053
21702 67125 43067 53334 31826 39713 75756 85278 24832 62855 10089 69196 66258
33538 17265 08738 34678 59977 63279 78257 61043 85676 53781 59016 68981 48904
64206 53695 15019 66820 89695 91163 65777 63207 23889 23584 30955 02792 60108
17015 03293 90310 50036 35199 75405 25412 75940 90527 40810 92794 42814 78293
31693 45752 72551 02402 65757 80339 56554 73849 10747 11130 75889 32227 42842
56097 23836 45040 88393 39921 39920 76123 07695 40484 71849 17361 30205 85660
23354 28054 15850 33854 56186 10365 19893 14289 07061 92839 74764 35993 67653
50668 41969 40189 87648 40927 58203 18815 09758 06907 56293 04568 82061 27551
46587 77895 86718 05689 85334 02052 78007 31301 73562 20510 86685 30295 77515
27735 24829 59084 36556 54743 00901 06732 09642 97911 60539 19742 87564 19559
27440 14719 99841 07832 47935 63274 04747 24274 63776 50490 69941 01402 23157
81336 23156 51279 91788 86254 28209 06479 56681 75297 16869 05763 75852 29034
90923 18760 34355 36222 93660 29354 08438 84596 91938 76037 75311 98659 99100
65725 11771 18246 06819 72976 51422 80249 30734 56521 52974 40511 36422 40707
54586 18402 65031 12880 30550 48211 95712 00137 40544 75557 26979 80479 17209
46820 38200 29144 92314 48328 84209 28671 85409 97848 85795 85449 38605 51973
71893 56857 42859 39167 99729 81938 38543 58778 20384 59250 30126 11315 32355
53308 40267 32544 00000 00000 00000 00000 00000 00000 00000 00000 00000 00000
00000 00000 00000 00000 00000 00000 00000 00000 00000 00000 00000 00000 00000
00000 00000 00000 00000 00000 00000 00000 00000 00000 00000 00000 00000 00000
00000 00000 00000 00000 00000 00000 00000 00000 00000 00000 00000 00000 00000
00000 00000 00000 00000 00000 00000 00000 00000 00000 00000 00000 00000 00000
00000 00000 00000 00000 00000 00000 00000 00000 00000 00000 00000 00000 00000
00000 00000 00000 00000 00000 00000 00000 00000 00000 00000 00000 00000 00000
00000 00000 00000 00000 00000 00000 00000 00000 00000 00000 00000 00000 00000
00000 00000 00000 00000 00000 00000 00000 00000 00000 00000 00000 00000 00000
00000 00000 00000 00000 00000 00000 00000 00000 00000 00000 00000 00000 00000
00000 00000 00000 00000 00000 00000 00000 00000 00000 00000 00000 00000 00000
00000 00000 00000 00000 00000 00000 00000 00000 00000 00000 00000 00000 00000
00000 00000 00000 00000 00000 00000 00000 00000 00000 00000 00000 00000 00000
00000 00000 00000 00000 00000 00000 00000 00000 00000 00000 00000 00000 00000
00000 00000 00000 00000 00000 00000 00000 00000 00000 00000 00000 00000 00000
00000 00000 00000 00000 00000 00000 00000 00000 00000 00000 00000 00000 00000
00000 00000 00000 00000 00000 00000 00000 00000 00000 00000 00000 00000 00000
00000 00000 00000 00000 00000 00000 00000 00000 00000 00000 00000 00000 00000
00000 00000 00000 00000 00000 00000 00000 00000 00000 00000 00000 00000 00000
00000 00000 00000 00000 00000 00000 00000 00000 00000 00000 00000 00000 00000
00000 00000 00000 00000 00000 00000 00000 00000 00000 00000 00000 00000 00000
00000 00000 00000 00000 00000 00000 00000 00000 00000 00000 00000 00000 00000
00000 00000 00000 00000 00000 00000 00000 00000 00000 00000 00000 00000 00000
00000 00000 00000 00000 00000 00000 00000 00000 00000 00000 00000 00000 00000
00000 00000 00000 00000 00000 00000 00000 00000 00000 00000 00000 00000 00000
00000 00000 00000 00000 00000 00000 00000 00000 00000 00000 00000 00000 00000
00000 00000 00000 00000 00000 00000 00000 00000 00000 00000 00000 00000 00000
00000 00000 00000 00000 00000 00000 00000 00000 00000 00000 00000 00000 00000
00000 00000 00000 00000 00000 00000 00000 00000 00000 00000 00000 00000 00000
00000 00000 00000 00000 00000 00000 00000 00000 00000 00000 00000 00000 00000
00000 00000 00000 00000 00000 00000 00000 00000 00000 00000 00000 00000 000
(end 8000! -- 27753 digits)

9000!
80995 89986 68719 08582 91312 08009 79496 47582 81463 92946 40892 22191 30690
90901 54073 53605 44757 50419 36572 85614 94360 36552 69320 20561 07438 91851
06669 46549 24200 11620 11108 50170 17831 75388 34781 86766 65807 75025 39934
51959 46072 89191 43729 42203 51312 95720 20177 30667 11254 87697 71303 97164
27162 93438 87027 38999 04848 70424 76198 59031 39252 13259 06951 73046 06398
85408 22033 65929 17669 68548 60187 89730 82087 32490 24010 31256 29307 27450
24794 47202 93865 69310 77745 40391 54913 62533 59762 40736 52717 47502 48807
59266 59676 09235 86742 74866 87394 62406 53542 08222 80757 10753 34926 66251
24010 20728 62713 74834 74443 09749 17651 37643 32550 83291 00387 10232 35959
06471 78443 12777 94544 09105 76220 14418 78571 85178 74052 99272 35356 25962
53377 30777 86483 15673 33510 03985 01531 28500 63097 29768 83831 04165 94492
22918 77154 82782 73877 76783 09886 00191 15057 27173 46230 90315 06120 76541
76768 33404 69423 12777 86685 20674 03680 70667 87172 20065 93528 92874 03445
17948 77042 21022 86474 71183 18894 66773 42158 24448 32530 42183 44022 28677
64640 88159 48441 72961 05456 59851 66244 13422 53628 45837 76565 64529 16072
36937 42808 10908 21806 79354 42791 20012 80813 02822 14882 52371 07624 22258
36471 97398 66816 33398 95158 45762 46505 43929 37290 50474 49519 46352 87927
45452 32972 56490 83565 50783 23969 18608 15473 96290 71097 23178 88199 77161
71297 16053 31166 98713 61039 19199 43326 82406 22230 86833 79931 75184 86256
17001 58767 43951 75031 39509 82026 68242 65425 44094 20862 68933 68737 02317
17539 39606 04826 68802 20310 85209 03136 69977 48698 74729 93944 81508 71016
84853 27896 95095 45919 54970 62072 50476 27682 62574 82834 35507 93756 17595
07369 05866 58619 70162 20556 22829 40851 11421 93149 21932 12021 15385 44514
19950 97765 32335 26824 97411 62784 96155 46692 62810 00614 53783 28724 37283
34083 77387 99218 64420 02128 48935 37157 10101 37557 97314 37032 56004 92358
51213 62668 73444 68295 05918 27219 91497 26881 05498 47657 75949 93655 49103
02488 45071 78709 43618 39130 68508 58956 69277 35091 95285 19040 83999 98683
57050 09833 73859 27373 28137 52632 37042 53720 07533 20301 14429 63972 90856
07416 05987 02489 25296 13539 23612 41489 13515 82623 28009 65205 30805 01518
73454 80542 34356 24966 92698 49269 42141 85299 81873 64337 42085 63867 26733
29050 46714 01347 13134 46841 35946 27818 45599 74277 96579 86198 06146 09578
20771 47570 38352 46244 18582 41710 65571 39109 19817 66113 75044 13472 00394
26140 63293 53413 62767 32154 77728 07250 72555 38721 42254 58814 56061 24909
17195 81946 87234 92949 94960 85923 60201 90433 21403 76342 80329 86487 55021
69145 97032 03499 07141 96722 88210 79151 01586 47945 29379 90415 37077 11764
07887 22848 96419 54512 43230 90877 85084 79867 55997 17439 34831 81105 77938
00314 20645 75210 04503 21362 94294 97616 22033 41396 54359 34245 15490 62125
29939 78729 06187 58817 69781 67460 54361 77053 82392 99447 09214 63264 82784
45331 15902 49523 32341 50851 55765 75977 91355 04438 72276 84622 68067 44948
05121 95113 30251 07233 85985 17796 56815 99714 59079 95528 62082 94963 78409
56894 83979 66974 39849 10522 55019 44900 22461 93926 86060 80633 69359 87260
62882 23035 51322 15391 14085 00716 94265 91775 29808 90861 24125 09395 22098
85783 19541 81100 28923 73571 71508 90469 15078 43577 24104 64477 69649 10677
67988 32425 33677 93831 63894 10973 73239 54442 01079 75021 21205 50616 34503
78177 72019 35665 03914 44847 62071 12997 54242 38305 58642 20480 82818 51829
68042 17957 43530 80017 19202 19290 28380 49966 25215 41596 82433 29343 47763
62843 22696 60483 74888 71567 47338 32319 15786 08851 82133 37688 67964 31887
62722 81007 42315 61676 37967 30532 65841 66406 32658 15097 80957 02886 79320
12535 12803 44772 73156 95288 44379 78896 49827 29269 12255 08525 91310 98903
57958 24315 73260 49124 01986 29897 04471 12013 25353 37575 25178 47165 34646
99835 67245 74723 45445 72853 91362 44150 76812 08211 61460 62304 57984 23857
37902 66872 75138 69592 13020 48107 29781 44754 45510 16621 84614 58318 75160
59645 19525 59921 74408 93812 86482 76441 43139 34198 06085 16173 83876 55955
92834 69286 35836 16588 66503 05842 66567 33327 41989 76064 73677 14218 85254
20552 36863 97315 51738 35681 39946 08548 74392 66608 74407 89274 42074 34385
68533 80917 40680 60416 25981 45801 18963 75403 44148 27133 87999 29922 76242
32367 74236 21475 77704 25272 69191 59153 39149 18759 64264 62764 98487 24747
74665 06772 54633 97284 29158 45655 89138 21000 94056 65681 92018 83231 86473
86040 58983 08222 49966 15205 59037 26204 96696 45313 46819 00535 89630 04804
81908 11685 33365 15214 36804 71222 09248 26856 41607 44884 48417 05577 93483
15541 98650 04126 65196 67731 48511 89969 01594 82203 00920 31932 25608 49352
30693 03676 59309 86213 32333 68690 76675 95151 97579 13166 27168 79086 66566
96568 78734 26713 81323 22839 51702 43176 55413 57301 94417 90702 08695 89087
73081 19175 39120 29344 11068 27445 11618 21385 39150 85135 20572 55125 49523
02074 15297 79310 10143 50956 41952 24965 51597 93988 27692 97240 42596 48194
08877 78147 92671 90382 43012 57642 05657 06448 60953 32306 16094 36859 22463
49710 41112 57052 09009 70937 30186 04507 45295 62795 74966 42495 21183 20346
34547 52409 13103 96898 88478 96096 52284 30124 31757 37119 81941 59304 65506
01893 35334 07087 86218 86833 48135 55530 69375 67577 28816 42866 35477 12133
39862 61402 02246 67652 36328 35731 31757 73476 76132 23139 58102 99236 44849
99715 03452 95511 03774 60128 92963 43306 48977 06296 82364 36039 66666 40176
71203 97697 94914 02215 34287 48993 13253 79441 05429 29020 55801 26291 81533
99954 98556 46232 19002 59640 55042 58481 54082 71649 43397 10497 30680 50806
80174 51871 28308 81411 93317 46084 03366 14934 03193 41106 93429 66314 72588
52759 71704 70868 48785 18343 01726 22952 78765 36210 95871 18084 25280 54636
18778 86328 58281 89508 29884 85744 77995 58993 53256 49661 42279 39925 84465
34564 13386 12580 95952 29830 43885 99051 76519 96945 54438 16210 55050 06974
06551 73241 82341 02482 47089 72870 74283 42700 29898 71361 58026 41316 26843
15079 95605 01104 62918 21719 87643 12889 36773 99923 23922 94638 36739 35187
70735 76941 90670 82638 50320 14209 20443 43657 87459 43249 08596 80189 75418
96026 46098 16096 83990 54298 99147 76686 83246 30059 98189 41541 41771 93705
70725 38453 01993 48976 52770 85220 67483 48132 41887 27699 92143 93310 94829
10351 87870 37607 66787 57175 72627 95942 86809 05764 34557 02485 08730 53569
93805 67093 88715 65137 63033 36376 00639 08701 61560 97448 61406 27694 77490
26653 56395 92928 76843 15606 56122 81239 99064 39346 84266 22199 86442 47380
93852 45388 53665 11038 23482 81416 18485 89239 05574 21946 46357 38390 79935
18963 74953 68620 02393 06956 02406 03744 56834 28024 02278 13134 40264 91504
02647 92788 37281 15141 31021 96500 44756 67307 20567 19124 95547 27848 88958
76907 61428 79024 09107 27908 68410 24434 92578 62137 14326 88189 96631 13859
99818 91775 27625 60468 16038 13167 70750 41353 39795 83744 45708 14056 51050
56364 09322 28259 96579 85020 33326 04148 07157 98893 88169 12683 93440 34680
16927 35121 50891 93083 72463 22023 50946 39150 00641 27451 43794 21278 74416
05327 21183 80749 84790 73947 74467 16456 83266 29932 85570 82077 34158 08454
46412 95140 33115 04381 58592 63616 53545 31975 71850 57800 98310 65233 15562
12793 57847 50538 58910 44691 68784 60171 96438 94876 62973 15846 43329 84635
35492 26171 79137 51249 80021 87777 00745 76007 31952 26473 84409 67011 07300
04751 80854 78798 08812 78307 81571 74033 29427 29542 96048 34031 29224 22355
05925 58866 43750 42000 80989 56297 51273 51750 19419 40645 31250 89642 04632
06705 03848 06052 39223 66566 41760 64176 35227 00045 41402 22483 21698 61780
05164 78668 15241 68092 43865 59760 92623 18059 85804 53389 36889 36348 88275
17383 66081 17293 04289 05160 61723 47613 66827 13976 03246 31298 64551 07234
58442 25074 48231 92970 26518 38976 15800 46154 51776 20586 35776 12132 89001
89084 36957 20239 38967 47069 37660 53378 46922 56639 65288 40902 74658 33554
81873 62536 09638 55379 80087 15932 90065 29267 73110 79121 50305 82813 89772
67525 59345 93052 90751 62013 52001 95531 57416 86266 36379 57536 16524 28235
20760 16333 13538 36603 32456 53290 07170 98006 66588 32149 18721 38666 71200
91586 33324 50115 22592 57766 57876 40737 68741 11231 77440 03851 39856 81925
47481 00808 42303 12611 30694 20433 92590 75950 78322 85125 63080 17726 79846
86824 80769 50355 99035 94989 77299 17446 56993 80178 62710 06156 00155 65747
72713 88209 73377 69491 68347 17751 23621 67482 76466 06437 14821 50498 19838
47554 81494 07726 74559 86149 56133 75625 36110 70091 54511 97536 82647 83609
06232 63535 53212 79845 52750 92680 27935 77393 77542 90135 38704 30839 66404
15639 59354 38612 63598 53118 95272 55876 72361 44945 06000 41185 97044 86372
64655 68117 29650 15980 26190 79916 36153 73887 99397 89152 65323 60248 82111
96521 99017 58609 46532 39016 76782 55453 35928 90716 90628 83721 10576 58405
93856 69395 25213 79929 44963 86784 16237 13042 11175 15733 43825 85004 66960
19088 47779 26804 21935 97677 53242 69123 92980 05424 85924 96996 03437 22071
19229 96417 02455 91604 05867 13882 40706 33287 10869 73564 52114 23882 37010
54408 58756 58348 05985 26732 36755 44709 57334 93162 73631 94098 14699 76278
75676 88990 77065 25172 90197 74506 54752 01543 50810 95593 27229 36653 42667
52065 47027 40741 36242 58684 31043 34416 00062 96906 97765 15004 08369 26552
16484 74554 06144 81198 55995 65502 55077 07455 85114 51144 24000 60230 54520
88333 30338 41402 51207 78511 49336 22884 67033 68567 40794 31417 50567 73081
18218 69967 82165 35045 64487 92884 22888 13380 17949 87771 65023 02456 77092
04837 99303 62917 49554 69654 15927 57821 72051 18980 43722 14008 69059 06929
22422 53380 47188 30288 66778 41074 74947 98287 17805 59813 50197 07850 37590
28846 06096 47317 33269 10641 44085 16633 20630 93243 08974 04265 08365 95410
50487 37008 15739 16589 66482 75291 16423 70755 91475 50535 10964 01784 55479
41770 03312 29826 22107 34172 99930 32121 11868 40568 93566 06236 66578 97313
80233 18745 04476 01923 20094 02458 67350 45274 02628 38226 22519 06098 20370
29578 82113 22649 12363 24623 59775 42352 50283 42212 68506 52853 40677 15077
59753 77535 30419 35114 67433 64255 80518 80721 50990 35517 34918 77043 72904
23459 57563 06914 58246 75305 37819 11920 21378 13592 69701 05491 13068 05154
55590 01109 22082 56024 05523 83462 99709 15813 44071 37189 89451 24579 94289
02128 84157 48069 00306 08642 41271 85536 63621 16698 48099 43416 37776 05112
77293 30926 60026 60920 05798 68127 13834 28610 59179 06994 12345 41362 82734
57549 13314 66398 37614 93396 87256 06704 62116 93583 36513 95662 77078 46559
09748 31719 00892 23465 50832 20362 50180 27677 38488 15508 12616 85906 25576
02326 87691 70072 95837 28539 59586 59564 61964 86436 60886 78756 88979 35260
71414 95764 09396 12356 84661 59638 18910 65862 94698 44183 49591 78055 12982
94000 23175 83113 13473 53301 97515 91626 07430 38894 42653 33957 32000 87633
99315 83381 32040 72398 21962 47842 92760 02988 43369 86083 76571 89745 99868
58836 98039 58250 72294 11862 00927 62906 85331 31206 60635 85169 15575 94615
17961 14755 83951 50900 08583 05312 72755 22960 85630 98037 10435 39153 26597
61148 15905 60637 37415 31344 72236 92618 48175 52267 41965 80640 40460 00911
89047 16877 70819 81846 81914 98963 27559 72909 18829 94658 79498 00743 23378
21821 82556 25006 51441 24162 62189 25486 38539 61287 68764 25925 84152 53715
02637 32019 52034 06267 16388 82516 35748 13023 73677 60046 37888 53687 62931
86967 44639 97850 69371 08273 01611 87781 69632 68156 02389 63295 48782 00921
34181 25167 21366 89560 04798 19260 28292 89267 12030 90785 06293 70136 07136
39694 35639 79704 43891 47720 20000 65327 54708 81061 17171 86617 52770 40421
79205 38362 88865 20289 37022 67617 41350 46515 10848 91021 85991 10960 38848
64806 03517 25817 30993 30848 35616 60565 16860 83450 05344 51784 02257 61832
06940 04156 26800 89775 15473 88676 22275 78294 99773 33964 05703 52332 73148
66673 61920 16502 91210 77508 91881 15174 70597 55151 99368 46255 97496 57792
12401 57713 13683 57275 46099 08994 47168 48099 00729 55005 78714 68215 09429
01714 15980 58214 06864 87420 34474 16412 68177 77393 58535 85352 78758 25309
22956 62502 57667 95530 22019 83151 22153 25744 50842 35579 17624 06003 91701
88392 35999 65721 31602 37754 76085 73205 61333 07812 42974 55062 47123 08701
23603 89551 16585 97860 22010 70886 07380 69009 80264 62334 68905 25184 47029
63072 10943 03152 54167 67089 97933 17488 23170 48857 55749 58261 20208 07545
29950 84327 39638 57886 21644 91237 49184 86175 18406 72376 81668 28740 90501
35827 37707 92194 91266 37520 32678 45680 94831 52031 25590 35914 68405 13193
07863 24128 43726 53658 47815 32470 97065 69905 05794 44504 99059 31139 13891
62170 23503 99364 08701 03337 13406 80164 38153 11761 35064 76303 35221 40642
55496 91043 73704 39228 06025 91780 37024 87099 38387 84107 70693 49998 58987
73708 02151 52170 61686 96840 71324 88006 11329 10867 48488 17970 85770 79241
05310 26391 55010 18956 92397 10192 83492 58522 76100 67683 78989 72593 39482
18570 02003 83211 79423 69222 04920 32924 57509 29800 29722 46132 67057 15404
74971 74886 81851 50366 82022 20228 27392 76147 77274 48480 11390 38234 52250
31156 05382 37764 99548 63459 96573 54787 22181 90173 55785 47755 35249 09141
77712 83705 94574 53571 25802 73368 24888 92996 04394 04420 66845 22848 78598
44525 43158 69077 51274 43938 90597 70461 29870 62693 41473 10213 43714 76740
33809 41896 80554 33725 12313 59113 93437 76432 01061 04972 26906 03772 45091
20972 23112 78040 02797 67444 68514 65568 63055 84105 97330 64005 72526 91896
18602 62613 72371 62889 67145 86703 38575 65347 33351 36218 62559 43628 53303
04913 47718 34850 41865 36456 48147 12077 08310 66494 76975 31287 42734 30809
63931 35750 90341 11650 27523 22008 52217 00897 95347 31636 07766 43771 10289
82944 17114 66227 02189 65569 00992 54426 62293 84776 88087 76909 42035 06011
72921 24693 86654 82416 32664 11610 30793 22389 36085 04041 25785 06976 15428
05358 71789 54275 00321 43793 75613 76241 13431 26869 38080 49384 50088 29461
76126 01119 44021 90106 78651 27066 24429 71062 77092 18017 62861 63870 91723
26798 91849 78991 92247 76382 38427 98338 49832 10877 43338 28739 16048 01753
77444 28269 93423 74515 98202 23354 55027 14789 52515 80706 54522 11178 94754
69973 11677 14219 21214 64086 81740 05295 93945 66458 79735 88534 72698 74452
01285 66508 86075 06109 35278 25152 25320 47874 15519 89013 23121 92289 12372
90999 37250 98662 76770 02798 17748 83231 16423 04233 45464 66356 76749 80291
56040 86528 80189 98480 96868 33939 16195 15394 14003 45318 18634 75860 73669
00472 00410 07593 93797 41152 17287 79375 30612 66626 34810 90346 78849 09587
10305 32698 58912 24610 54328 24420 07205 30411 58343 73897 70205 64774 94072
97870 15927 58088 86527 23232 70693 71004 39292 61987 28620 52297 08656 79804
64385 26139 36900 05840 37677 14473 58680 59827 91901 09509 53286 54357 80669
82180 34124 30362 39225 63859 02226 46915 11711 75002 19304 78840 84138 16562
99382 83417 15402 93866 61613 76717 17493 11824 10366 77799 25082 52197 93141
45921 54229 29737 65959 17455 22168 77354 17045 55828 74482 62810 65765 52472
44484 52548 76700 66452 38497 09999 37556 02679 83351 37628 33250 00814 52843
98763 56508 96274 85382 80764 74803 03398 55324 83433 74130 62702 27301 64762
64622 59648 74567 09477 05094 33037 88218 78014 37847 74273 73076 70035 48526
28353 62991 70715 00731 82476 32026 73044 58170 76820 98704 92624 01727 77916
57528 86790 53399 00110 84831 69215 44758 05596 99608 06891 80202 96343 25081
94737 60592 70880 08635 97466 07013 19688 74567 88082 34638 58291 06101 83629
45721 40783 32145 09679 29268 06839 27339 57036 78435 34933 18341 30208 08328
25070 54987 24572 23389 68115 03136 29432 43340 52792 39116 57884 54756 25334
50119 12690 87292 18441 03831 14627 44047 47174 99616 42329 22256 36256 63735
43561 20343 35667 81685 46279 43325 71008 33149 30752 16410 85361 93590 72806
74640 53263 60310 96168 78352 22868 03948 97108 81549 84712 98039 18952 59377
19718 96714 34093 16164 16563 72027 74705 76828 94076 62231 28047 28721 76790
21183 48883 45079 85521 00261 85292 98366 55052 15062 17989 04821 76423 43506
14583 01069 40954 01769 04687 20883 31315 55855 28739 55852 68151 39310 02698
43476 17023 72994 99074 71351 24519 91902 41376 80236 88027 42384 12408 61586
99577 55913 45908 88314 97720 34439 55835 60327 39430 58765 64022 49118 22486
56236 78276 33964 04007 17843 06268 00501 93511 90832 54489 90439 35115 05576
54936 69151 52629 35439 67908 94121 12320 83927 23960 47559 10947 14706 36309
67056 72548 72965 15818 29983 54376 76280 38300 80784 86174 35776 37813 08262
01365 20297 21934 98026 42750 68211 76339 85768 40855 19703 90619 02363 01556
98064 19850 83255 23501 44175 97861 89708 45583 64650 77748 30371 94915 07875
58228 36850 22661 74221 00901 98748 48145 62103 80085 98162 20241 79835 96588
26184 32839 63124 41169 56448 47320 01808 47432 77574 10833 18114 99691 75998
07402 18833 73600 52049 26416 70894 94260 12995 93249 19338 28640 14246 99561
65371 99000 75024 66747 27054 04574 55775 25468 97768 97736 37858 54906 06385
54484 32903 72661 78289 96046 79811 22912 98326 11137 22480 91775 09429 41408
