8486827785715412687077502837
644 17320296362028041575101700125969936473500140029417630532809264038929328507618295296768998368696367201051744
1745679366796666275460425933
645 28024828208982524888853081172083804086070176200754736755344902481264569158517282525439352971080256725853756
0232507152512078962537928770
646 45345124571010566463954781298053740559570316230172367288154166520193897666135577822208351339776623926905500
1978186519308745237998354703
647 73369952779993091352807862470137544645640492430927104043499069001458466824652860347647704310856880652759256
2210693671820824200536283473
648 11871507735100365781676264376819128520521080866109947133165323552165236449078843816985605565063350457966475
64188880191129569438534638176
649 19208503013099674916957050623832882985085130109202657537515230452311083131544129851750375996149038523242401
26399573862950393639070921649
650 31080010748200040698633315000652011505606210975312604670680554004476319580622973668735981561212388981208876
90588454054079963077605559825
651 50288513761299715615590365624484894490691341084515262208195784456787402712167103520486357557361427504451278
16988027917030356716676481474
652 81368524509499756314223680625136905996297552059827866878876338461263722292790077189222339118573816485660155
07576481971110319794282041299
653 13165703827079947192981404624962180048698889314434312908707212291805112500495718070970869667593524399011143
324564509888140676510958522773
654 21302556278029922824403772687475870648328644520417099596594846137931484729774725789893103579450906047577158
832140991859250996305240564072
655 34468260105109870017385177312438050697027533834851412505302058429736597230270443860863973247044430446588302
156705501747391672816199086845
656 55770816383139792841788949999913921345356178355268512101896904567668081960045169650757076826495336494165460
988846493606642669121439650917
657 90239076488249662859174127312351972042383712190119924607198962997404679190315613511621050073539766940753763
145551995354034341937638737762
658 14600989287138945570096307731226589338773989054538843670909586756507276115036078316237812690003510343491922
4134398488960677011059078388679
659 23624896935963911856013720462461786543012360273550836131629483056247744034067639667399917697357487037567298
7279950484314711352996717126441
660 38225886223102857426110028193688375881786349328089679802539069812755020149103717983637730387360997381059221
1414348973275388364055795515120
661 61850783159066769282123748656150162424798709601640515934168552869002764183171357651037648084718484418626519
8694299457590099717052512641561
662 10007666938216962670823377684983853830658505892973019573670762268175778433227507563467537847207948179968574
10108648430865488081108308156681
663 16192745254123639599035752550598870073138376853137071167087617555076054851544643328571302655679796621831226
08802947888455587798160820798242
664 26200412192340602269859130235582723903796882746110090740758379823251833284772150892038840502887744801799800
18911596319321075879269128954923
665 42393157446464241868894882786181593976935259599247161907845997378327888136316794220610143158567541423631026
27714544207776663677429949753165
666 68593569638804844138754013021764317880732142345357252648604377201579721421088945112648983661455286225430826
46626140527097739556699078708088
667 11098672708526908600764889580794591185766740194460441455645037457990760955740573933325912682002282764906185
274340684734874403234129028461253
668 17958029672407393014640290882971022973839954428996166720505475178148733097849468444590811048147811387449267
920966825261972142790828107169341
669 29056702380934301615405180463765614159606694623456608176150512636139494053590042377916723730150094152355453
195307509996846546024957135630594
670 47014732053341694630045471346736637133446649052452774896655987814288227151439510822507534778297905539804721
116274335258818688815785242799935
671 76071434434275996245450651810502251293053343675909383072806500450427721205029553200424258508447999692160174
311581845255665234840742378430529
672 12308616648761769087549612315723888842649999272836215796946248826471594835646906402293179328674590523196489
5427856180514483923656527621230464
673 19915760092189368712094677496774113971955333640427154104226898871514366956149861722335605179519390492412506
9739438025770149158497269999660993
674 32224376740951137799644289812498002814605332913263369901173147697985961791796768124628784508193981015608996
5167294206284633082153797620891457
675 52140136833140506511738967309272116786560666553690524005400046569500328747946629846964389687713371508021503
4906732232054782240651067620552450
676 84364513574091644311383257121770119601165999466953893906573194267486290539743397971593174195907352523630500
0074026438339415322804865241443907
677 13650465040723215082312222443104223638772666602064441791197324083698661928769002781855756388362072403165200
34980758670394197563455932861996357
678 22086916398132379513450548155281235598889266548759831181854643510447290982743342579015073807952807655528250
35054785108733612886260798103440264
679 35737381438855594595762770598385459237661933150824272973051967594145952911512345360870830196314880058693450
70035543779127810449716730965436621
680 57824297836987974109213318753666694836551199699584104154906611104593243894255687939885904004267687714221701
05090328887861423335977529068876885
681 93561679275843568704976089352052154074213132850408377127958578698739196805768033300756734200582567772915151
75125872666989233785694260034313506
682 15138597711283154281418940810571884891076433254999248128286518980333244070002372124064263820485025548713685
280216201554850657121671789103190391
683 24494765638867511151916549745777100298497746540040085841082376850207163750579175454139937240543282326005200
455342074221839890907366049137503897
684 39633363350150665433335490556348985189574179795039333969368895830540407820581547578204201061028307874718885
735558275776690548029037838240694288
685 64128128989018176585252040302126085488071926335079419810451272680747571571160723032344138301571590200724086
190900349998530438936403887378198185
686 10376149233916884201858753085847507067764610613011875377982016851128797939174227061054833936259989807544297
1926458625775220986965441725618892473
687 16788962132818701860383957116060115616571803246519817359027144119203555096290299364289247766417148827616705
8117358975773751425901845612997090658
688 27165111366735586062242710201907622684336413859531692737009160970332353035464526425344081702677138635161003
0043817601548972412867287338615983131
689 43954073499554287922626667317967738300908217106051510096036305089535908131754825789633329469094287462777708
8161176577322723838769132951613073789
690 71119184866289873984869377519875360985244630965583202833045466059868261167219352214977411171771426097938711
8204994178871696251636420290229056920
691 11507325836584416190749604483784309928615284807163471292908177114940416929897417800461074064086571356071642
06366170756194420090405553241842130709
692 18619244323213403589236542235771846027139747903721791576212723720927243046619353021958815181263713965865513
24571164935066116342041973532071187629
693 30126570159797819779986146719556155955755032710885262869120900835867659976516770822419889245350285321937155
30937335691260536432447526773913318338
694 48745814483011223369222688955328001982894780614607054445333624556794903023136123844378704426613999287802668
55508500626326652774489500305984505967
695 78872384642809043149208835674884157938649813325492317314454525392662562999652894666798593671964284609739823
86445836317587189206937027079897824305
696 12761819912582026651843152463021215992154459394009937175978814994945746602278901851117729809857828389754249
241954336943913841981426527385882330272
697 20649058376862930966764036030509631786019440726559168907424267534212002902244191317797589177054256850728231
628400173261501031188363554465780154577
698 33410878289444957618607188493530847778173900120569106083403082529157749504523093168915318986912085240482480
870354510205414873169790081851662484849
699 54059936666307888585371224524040479564193340847128274990827350063369752406767284486712908163966342091210712
498754683466915904358153636317442639426
700 87470814955752846203978413017571327342367240967697381074230432592527501911290377655628227150878427331693193
369109193672330777527943718169105124275
701 14153075162206073478934963754161180690656058181482565606505778265589725431805766214234113531484476942290390
5867863877139246681886097354486547763701
702 22900156657781358099332805055918313424892782278252303713928821524842475622934803979796936246572319675459709
9236973070811577459414041072655652887976
703 37053231819987431578267768810079494115548840459734869320434599790432201054740570194031049778056796617750100
5104836947950824141300138427142200651677
704 59953388477768789677600573865997807540441622737987173034363421315274676677675374173827986024629116293209810
4341810018762401600714179499797853539653
705 97006620297756221255868342676077301655990463197722042354798021105706877732415944367859035802685912910959910
9446646966713225742014317926940054191330
706 15696000877552501093346891654207510919643208593570921538916144242098155441009131854168702182731502920416972
13788456985475627342728497426737907730983
707 25396662907328123218933725921815241085242254913343125774395946352668843214250726290954605763000094211512963
23235103952188853084742815353677961922313
708 41092663784880624312280617576022752004885463506914047313312090594766998655259858145123307945731597131929935
37023560937664480427471312780415869653296
709 66489326692208747531214343497837993090127718420257173087708036947435841869510584436077913708731691343442898
60258664889853333512214128134093831575609
710 10758199047708937184349496107386074509501318192717122040102012754220284052477044258120122165446328847537283
397282225827517813939685440914509701228905
711 17407131716929811937470930457169873818514090034742839348872816448963868239428102701727913536319497981881573
257540890717371147451899569048603532804514
712 28165330764638749121820426564555948328015408227459961388974829203184152291905146959848035701765826829418856
654823116544888961391585009963113234033419
713 45572462481568561059291357021725822146529498262202800737847645652148020531333249661575949238085324811300429
912364007262260108843484579011716766837933
714 73737793246207310181111783586281770474544906489662762126822474855332172823238396621423984939851151640719286
567187123807149070235069588974830000871352
715 11931025572777587124040314060800759262107440475186556286467012050748019335457164628299993417793647645201971
6479551131069409179078554167986546767709285
716 19304804897398318142151492419428936309561931124152832499149259536281236617781004290442391911778762809273900
3046738254876558249313623756961376768580637
717 31235830470175905266191806480229695571669371599339388785616271587029255953238168918742385329572410454475871
9526289385945967428392177924947923536289922
718 50540635367574223408343298899658631881231302723492221284765531123310492571019173209184777241351173263749772
2573027640822525677705801681909300304870559
719 81776465837750128674535105379888327452900674322831610070381802710339748524257342127927162570923583718225644
2099317026768493106097979606857223841160481
720 13231710120532435208287840427954695933413197704632383135514733383365024109527651533711193981227475698197541
64672344667591018783803781288766524146031040
721 21409356704307448075741350965943528678703265136915544142552913654398998961953385746503910238319834070020106
06771661694359511889901760895623747987191521
722 34641066824839883284029191393898224612116462841547927278067647037764023071481037280215104219547309768217647
71444006361950530673705542184390272133222561
723 56050423529147331359770542359841753290819727978463471420620560692163022033434423026719014457867143838237753
78215668056310042563607303080014020120414082
724 90691490353987214643799733753739977902936190820011398698688207729927045104915460306934118677414453606455401
49659674418260573237312845264404292253636643
725 14674191388313454600357027611358173119375591879847487011930876842209006713834988333365313313528159744469315
527875342474570615800920148344418312374050725
726 23743340423712176064737000986732170909669210961848626881799697615201711224326534364058725181269605105114855
677535016892831189038232993608822604627687368
727 38417531812025630665094028598090344029044802841696113893730574457410717938161522697424038494797764849584171
205410359367401804839153141953240917001738093
728 62160872235737806729831029584822514938714013803544740775530272072612429162488057061482763676067369954699026
882945376260232993877386135562063521629425461
729 10057840404776343739492505818291285896775881664524085466926084653002314710064957975890680217086513480428319
8088355735627634798716539277515304438631163554
730 16273927628350124412475608776773537390647283044878559544479111860263557626313763682038956584693250475898222
4971301111887867792593925413077367960260589015
731 26331768033126468151968114595064823287423164709402645011405196513265872336378721657929636801779763956326542
3059656847515502591310464690592672398891752569
732 42605695661476592564443723371838360678070447754281204555884308373529429962692485339968593386473014432224764
8030957959403370383904390103670040359152341584
733 68937463694603060716411837966903183965493612463683849567289504886795302299071206997898230188252778388551307
