7380 93
728  (152 digits) :
62160 87223 57378 06729 83102 95848 22514 93871 40138 03544 74077 55302 72072
61242 91624 88057 06148 27636 76067 36995 46990 26882 94537 62602 32993 87738
61355 62063 52162 9
4254 61
729  (153 digits) :
10057 84040 47763 43739 49250 58182 91285 89677 58816 64524 08546 69260 84653
00231 47100 64957 97589 06802 17086 51348 04283 19808 83557 35627 63479 87165
39277 51530 44386 3
1163 554
730  (153 digits) :
16273 92762 83501 24412 47560 87767 73537 39064 72830 44878 55954 44791 11860
26355 76263 13763 68203 89565 84693 25047 58982 22497 13011 11887 86779 25939
25413 07736 79602 6
0589 015
731  (153 digits) :
26331 76803 31264 68151 96811 45950 64823 28742 31647 09402 64501 14051 96513
26587 23363 78721 65792 96368 01779 76395 63265 42305 96568 47515 50259 13104
64690 59267 23988 9
1752 569
732  (153 digits) :
42605 69566 14765 92564 44372 33718 38360 67807 04477 54281 20455 58843 08373
52942 99626 92485 33996 85933 86473 01443 22247 64803 09579 59403 37038 39043
90103 67004 03591 5
2341 584
733  (153 digits) :
68937 46369 46030 60716 41183 79669 03183 96549 36124 63683 84956 72895 04886
79530 22990 71206 99789 82301 88252 77838 85513 07109 06148 06918 87297 52148
54794 26271 27580 4
4094 153
734  (154 digits) :
11154 31593 56079 65328 08555 61338 74154 46435 64060 21796 50541 23173 81326
03247 32261 76369 23378 66823 57472 57928 20776 07191 21572 76632 22433 59119
24489 79327 53117 1
9643 5737
735  (154 digits) :
18048 06230 50682 71399 72673 99305 64472 86090 57672 68164 89036 90463 31814
71200 34560 83489 93357 65053 76297 85712 09327 37902 12187 57324 11163 34334
09969 21954 65875 2
4052 9890
736  (154 digits) :
29202 37824 06762 36727 81229 60644 38627 32526 21732 89961 39578 13637 13140
74447 66822 59859 16736 31877 33770 43640 30103 45093 33760 33956 33596 93453
34459 01282 18992 4
3696 5627
737  (154 digits) :
47250 44054 57445 08127 53903 59950 03100 18616 79405 58126 28615 04100 44955
45648 01383 43349 10093 96931 10068 29352 39430 82995 45947 91280 44760 27787
44428 23236 84867 6
7749 5517
738  (154 digits) :
76452 81878 64207 44855 35133 20594 41727 51143 01138 48087 68193 17737 58096
20095 68206 03208 26830 28808 43838 72992 69534 28088 79708 25236 78357 21240
78887 24519 03860 1
1446 1144
739  (155 digits) :
12370 32593 32165 25298 28903 68054 44482 76975 98054 40621 39680 82183 80305
16574 36958 94655 73692 42573 95390 70234 50896 51108 42565 61651 72311 74902
82331 54775 58872 7
7919 56661
740  (155 digits) :
20015 60781 18585 99783 82417 00113 88655 52090 28168 25430 16500 13957 56114
78583 93779 54976 56375 45454 79774 57533 77849 93917 30536 44175 40147 47026
90220 27227 49258 7
9064 17805
741  (155 digits) :
32385 93374 50751 25082 11320 68168 33138 29066 26222 66051 56180 96141 36419
95158 30738 49632 30067 88028 75165 27768 28746 45025 73102 05827 12459 21929
72551 82003 08131 5
6983 74466
742  (155 digits) :
52401 54155 69337 24865 93737 68282 21793 81156 54390 91481 72681 10098 92534
73742 24518 04608 86443 33483 54939 85302 06596 38943 03638 50002 52606 68956
62772 09230 57390 3
6047 92271
743  (155 digits) :
84787 47530 20088 49948 05058 36450 54932 10222 80613 57533 28862 06240 28954
68900 55256 54241 16511 21512 30105 13070 35342 83968 76740 55829 65065 90886
35323 91233 65521 9
3031 66737
744  (156 digits) :
13718 90168 58942 57481 39879 60473 27672 59137 93500 44901 50154 31633 92148
94264 27977 45885 00295 45499 58504 49837 24193 92291 18037 90583 21767 25984
29809 60046 42291 2
2907 95900 8
745  (156 digits) :
22197 64921 60951 42476 20385 44118 33165 80160 21561 80654 83040 52257 95044
41154 33503 11309 11946 57650 81515 01144 27728 20688 05711 96166 18273 85072
93341 99169 78843 4
2211 12574 5
746  (156 digits) :
35916 55090 19893 99957 60265 04591 60838 39298 15062 25556 33194 83891 87193
35418 61480 57194 12242 03150 40019 50981 51922 12979 23749 86749 40041 11057
23151 59216 21134 6
5119 08475 3
747  (156 digits) :
58114 20011 80845 42433 80650 48709 94004 19458 36624 06211 16235 36149 82237
76572 94983 68503 24188 60801 21534 52125 79650 33667 29461 82915 58314 96130
16493 58385 99978 0
7330 21049 8
748  (156 digits) :
94030 75102 00739 42391 40915 53301 54842 58756 51686 31767 49430 20041 69431
11991 56464 25697 36430 63951 61554 03107 31572 46646 53211 69664 98356 07187
39645 17602 21112 7
2449 29525 1
749  (157 digits) :
15214 49511 38158 48482 52156 60201 14884 67821 48831 03797 86566 55619 15166
88856 45144 79420 06061 92475 28308 85523 31122 28031 38267 35258 05667 10331
75613 87598 82109 0
7977 95057 49
750  (157 digits) :
24617 57021 58232 42721 66248 15531 30368 93697 13999 66974 61509 57623 32110
00055 60791 21989 79704 98870 44464 25834 04279 52696 03588 52224 55502 71050
49578 39359 04220 3
5222 88010 00
751  (157 digits) :
39832 06532 96390 91204 18404 75732 45253 61518 62830 70772 48076 13242 47276
88912 05936 01409 85766 91345 72773 11357 35401 80727 41855 87482 61169 81382
25192 26957 86329 4
3200 83067 49
752  (157 digits) :
64449 63554 54623 33925 84652 91263 75622 55215 76830 37747 09585 70865 79386
88967 66727 23399 65471 90216 17237 37191 39681 33423 45444 39707 16672 52432
74770 66316 90549 7
8423 71077 49
753  (158 digits) :
10428 17008 75101 42513 00305 76699 62087 61673 43966 10851 95766 18410 82666
37787 97266 32480 95123 88156 19001 04854 87508 31415 08730 02718 97784 23381
49996 29327 47687 9
2162 45414 498
754  (158 digits) :
16873 13364 20563 75905 58771 05825 99649 87195 01649 14626 66724 75497 40605
06684 73939 04820 91671 07177 80724 78574 01476 44757 43274 46689 69451 48624
77473 35959 16742 9
0004 82522 247
755  (158 digits) :
27301 30372 95665 18418 59076 82525 61737 48868 45615 25478 62490 93908 23271
44472 71205 37301 86794 95333 99725 83428 88984 76172 52004 49408 67235 72006
27469 65286 64430 8
2167 27936 745
756  (158 digits) :
44174 43737 16228 94324 17847 88351 61387 36063 47264 40105 29215 69405 63876
51157 45144 42122 78466 02511 80450 62002 90461 20929 95278 96098 36687 20631
04943 01245 81173 7
2172 10458 992
757  (158 digits) :
71475 74110 11894 12742 76924 70877 23124 84931 92879 65583 91706 63313 87147
95630 16349 79424 65260 97845 80176 45431 79445 97102 47283 45507 03922 92637
32412 66532 45604 5
4339 38395 737
758  (159 digits) :
11565 01784 72812 30706 69477 25922 88451 22099 54014 40568 92092 23271 95102
44678 76149 42154 74372 70035 76062 70743 46990 71803 24256 24160 54061 01326
83735 56777 82677 8
2651 14885 4729
759  (159 digits) :
18712 59195 74001 71980 97169 73010 60763 70592 73302 37127 31262 89603 33817
24241 77784 40097 20898 79820 34080 35286 64935 31513 48984 58711 24453 30590
56976 83431 07238 2
8085 08725 0466
760  (159 digits) :
30277 60980 46814 02687 66646 98933 49214 92692 27316 77696 23355 12875 28919
68920 53933 82251 95271 49856 10143 06030 11926 03316 73240 82871 78514 31917
40712 40208 89916 1
0736 23610 5195
761  (159 digits) :
48990 20176 20815 74668 63816 71944 09978 63285 00619 14823 54618 02478 62736
93162 31718 22349 16170 29676 44223 41316 76861 34830 22225 41583 02967 62507
97689 23639 97154 3
8821 32335 5661
762  (159 digits) :
79267 81156 67629 77356 30463 70877 59193 55977 27935 92519 77973 15353 91656
62082 85652 04601 11441 79532 54366 47346 88787 38146 95466 24454 81481 94425
38401 63848 87070 4
9557 55946 0856
763  (160 digits) :
12825 80133 28844 55202 49428 04282 16917 21926 22855 50734 33259 11783 25439
35524 51737 02695 02761 20920 89858 98866 36564 87297 71769 16603 78444 95693
33609 08748 88422 4
8837 88828 16517
764  (160 digits) :
20752 58248 95607 52938 12474 41369 92836 57523 95649 09986 31056 43318 64605
01732 80302 23155 13905 38874 15295 63601 05443 61112 41315 79049 26593 15135
87449 25133 77129 5
3793 64422 77373
765  (160 digits) :
33578 38382 24452 08140 61902 45652 09753 79450 18504 60720 64315 55101 90044
37257 32039 25850 16666 59795 05154 62467 42008 48410 13084 95653 05038 10829
21058 33882 65552 0
2631 53250 93890
766  (160 digits) :
54330 96631 20059 61078 74376 87022 02590 36974 14153 70706 95371 98420 54649
38990 12341 49005 30571 98669 20450 26068 47452 09522 54400 74702 31631 25965
08507 59016 42681 5
6425 17673 71263
767  (160 digits) :
87909 35013 44511 69219 36279 32674 12344 16424 32658 31427 59687 53522 44693
76247 44380 74855 47238 58464 25604 88535 89460 57932 67485 70355 36669 36794
29565 92899 08233 5
9056 70924 65153
768  (161 digits) :
14224 03164 46457 13029 81065 61969 61493 45339 84681 20213 45505 95194 29934
31523 75672 22386 07781 05713 34605 51460 43691 26745 52188 64505 76830 06275
93807 35191 55091 5
1548 18859 83641 6
769  (161 digits) :
23014 96665 80908 29951 74693 55237 02727 86982 27947 03356 21474 70546 54403
69148 50110 29871 62504 91559 77166 00314 02637 32538 78937 21541 30496 99955
36763 94481 45914 8
7453 85952 30156 9
770  (161 digits) :
37238 99830 27365 42981 55759 17206 64221 32322 12628 23569 66980 65740 84338
00672 25782 52257 70285 97273 11771 51774 46328 59284 31125 86047 07327 06231
30571 29673 01006 3
9002 04812 13798 5
771  (161 digits) :
60253 96496 08273 72933 30452 72443 66949 19304 40575 26925 88455 36287 38741
69820 75892 82129 32790 88832 88937 52088 48965 91823 10063 07588 37824 06186
67335 24154 46921 2
6455 90764 43955 4
772  (161 digits) :
97492 96326 35639 15914 86211 89650 31170 51626 53203 50495 55436 02028 23079
70493 01675 34387 03076 86106 00709 03862 95294 51107 41188 93635 45151 12417
97906 53827 47927 6
5457 95576 57753 9
773  (162 digits) :
15774 69282 24391 28884 81666 46209 39811 97093 09377 87742 14389 13831 56182
14031 37756 81651 63586 77493 88964 65595 14426 04293 05125 20122 38297 51860
46524 17798 19484 8
9191 38634 10170 93
774  (162 digits) :
25523 98914 87955 20476 30287 65174 42929 02255 74698 22791 69932 74034 38490
11080 67924 35090 33894 46104 49035 55981 43955 49403 79244 09485 92812 63102
26314 83180 94277 6
5737 18191 75946 32
775  (162 digits) :
41298 68197 12346 49361 11954 11383 82740 99348 84076 10533 84321 87865 94672
25112 05681 16741 97481 23598 38000 21576 58381 53696 84369 29608 31110 14962
72839 00979 13762 5
4928 56825 86117 25
776  (162 digits) :
66822 67112 00301 69837 42241 76558 25670 01604 58774 33325 54254 61900 33162
36192 73605 51832 31375 69702 87035 77558 02337 03100 63613 39094 23922 78064
99153 84160 08040 2
0665 75017 62063 57
777  (163 digits) :
10812 13530 91264 81919 85419 58794 20841 10095 34285 04385 93857 64976 62783
46130 47928 66857 42885 69330 12503 59913 46071 85679 74798 26870 25503 29302
77199 28513 92180 2
7559 43184 34818 082
778  (163 digits) :
17494 40242 11294 98903 59643 76450 03408 10255 80162 47718 49283 11166 66099
69749 75289 22040 66023 26300 41207 17669 26305 55989 81159 60779 67895 57109
27114 66929 92984 2
9626 00686 11024 439
779  (163 digits) :
28306 53773 02559 80823 45063 35244 24249 20351 14447 52104 43140 76143 28883
15880 23217 88898 08908 95630 53710 77582 72377 41669 55957 87649 93398 86412
04313 95443 85164 5
7185 43870 45842 521
780  (163 digits) :
45800 94015 13854 79727 04707 11694 27657 30606 94609 99822 92423 87309 94982
85629 98507 10938 74932 21930 94917 95251 98682 97659 37117 48429 61294 43521
31428 62373 78148 8
6811 44556 56866 960
781  (163 digits) :
74107 47788 16414 60550 49770 46938 51906 50958 09057 51927 35564 63453 23866
01510 21724 99836 83841 17561 48628 72834 71060 39328 93075 36079 54693 29933
35742 57817 63313 4
3996 88427 02709 481
782  (164 digits) :
11990 84180 33026 94027 75447 75863 27956 38156 50366 75175 02798 85076 31884
88714 02023 21077 55877 33949 24354 66808 66974 33698 83019 28450 91598 77345
46717 12019 14146 2
3080 83298 35957 6441
783  (164 digits) :
19401 58959 14668 40082 80424 80557 13147 03252 31272 50367 76355 31421 64271
48865 04195 71061 24261 45705 39217 54092 14080 37631 72326 82058 87068 10338
80291 37800 90477 5
7480 52141 06228 5922
784  (164 digits) :
31392 43139 47695 34110 55872 56420 41103 41408 81639 25542 79154 16497 96156
37579 06218 92138 80138 79654 63572 20900 81054 71330 55346 10509 78666 87684
27008 49820 04623 8
0561 35439 42186 2363
785  (164 digits) :
50794 02098 62363 74193 36297 36977 54250 44661 12911 75910 55509 47919 60427
86444 10414 63200 04400 25360 02789 74992 95135 08962 27672 92568 65734 98023
07299 87620 95101 3
8041 87580 48414 8285
786  (164 digits) :
82186 45238 10059 08303 92169 93397 95353 86069 94551 01453 34663 64417 56584
24023 16633 55338 84539 05014 66361 95893 76189 80292 83019 03078 44401 85707
34308 37440 99725 1
8603 23019 90601 0648
787  (165 digits) :
13298 04733 67242 28249 72846 73037 54960 43073 10746 27736 39017 31233 71701
21046 72704 81853 88893 93037 46915 17088 67132 48925 51069 19564 71013 68373
04160 82506 19482 6
5664 51060 03901 58933
788  (165 digits) :
21516 69257 48248 19080 12063 72377 34495 81680 10201 37881 72483 67675 47359
63449 04368 17387 77347 83538 93551 36678 04751 46954 79371 09872 55453 86943
77591 66250 29455 1
7524 83362 02961 69581
789  (165 digits) :
34814 73991 15490 47329 84910 45414 89456 24753 20947 65618 11500 98909 19060
84495 77072 99241 66241 76576 40466 53766 71883 95880 30440 29437 26467 55316
81752 48756 48937 8
3189 34422 06863 28514
790  (165 digits) :
56331 43248 63738 66409 96974 17792 23952 06433 31149 03499 83984 66584 66420
47944 81441 16629 43589 60115 34017 90444 76635 42835 09811 39309 81921 42260
59344 15006 78393 0
0714 17784 09824 98095
791  (165 digits) :
91146 17239 79229 13739 81884 63207 13408 31186 52096 69117 95485 65493 85481
32440 58514 15871 09831 36691 74484 44211 48519 38715 40251 68747 08388 97577
41096 63763 27330 8
3903 52206 16688 26609
792  (166 digits) :
14747 76048 84296 78014 97885 88099 93736 03761 98324 57261 77947 03207 85190
18038 53995 53250 05342 09680 70850 23465 62515 48155 05006 30805 69031 03983
80044 07877 00572 3
8461 76999 02651 32470 4
793  (166 digits) :
23862 37772 82219 69388 96074 34420 65076 86880 63534 24173 57495 59757 23738
31282 59846 94837 16325 23349 88298 67886 77367 42026 59031 47680 39869 93741
54153 74253 33305 4
6852 12219 64320 15131 3
794  (166 digits) :
38610 13821 66516 47403 93960 22520 58812 90642 61858 81435 35442 62965 08928
49321 13842 48087 21667 33030 59148 91352 39882 90181 64037 78486 08900 97725
34197 82130 33877 8
5313 89218 66971 47601 7
795  (166 digits) :
62472 51594 48736 16792 90034 56941 23889 77523 25393 05608 92938 22722 32666
80603 73689 42924 37992 56380 47447 59239 17250 32208 23069 26166 48770 91466
88351 56383 67183 3
2166 01438 31291 62733 0
796  (167 digits) :
10108 26541 61525 26419 68399 47946 18270 26816 58725 18704 42838 08568 74159
52992 48753 19101 15965 98941 10659 65059 15713 32238 98710 70465 25767 18919
22254 93851 40106 1
1747 99065 69826 31033 47
797  (167 digits) :
16355 51701 06398 88098 97402 93640 30659 24568 91264 49265 32131 90840 97426
21052 86122 13393 59765 24579 15404 40983 07438 35459 81017 63081 90644 28065
91090 09489 76824 4
4964 59209 52955 47306 77
798  (167 digits) :
26463 78242 67924 14518 65802 41586 48929 51385 49989 67969 74969 99409 71585
74045 34875 32494 75731 23520 26064 06042 23151 67698 79728 33547 16411 46985
13345 03341 16930 5
6712 58275 22781 78340 24
799  (167 digits) :
42819 29943 74323 02617 63205 35226 79588 75954 41254 17235 07101 90250 69011
95098 20997 45888 35496 48099 41468 47025 30590 03158 60745 96629 07055 75051
04435 12830 93755 0
1677 17484 75737 25647 01
800  (167 digits) :
69283 08186 42247 17136 29007 76813 28518 27339 91243 85204 82071 89660 40597
69143 55872 78383 11227 71619 67532 53067 53741 70857 40474 30176 23467 22036
17780 16172 10685 5
8389 75759 98519 03987 25
801  (168 digits) :
11210 23813 01657 01975 39221 31204 00810 70329 43249 80243 98917 37991 10960
96424 17687 02427 14672 41971 90900 10009 28433 17401 60122 02680 53052 29708
72221 52900 30444 0
6006 69324 47425 62963 426
802  (168 digits) :
18138 54631 65881 73689 02122 08885 33662 53063 42374 18764 47124 56957 15020
73338 53274 30265 45795 19133 87653 35316 03807 34487 34169 45698 15399 01912
33999 54517 51512 6
1845 66900 47277 53362 151
803  (168 digits) :
29348 78444 67538 75664 41343 40089 34473 23392 85623 99008 46041 94948 25981
69762 70961 32692 60467 61105 78553 45325 32240 51888 94291 48378 68451 31621
06221 07417 81956 6
7852 36224 94703 16325 577
804  (168 digits) :
47487 33076 33420 49353 43465 48974 68135 76456 27998 17772 93166 51905 41002
43101 24235 62958 06262 80239 66206 80641 36047 86376 28460 94076 83850 33533
40220 61935 33469 2
9698 03125 41980 69687 728
805  (168 digits) :
76836 11521 00959 25017 84808 89064 02608 99849 13622 16781 39208 46853 66984
12863 95196 95650 66730 41345 44760 25966 68288 38265 22752 42455 52301 65154
46441 69353 15425 9
7550 39350 36683 86013 305
806  (169 digits) :
12432 34459 73437 97437 12827 43803 87074 47630 54162 03455 43237 49875 90798
65596 51943 25860 87299 32158 51096 70660 80433 62464 15121 33653 23615 19868
78666 23128 84889 5
2724 84247 57866 45570 1033
807  (169 digits) :
20115 95611 83533 89938 91308 32710 27335 37615 45524 25133 57158 34561 27497
06882 91462 95425 93972 36293 05572 73257 47262 46290 67396 57898 78845 36384
23310 40064 16432 1
2479 88182 61534 84171 4338
808  (169 digits) :
32548 30071 56971 87376 04135 76514 14409 85245 99686 28589 00395 84437 18295
72479 43406 21286 81271 68451 56669 43918 27696 08754 82517 91552 02460 56253
01976 63193 01321 6
5204 72430 19401 29741 5371
809  (169 digits) :
52664 25683 40505 77314 95444 09224 41745 22861 45210 53722 57554 18998 45792
79362 34869 16712 75244 04744 62242 17175 74958 55045 49914 49450 81305 92637
25287 03257 17753 7
7684 60612 80936 13912 9709
810  (169 digits) :
85212 55754 97477 64690 99579 85738 56155 08107 44896 82311 57950 03435 64088
51841 78275 37999 56515 73196 18911 61094 02654 63800 32432 41002 83766 48890
27263 66450 19075 4
2889 33043 00337 43654 5080
811  (170 digits) :
13787 68143 83798 34200 59502 39496 29790 03096 89010 73603 41550 42243 40988
13120 41314 45471 23175 97794 08115 37826 97761 31884 58234 69045 36507 24152
75255 06970 73682 9
2057 39365 58127 35756 74789
812  (170 digits) :
22308 93719 33546 10669 69460 38070 15405 53907 63500 41834 57345 42586 97396
98304 59141 99271 18827 55113 70006 53936 38026 78264 61477 93145 64883 89041
77981 43615 75590 4
6346 32669 88161 10122 19869
813  (170 digits) :
36096 61863 17344 44870 28962 77566 45195 57004 52511 15437 98895 84830 38385
11425 00456 44742 42003 52907 78121 91763 35788 10149 19712 62191 01391 13194
53236 50586 49273 3
8403 72035 46288 45878 94658
814  (170 digits) :
58405 55582 50890 55539 98423 15636 60601 10912 16011 57272 56241 27417 35782
09729 59598 44013 60831 08021 48128 45699 73814 88413 81190 55336 66275 02236
31217 94202 24863 8
4750 04705 34449 56001 14527
815  (170 digits) :
94502 17445 68235 00410 27385 93203 05796 67916 68522 72710 55137 12247 74167
21154 60054 88756 02834 60929 26250 37463 09602 98563 00903 17527 67666 15430
84454 44788 74137 2
3153 76740 80738 01880 09185
816  (171 digits) :
15290 77302 81912 55595 02580 90883 96639 77882 88453 42998 31137 83966 50994
93088 41965 33276 96366 56895 07437 88316 28341 78697 68209 37286 43394 11766
71567 23899 09900 1
0790 38144 61518 75788 12371 2
817  (171 digits) :
24740 99047 38736 05636 05319 50204 27219 44674 55305 70269 36651 55191 28411
65203 87970 82152 56650 02988 00062 92062 59302 08553 98299 69039 20160 73309
80012 68377 97313 8
3105 75818 69592 55976 13289 7
818  (171 digits) :
40031 76350 20648 61231 07900 41088 23859 22557 43759 13267 67789 39157 79406
58292 29936 15429 53016 59883 07500 80378 87643 87251 66509 06325 63554 85076
51579 92277 07213 9
3896 13963 31111 31764 25660 9
819  (171 digits) :
64772 75397 59384 66867 13219 91292 51078 67231 99064 83537 04440 94349 07818
23496 17906 97582 09666 62871 07563 72441 46945 95805 64808 75364 83715 58386
31592 60655 04527 7
