6877527437 6974153374 8172422037 7071286644 9077116260
3154417119 4141083486 0689952950 7444772203 3627442668
1847119656 3615713772 4246154560 7047965087 8312900133
4349111362 9297558360 9060175949 4537968615 0681790850
7607566212 7381001179 1829307611 8629911635 5745026020
2127565436 0951138569 0948154244 7672260734 0061037334
2612736080 4485531214 7578890237 5590577113 1745500941
1859748652 9627058856 3917389715 9515988987 0141758696
4865418532 4863779433 7805069893 4555388050 5233124949
8418875730 4644473314 4459850552 4739865399 7073462338
1939800857 7304356954 7616982826 5893810030 6024112186
6568598020 7253371656 1353350992 1885956010 7881521955
9929848307 3711416176 4839950330 0378988247 9034541053
2502054955 6935880161 5459891893 6886572124 7489636136
7186281885 4644786179 2435817101 1255185131 7871774504
3073536450 2976150729 2301108330 8025515349 5186929484
9716900991 7303947697 3337895650 2295614877 8780483665
8283482754 0230192303 6903858197 8853430382 8558273006



7215613042 4767965099 7367389863 9630845953 3099446736
6005278953 5100775106 2354051809 5062072959 1214778792
6626338542 8792589775 9586305806 4650448452 6239133538
3426270504 3086700946 7036220406 3397672529 9136518784
2306583966 7022625805 6212221073 3541161850 2936356416
1665577923 7766395860 4946932445 5080590361 7986442755
7412949830 2104696986 1644931370 1037027750 8486015396
1665864512 8535453048 1559829638 2985981545 5625924865
9186328817 6301101499 7372069201 5386987741 8621655782
0878850289 7085678297 0192695827 6952394082 5795893466
6666883918 3588155490 6943683070 3532763207 9349451093
6539945097 2042836730 6703514419 6315528875 3214822189
3259671737 0781271405 1334747386 0809636945 6351201901
8439160557 3384080516 6382914886 2479351379 4037131979
6687585625 9482942074 6324161481 9626828884 9800968875
6413177902 6576910555 0802543228 0312585899 8458287208
3257358894 7631349260 6249627183 2200731813 5424395364
3770564819 2953995700 1445543839 1087844914 4193680471
0651634740 3117037448 2458505185 7881806866 2884417079
3566042698 0031632363 4912030291 9753700996 0106661938



9621731876 2267071826 3148522844 1727943340 6818103101
8384175349 9734969790 1352604608 3898649384 1708529346
9279158345 5942477874 1475818626 0672246624 8117722498
5686229897 4404384392 1840245603 6091912369 8959782488
0644631955 5555930832 8167346023 1204066700 7248774759
9806326845 2732025570 1562168766 2840583268 8949305051
9390050495 0495870154 0034854277 6024624858 8466667342
3859744545 6716114198 4303835706 3974266667 0385556096
4523903570 2010736523 2835276920 6772213666 3585746080
7615994825 7589026155 6442866496 7372569208 0468511746
2670246787 6686032287 9651197857 6164426500 2553662207
9972039998 6561469155 1199659189 2609987569 1957219827
5509506475 9786156264 7423557864 5011389704 1993509976
4066765571 2085029584 2115591494 7290752355 3499274100
8512949193 8559625940 3263820252 4988224921 4444755882
7002900367 9518705235 7627644235 5841833307 1204601246
2993991548 4195813551 2551467709 3447144330 9247637321
5011861279 8381856025 5716314174 4264421039 2318412486
1561304709 8148024733 8812569605 1967726943 8321490104
6524099815 0118339414 5060084222 9131941609 9500996449



6196330766 1716802799 6614596490 8485717408 2378057131
2943966103 6877272697 9043490318 9674932321 6657233190
3721541461 0364718842 4635680197 1257097712 4204559927
7189401630 8075557915 3180388638 5226329349 1228689445
8712440718 7398513109 8072996000 0540296913 9086326671
4179236497 5629719250 2128839909 7084846804 3907176319
8298386258 9760312738 1810275493 4261012824 4583510397
2461726002 7124726441 0283930603 6777543984 0384623746
5571177660 4274794044 7110253227 5260708819 1525962388
1035944912 1002592156 7550999035 9849028736 6394653336
2227856019 8785244807 8120000922 6725563043 1187021878
3254738688 0440918833 1048255150 3395062370 3534591157
5694871584 4081222535 4661461213 3683291417 7138712079
1132563299 6961058630 6388145503 8293070650 7642500409
5978377200 9135428432 8731106694 0704199932 5305683169
5331854406 2180960834 6131977993 3817165917 0654879552
1144399346 3691039132 5853497773 8053801424 9409345036
2761658136 8950030951 2610570841 2344562960 1328070394
8714675890 1016641151 7039393214 6989030266 7266058467
3505964752 7480561780 7867953935 5103268491 2986766565



4263127329 8852919270 0824708774 0022137431 1565869690
7606589908 5477980877 5648655941 3089027045 6897729741
9559655010 9221935693 2384978162 2587517646 5524209255
7409257176 9546886051 9010003160 8012897289 8705286108
5422973909 3968150775 0096597173 7146008611 5220926226
0852708298 8364373624 3877981277 4511708223 6808061077
0774136633 4795574353 3547250663 4409792898 9918408218
1502006262 9005813678 1545284857 7595273359 5359748408
7245005388 2741039998 7019521262 3316986282 8034388497
2691416958 6295036202 7229748868 9849003974 1471616745
7511413346 0273449742 3550587807 2186655258 7350641253
0832457388 0356085157 6626591008 4790720477 0453688975
0719974356 6506306631 6758761134 7516441890 5099495304
4117199851 4991673976 6229426944 5166214080 8774913553
6734530651 8299977582 0146575308 1579408167 5035725631
3082689752 7686949131 7516603141 9627412271 6209578299
7451259507 3689499764 7865130983 0445539167 6187931636
6404096977 8731171580 0412265552 8863709140 6258178846
9239036439 8767943899 4419596332 2773315106 2417111111
7589582042 1382268247 1585586231 5936615312 8943219165



4892821195 9762276658 1435967431 9046931897 0709546254
9848023495 5018692311 2936640292 9099667008 6387840042
8904420862 4836617790 6430206330 5933920322 4343651607
9432570246 5868466897 7153432807 7217098798 0118148551
5792816444 9213543001 5252996137 7236010772 9210859513
1459952461 6594227164 1574763236 5702571880 6117063487
6292627323 6008312525 6996543432 1893745077 9674452915
4278947127 2289470446 4813147441 2422116659 0081005721
7233044387 0087373605 3316468302 9287005557 2001906994
3199870645 4465506242 8217271171 2459206812 4294810550
5040470592 4105288357 4006564845 4724560748 7562476347
2596201955 4163080869 9130865678 6967875539 7008127911
7686691949 6838135150 9880852095 8276792948 7854818158
4339038957 6480289850 9257246086 2530061488 8628650306
5719865793 6561579559 8257299189 4328947716 1896205693
5467280544 1856350184 6263442674 8571556088 8443376776
7751811195 8796316841 8536391233 7497661237 7125870557
5367714255 3545280102 3619128824 6608468567 3608493413
3311957993 3540423335 7735889637 8053183909 3444280492
2703521622 3087149443 6067300423 1179796828 6390517195



1575052097 6559027309 9670998902 0051300226 3326473818
4520239976 9112952460 6155729336 6996541826 7875614644
7436938872 9088789425 9922714756 3262066667 3290809469
8629295343 1110762432 8164327360 8630864133 8648646683
6833403411 7417243361 3790860478 8056800459 7543289332
7214060803 4447503284 3441146117 1909670176 2539842822
6686468388 1706100253 6499007431 7384700086 1481761643
1964214609 1993738188 7765482706 9979398415 3938974909
4610308060 8952105623 7233733955 2990648545 6547771113
2351150583 5187239748 6970763522 9334354972 5610030112
1589126783 2849264645 2926571161 1514653003 4496144130
4070786937 1417923311 6662476964 0876354873 9901747753
7102018211 4281421448 2462132048 9013665523 1442441340
4287752981 1835667348 5565936917 9625585315 3675107980
6714527966 3745899421 0311881547 4548075246 5185317021
8249967058 2009281703 4714330564 9061103029 6600778862
1864395862 0309126219 5374593191 5501116913 3155954733
9411720861 3535884052 0458592736 0463219827 0224071542
0614033109 6148629907 5908103313 3065914757 4953943653
8701843065 3038342790 4014305982 9881096866 2879396068



4213401058 6681368770 0862550410 6696553622 4307609748
6920666744 0684275559 4708259403 7595454393 2812646151
9786010940 9221003946 6239381000 2488578082 1530539641
2362630356 8044502330 2479433432 1344188084 3146928161
8392368201 8691893983 9333078257 9391518765 9886158526
5883031305 4820647419 9238611662 1691904597 5656253336
3184467689 5075299258 6777308978 1132205545 2689323411
9637741580 7042979172 9618493376 5166937562 1514648813
8417266217 1532362271 0802784181 3774596097 8655724521
6534926787 6088009188 0707514451 7955918932 0746484076
1990517355 8584889133 0328063507 8797052313 1676769315
7737318795 9490721237 2637992597 1534942241 6504918609
5916392980 5153754153 0560108354 1412442663 5088411708
8954264409 7702742282 3212873781 8584813773 9355097493
3555114062 4466436894 2045355237 9302295569 9025688892
4724764828 5698792777 1770439584 3692472400 6222094132
5554943292 3268062651 0065606711 2487799788 0399882214
5863452959 1716662481 6532287411 5532752641 1248966562
3653627179 0517082015 3100267353 9588247022 3528163997
2401534641 2203202579 7780827313 5512050193 6842815520



8185549975 1491511016 9914127116 0844540090 7620830051
4164618825 5296346203 6087371679 0190582518 9468389540
4682662971 7486680083 9302951260 7766929924 0694352257
7743863181 2759679506 9437001560 6250562785 5914341512
4133940303 2771295325 3107118617 4802577223 4948929252
1980974308 9521223146 1957666207 5923556359 7266907679
8666123329 1059527961 0183431069 0770203222 8716252083
6119564948 1175299713 2749730597 8355285212 8578547844
2861816852 5710739979 1644850737 9463019479 4860109379
3836405400 3035089249 9489138010 8931322703 0643660409
2136152251 7503364759 1255299336 2345087462 0625221161
5213453346 4059073152 7324079559 3956003274 8790973869
4260663614 3145093479 5793642528 2076057673 6682245561
2779788579 8509050746 5575999523 3257680197 8516473222
3573444661 2494779990 6429335103 2029241706 1814769571
0507728019 1727166542 2720280245 4806556829 2656244457
1074844343 8092473558 3240595727 9281370093 1794958428
0200678166 7030234830 1074054742 1926860540 1978802767
0617733116 9854901005 3252658070 0391933221 8325517622
1950049560 2329543188 0724870989 2249330737 5904553488



7851895773 4282512509 6765197185 6799652910 1719951017
4647814302 7813335716 9564223193 4075713767 8346086967
1224381217 3079896938 3121704204 9112414515 8622120573
8198926028 1325336165 0633270961 2681127354 4576450343
8627183739 1993894379 6958561167 1266838339 3759855826
4615427978 1331791205 7829123789 9892276277 2561595125
8427540001 4463204457 9106546866 7324140533 6586191842
8042262582 1688273710 3215382122 9001605389 5557458048
1497079514 2882874275 6657075814 8260548242 0221061203
7688341073 4370446169 5313565847 3158464995 2332889740
8613892603 7436545571 0313573097 8703051579 7674186488
3330833346 8306177619 9649533323 4340591686 7838864524
7041275531 4395794027 8842161375 9684918282 3286006692
8911605076 1181598098 0572296761 1642356090 5478275530
9990228360 1182556875 7238788125 8582934211 2120643535
1362342333 5454800037 6373539228 4413374664 4754648997
2715324870 6234324739 3949407436 7849041727 2542657426
7589518279 6020334362 2606184340 6548292910 9694732775
8106315005 8025056894 9213398370 5710619553 8103699251
0061604500 6231958956 8527763384 1453387092 1568787580



3212746031 1284924887 1469759238 9661216541 0078451665
1875999266 0729902045 8345627963 4204397156 5244565003
9332697584 1615274186 8905281033 9622772868 0145702700
3189627877 0775137289 5137492853 8916013451 1814790912
1245542835 1145074766 2061450207 8740552719 8310649131
9508431939 3794051393 5608624487 1206328233 0972563106
5680671593 5871203992 1409666332 2511910445 0832165354
3621993777 5858432812 2723097176 4972700282 5335202360
3346945160 8228728472 7522818468 7773750722 9883391318
7683690263 8244934888 5643460614 7021410159 3355370833
7592611935 4381437532 5836805068 6926516021 3196385900
4249450260 7779328982 9297493102 5747485191 5475821236
8427556373 9778101515 0277718846 7396734397 4182564271
5865300921 3673388007 9123112661 6041891722 8468906382
6787172246 9773414700 3033770948 6294246783 6229172179
1257397858 8957230493 8003585912 3639968963 1216138583
1046483707 9637662679 9297615668 2119846593 4155933916
7444688620 0355689651 8406189650 2099578794 9475034213
4510646829 4189135762 4099495577 1883376474 8449361489
0337338736 4084487665 1285799060 0569180355 8021757432



8223720982 9640541398 4917686142 5411357801 9232843223
5662201253 3756997103 8210371450 5361135215 8087544325
8875177314 9812341597 9007748415 4852468747 1869828437
1642775679 6612188225 8983635864 6123372708 7316163958
7829938155 2734158028 8062228960 3227447919 7315134195
8948838419 5292905675 2913582847 0288997290 4682421781
1588125445 0027577348 9756610693 6993830600 2844248830
4085568975 6491161569 3828782862 0459017159 2066183555
9705573502 1830926911 9605068711 3637921989 1638826470
0303239855 9982585297 3720675968 5021223259 4796092137
0133154369 0047347580 0526697316 3662808767 5468684315
4412005445 1810963963 3177996327 0733270078 4242615943
2871983671 0018530522 1100049935 8589809347 2727826132
4522255474 4663365234 6902607995 2018829848 6579293564
3341058619 2063576580 2134949712 3815423332 6330818249
6330203863 6180607430 0789362848 0494572747 6555968976
9047963077 2584358960 9723556268 8527717695 0957548546
7415631893 6544434526 8252226873 3165858336 7174104535
1860168973 9003705114 0387216074 9256572866 9414463434
2819342201 0787994447 9315289080 7044167837 2085914038



0787192020 4687148954 0429657782 7423277263 0067548268
3925720474 2895691916 7600520523 2153821140 8873240679
7255883699 7229770397 8174778655 4451339369 5280467309
7919875464 4054050153 5598421490 1764939708 9933682368
1797861826 3713774776 1899242139 6475468152 1802356570
0846506246 2125800933 8239375893 9853525532 4737030726
8761318693 2612577333 3729027491 9695015084 0481799877
2837366525 5064027193 6147773259 8808908149 4639422730
7546211379 7425254478 5730656206 1623275845 6633687160
4105456555 8219632284 4425800161 3092292561 1695217058
5617429297 1169937298 7985526865 7367981622 3076859491
7332186376 1507735171 5337805336 3994725317 3790467038
5755272237 3827813588 5645323766 0838981202 2949751795
8499014168 9663452187 8608358384 1189313847 2832576864
8734746219 5353899780 0875424150 5867497801 5601593113
6540552070 9508035255 0048121231 2377181521 0729800323
1017591837 8625405659 6253994854 4710762023 8523408341
5014218901 8389630276 6908646062 8899731583 0500060541
6610521126 1833245630 8874942376 1321117383 2359910267
1544333398 0903010767 5192156068 6091509929 7579489847



0913404847 7603725331 6486633273 9977457417 0787058858
4989036478 2505006075 6527667766 6730181427 9834629978
6311547247 1904638130 8270269502 7155243458 3777132888
8401133228 5612327642 4758054914 1453340043 0735136820
0167103048 9674079132 2041732936 5588638081 9902402504
2475897990 6199739449 4240613938 5900204374 5081712616
0362783912 4114726820 9085690526 8374225068 9109919376
7722077768 7371267701 5290712968 2261584375 7149665346
2961540352 8980698498 1990238158 8132490072 8284203166
4545864518 6778718177 1772779283 2125269683 2297664124
5496739715 2787968043 4765895761 2653385245 7391513438
1378450051 8738591532 9634140536 8948443972 2550801196
0792690281 1622936704 3437115837 1953865778 6003419467
1309665344 2535523561 3503926374 3335590248 7780093167
5855665020 2614245175 5202310518 0379792416 0186816532
7213490744 7418792630 4637935701 9572546568 7076964902
5628311394 9083065981 3925877165 7534329051 8298830744
2209315394 5626718913 6509327785 2758561418 8691505843
1128180621 1645338346 1456499861 0279908878 3159992332
0834970349 9009644828 9736199726 0841303050 1613834375



7350335026 9679199100 3945764850 3139889980 4053476207
9799510355 6280094271 1980771413 8625374689 4200671129
2903794021 1050993128 8176786355 7121288220 5845259023
2988278448 8972855767 6433765513 2098372084 5365197273
5662945407 5207868377 4825993769 5085474585 3778544015
1866870321 2703251083 7885755352 5327422467 4561655301
7529469704 9286034935 2376631937 7581531269 1121571250
5456493662 8404613157 5493234361 6114386894 1551917955
2116040327 9413870405 9736596828 7723555493 6953672492
6033527449 8928882204 4886844365 2751589546 8955885890
7183172928 9129234577 4428441927 2505276847 5503870270
6328297997 5853882599 3879067899 6367663472 6367997091
1370005004 5191515070 5020857447 0532031134 2837530396
4506837349 4746515254 3161640695 8839656960 4776248100
7698125762 3240276563 2471455867 8116653563 3573841332
0375632857 7111457947 7361177589 1097844959 7487134549
9454050089 7494312370 2669160022 7796215160 1644314463
2155674657 9869691343 0209173753 7932953736 3102934825
9418485153 1345770064 9437390976 4208589573 1774231457
6728829679 0675029922 3152573286 9833026341 2335263163



4902064904 2970821006 3264881567 6763242544 4687039213
3376789489 6001251362 6523547256 5170222559 5569986284
2510886689 6847107872 6001673324 2215625124 2927213080
5593262213 0721409368 6435499689 8787430352 6768849221
2318344924 1907637471 5747446252 1597457646 6357242752
7952228915 0406427767 8656611519 1933191817 8305671646
5304813810 1066673424 5915686417 4457688390 6241920186
5410225266 9706153890 9990725499 8428548419 5668192454
5197470930 6142275315 1298445309 1827577151 3611816730
3580932146 0322584723 5281182550 4706062154 2622432455
1446896457 2693823166 5552509598 9504109342 5374308599
9797137004 2588583403 0449726710 9629969763 2336077767
4373479878 8356730102 8647138454 5928791637 4901454066
4751939489 9352212362 4743661317 4783048688 4631516036
5922435767 6276234466 6539589796 4687905529 2390270201
0757218919 1382148316 2685249049 5848675432 9312418264
1346627228 2093653277 2839766755 7267289731 9381293419
4305723962 0723292007 1863867466 7030636460 1331111164
2546802512 2894305331 1250985386 0120123607 0449699785
2109585987 5329303277 1622679823 0551076769 2680002207



4188490301 6500503853 4475971018 3016737826 8194361241
6569639252 2947410357 4318517658 3656034123 2764339009
5651186326 0791733899 1262772072 1351617522 2255241829
6124339628 2518232869 6862544411 8623812330 6403453315
5601640695 7472320383 6514566355 7498734411 6859941616
5518249604 2597983926 7816131483 1809025345 0716466644
2670262761 1859764913 2476829527 2780570322 3834351506
3672177066 3763740249 0304659096 2859602719 7972553780
0141820199 8101813981 2595042348 6624834404 3921136487
2366629202 0639396288 4531448374 8901026084 0361484073
1200674156 2291596696 3669408360 3264334149 6371209854
5475250177 3669601971 4617846451 5555994167 2637397085
8649598779 5324215832 8218410939 1640528356 7907068642
1078034660 7571979891 4815540054 2005107300 9627962347
2724997011 2217781656 7984491943 3222633415 0338567530
8244677341 0455032742 8561157455 3874214000 7192843017
7447314230 0983657607 5155127779 6281014722 0530668174
2035059679 4105098046 6563136377 8251724709 1409925552
4710368126 7051382467 5211720052 8494295219 7488628489
8527787835 6210600487 8127114406 3499088164 5924451898



0104429357 0832904722 0160726966 0461984260 7722478310
7171439093 4928973795 0750564710 5380291618 7491886994
6353013572 9350187320 6687311501 7315310912 9679486254
9795815121 6822075712 3189190913 8338353447 1023659794
4808047123 3882744403 5053467999 5291335460 9413927284
4651391190 8360762265 7983981564 2463829159 9904416284
5276818935 3279135674 7403227351 5068909877 5472181557
4998488346 6946222711 9434351395 7275609331 8776721574
2857830330 1830422251 7049632971 6122968367 5274898329
4723150697 4978874140 0219267006 7206567729 2131084935
7294076359 2895618281 2900110978 4724328303 8465197437
5857368591 2309817836 0303140528 2300813026 6313304139
9253399217 9415764798 5347081786 3611377200 1408570838
6394377035 2918349740 3741835116 2237004017 3188269393
2630875054 8756645290 9326566503 0243944536 2272791708
0038157851 3252902365 1056809625 8917942400 1638714961
2121694699 2544239867 4726206005 7131153878 3883388307
8016537883 8775211593 1194493595 6949179394 0578848860
6239594441 8497289287 2308495579 2607211329 7712137238
8696986360 2368291622 2546471088 0621094479 1323990154



0667816028 9346942821 5506272126 0541798291 7817382489
1997338295 3016826679 0617780135 3365047188 6339784273
5335856232 7918535797 7922662703 8024456968 2968625491
1874868530 5497857965 9891848621 8623748556 3935321563
0489928348 6556154154 0649512210 4661037654 8180602506
7654913403 3273862941 6911776263 8138347851 1836410569
9966094920 2044895026 2944616846 6855106066 2420883145
3740126877 9478139859 5777699039 8770739941 7032565319
3556130005 2814359945 6061261608 3223589903 2489565956
7527576985 3245744035 6076128860 7968185761 9771788765
5619852375 2744722359 9272020602 3891671879 0814708867
0683027939 8976837802 3337579683 7484716792 0420561188
4614435084 2383697378 5948258849 7825952141 4316768984
9592131938 9412875069 5961491932 7114703587 4533660814
9437546971 4291952903 1019389435 6371835937 4914830742
3044934029 5962811166 5238995811 0600093862 2216226552
5297661065 0745271358 9497334474 0728167392 6348622262
9713471555 3293624445 7994650823 1979087690 7445852537
0345709007 7440815341 6786387014 8099674124 0038378085
2342739778 8174691080 5353305091 1944331387 3040838043



0675060306 8626953212 4522901667 5038563185 8585931743
7769494157 4108105727 4944438400 1399152295 2924016806
6745842469 6605569107 6975969873 1095078451 8251857689
8000939428 6371219101 6698078851 7105711446 6950703127
3706962004 7300356753 6823520581 5249186823 9083974088
0926485270 4581680063 9153401349 3735254715 0923527044
1619265721 1004234584 8085322398 0930819701 2158641732
9130532589 8717158855 1684206065 0340556996 8593715915
6219395459 5558557009 3477116811 7983599584 2798195564
3563653093 8905094196 4641889243 4176612177 1175457371
4429402729 3771776591 8310744305 8151531596 0948263506
3365572386 1413920813 0754146107 4051274134 8138890687
5208965175 4728644348 9020150187 2018366138 4172807988
2729582018 9774861263 3836037110 9414086804 4146381899
7551441905 1152014024 1876289786 8823386652 8874956474
0110724599 0553799217 5155647819 8091849558 7675277828
0803822629 8180439415 6397956172 5694090929 5185774478
8365159447 8720682678 5963694547 6370623820 6696202396
6206659210 8127818321 9127468081 4530314217 7986735336
8489380826 6818969129 9983519942 2321272638 7715975764



2852132151 5883717146 4854288124 2312246840 2839056157
7968199897 8556251027 1070628379 3994319073 5797975362
2873719947 8452103831 6866852142 0822019266 7231558101
1737244237 5609151489 3863436665 2657942603 7168289281
5806931590 5715237948 0256619126 8708876475 0695085011
1370257880 2333818019 0302100297 5975592681 8216359535
0706418857 1900594974 4467974174 2025213094 7246191950
2772132372 4702570296 1631681464 7621846436 4465179953
5877759048 0917246955 6739679455 3734971032 2193694559
6277893779 1938340697 2537884155 0206295838 7483096195
4204615469 9022268434 7461767711 3197374866 0008793544
3607302433 6632808653 6847335066 8707408900 1847030676
9821475313 3731542862 2151551318 1409541497 9724670676
3436976964 5830928679 5212019941 4066540432 6668344081
9686918622 9176544103 6492080785 7292423388 7550618098
3659122265 3797288411 1201306910 1857603049 8329532694
2141884259 4286621469 5276880632 0825719648 6713422469
8526419419 0222362411 8633913028 4171844724 8227557233
7996970748 2002437580 3717921807 3420208053 6935740618
7656641696 0773912090 9813494702 1207251972 1369964234



4209305478 4650692374 4649042088 8732630226 1563579196
0630923699 1602782364 9300034497 4712377945 5951240858
2397099465 7027536675 9813304777 5050505366 3457471551
6558372773 1007857817 8715303161 3276848925 3576078462
1147886035 1804029765 6960584867 1756763665 9308748016
0999279507 8717891310 4203849478 9432860847 9705150428
3326524571 8864231983 9993285634 2268607883 4437453092
7289314609 2544299060 7871117367 6695984963 3062177514
8848993377 8786785978 5265280570 5486612173 7921355212
4702395325 6081906788 5280383242 2968075544 7174377489
5014302315 0146961225 4948953383 6275694486 9304674198
0229225550 6508742977 2758076095 1068798271 0919383714
2290968268 7285963219 4283672724 2477443909 0600368048
5278454385 4819955828 7433441890 9552309926 5929588482
8977719675 0543920577 1668938552 3977360925 8209069343
0578986742 3572953120 5148509038 4652493140 0689961737
3173581622 2294455416 1493578714 7750627037 6192498036
3844001609 1361171372 9557661808 9263864679 4027936567
0385305779 9129885739 4478375763 9092679443 3365054967
7074228596 3808721870 3995827147 5800044022 2404214003



3035903609 6054800471 8847304678 2868077409 8983222526
2453168032 0340844351 0937431949 9380299081 2417921108
9542392709 6542582195 8485866799 2411578844 7815219557
4983222583 3567422679 8960098032 0093548651 0854946767
6713405310 3434998643 4975800021 5286835835 7213659782
0843573260 4661260570 4644092005 2064374880 8684041999
5854086974 7731601750 5390253064 9036204494 5847644088
2040053860 5715251822 1779351801 9414711660 0865329482
8106002191 5944692783 4603798292 6881867778 4883782713
1481606681 2848087479 0430234200 3771308964 6478178559
9461837510 6206884413 5862845063 0346441913 9428937623
5474277758 6769014678 2289070060 9268325225 0324639953
3375667289 9766025424 6597951963 2609027426 1515748186
5278192977 9836811013 3133965162 5793318419 4070269649
8895138692 3961261275 3695920602 2969008742 0834720840
8331884158 2683801938 3358973224 3351364122 4432117497
9404766824 1678096352 0356641543 3254150964 5019779105
4146094374 9815990445 7928380288 8013356248 1814072611
4232759728 9482414188 7025957454 9342547227 4698997687
7162316099 3228850420 2807083810 0814091887 3526333183



5842074074 8446573397 8384298053 4710600237 4219987211
7626833349 0920907386 5337959074 9280892830 3010720755
0472450851 1833346763 0475982066 1789998004 4627448033
7019655502 1320441396 4236745069 5370878169 7379969379
0616378482 0116979627 0721270358 4804794885 8065830896
3231288673 4029638482 4112876595 2185362411 2569697491
9905747828 0326299861 2317247930 5032363770 5845698785
7745316103 8667067555 8440682408 9105118184 2902580329
8514096157 3315387563 1143854779 2152983663 8382158713
5882408201 2778384097 3623264758 4435263028 1664756079
9932214839 2715632124 9990837098 9309463295 5985992872
8433521252 4274334943 7902382494 9445785164 9361270326
4233909454 4808620028 3535262617 5298183552 5297880465
0281353991 1284716128 1153414460 3897031654 6773952587
6538384445 7461103515 6164180927 3346254142 2179033107
1472031059 9294953895 9584368857 7348949522 5982103831
5964206232 7307148371 6691798967 4445418418 9037251127
2835300592 9827393747 3757109927 7652356370 3606473487
2478483968 4203742309 7589988743 8787654284 1593565973
5883450609 3612992449 2587467691 5428045981 3281582587



2999110300 7806315924 8172205221 3206010771 4923366010
0318271006 6727266488 9495509423 3689793548 1055796423
7715449541 3717740799 5177501466 6954655741 0080155793
4179598301 3187154617 1383822033 3287263136 9978080937
5628169857 5352925390 2365681143 5865539828 4283241700
0516419900 5176438351 2005756933 4304218029 3152368541
1424059868 0573897377 1720903281 6486238395 4980500843
6023535858 2554618855 9424426129 2892143414 7898267094
1767604522 2513492987 2997435333 8206276224 0633100488
3774527381 1887225818 1998221942 8293676666 0000403799
1487001856 8674554412 3195735187 1237930599 5148215954
8677010540 4782025853 9083335640 6182622252 0802864866
6809763156 1071376418 9090236060 3954124553 5703806675
3567652472 6680367517 6738455646 9669359602 2634258001
5557208962 3840364771 3214296692 1934724207 9872962986
1675796746 0829597127 4857067903 4670391578 6585811127
3825743251 9039782995 4457674305 7529928302 8634186242
5450224962 4197916398 2734904359 4113958984 0434895757
8332464822 1652497253 3181193055 5856140503 1050765485
8991552554 2652886287 5288955457 7367874202 9770378468



4756366424 9476708485 4307354132 8403616349 1347107446
8329858980 9511102012 4254488464 3071227174 8865869643
6722375125 7407663807 5779685938 5182321580 3790138851
3245670422 5278538766 1013519568 2865233946 0402003567
3386025205 5134753079 0074689452 6143616381 2466020943
3968818299 8572534654 3552854046 3610413121 4993769216
3026148315 1823469420 9627911549 4171946607 2066552844
0044356575 3266414389 3427722090 5575184236 9120803473
7988670796 9228398693 7508881614 6073838246 4200081539
3674001886 2573073695 3499730836 7252810149 4304364563
4975213545 3195195003 5076482370 3618453849 7563616339
7442943098 8638719898 8081880867 4749583176 0222984672
5019591837 1787001546 4719437744 0245879644 1934330527
3778617450 2452497071 4990700051 8726929283 4587178630
9174843878 5506397547 7813979761 4710297480 5258930692
2166622252 3537344901 1353986266 0281419264 7629370976
8013187204 1406668762 5545954222 9249384946 2711775501
7586202137 8876760029 8051574112 3780955192 7818159082
0663636540 3568683324 4556620095 1604633752 2568825585
4582920019 3063815338 7365651794 5743702588 7562647321



0773227646 6231522699 3795825381 6250741193 5992575434
7032075189 6392792921 6230912990 2590445512 1720931896
6179934694 9541502186 8337701522 0759113008 8868902385
7991528263 9867824654 6088746278 5262268142 4733188588
5724166512 6195900032 9224404728 4089619602 6492377307
2793032869 8350719950 9173362220 6904266211 3793573787
8963398219 2711117924 3751868381 7576213472 9227304841
1090528931 2739756654 6440159910 8920563595 3955062268
4903481778 3401638880 7477585910 6047358664 5607299400
9420006312 0435623081 1649814551 4965551300 5854611735
5240521671 5566604133 3475875987 9204455921 7567756328
3767227690 1154164921 1224642236 0395403368 4550113426
5424744898 9545996792 0364424296 6524827350 6879964950
1574046214 8251111674 0163812882 3705492676 6797280057
4632906194 5617997309 4448723746 7063062834 6193769263
7284371025 0629430239 8387471804 1127794451 5182108640
0015584757 9128464012 8739950977 6297708262 2634588250
5207818345 7605053081 5712768164 6160126745 6151310391
0717697384 5578732241 3300300055 3471951166 9012581135
2080156303 7304690809 3097927353 6585649135 7471135090



4412759076 4902991938 8200826217 3939592861 2333657297
0664641027 0587838551 3189346579 6268593304 7956026011
5450359677 1014005799 3336889004 0220753848 2513993086
3716343366 0079237124 0645761765 0036410612 2054356886
8817740625 3057006023 0189829110 9153407117 7517124423
7036436371 5890220116 2317102635 6501302439 9121540427
0127303916 6043485289 2171767800 5443537960 2681447698
7479405571 5993778356 3996621006 6927419271 4681089620
4073611163 4720258986 2464744081 9612040336 8752089701
0880633542 8443692521 8017425121 1967856991 1058334944
9991683094 4946984707 8063675466 6776782538 3723040528
4892911730 5480298931 0613282285 2430139744 2127840108
2297992256 3749918616 1909539509 2292352403 8726563349
6244744690 3480575135 6594650462 5030962501 1185996363
0240365418 7824457074 0245894880 6050741683 9071505803
2424183755 8626796044 8940311842 0715618426 6389930059
6835196088 0991550054 0819116094 2615617799 6494555738
9362335095 6021693845 3029407415 3542201700 8850593410
8021537744 1689697655 2390007001 1310946928 0003444356
0636076613 1030272873 8927422665 2498990981 5901237651



5704327731 9218502844 8811193320 1103571057 1944438712
1835232255 4867726440 8667340454 4135367403 9901046417
9288114132 7732957052 3323399878 0091602670 0289290467
0034550632 1135518225 9645456365 5802704621 5314706032
1476780387 3454420398 8775731536 4197294374 6586782763
3623111986 4674608317 1624959380 5163179101 6021743160
0363721351 3550655568 1162767164 8322879623 9003714331
6348095868 9243847116 9048307896 5100591104 9650159928
3143831201 8932525166 7689558973 1051802070 9156128212
7947857682 3150309965 4870137801 4203423508 6218894451
1309174155 2012125037 7976572630 5117588445 5791816612
4319147934 9987937188 9746676777 8272433292 2702482645
4802849998 5675549452 6946870327 5037839400 3665144268
5682081309 0209490578 9962210081 4077366965 5662797895
8759938160 3739294081 8983260231 1979060514 5978038449
4121855073 4723444046 4136333171 4829781976 6986696551
4005181845 4197633105 5635044884 9713422360 3391300589
7971734678 2373472329 2305173885 0500463602 5681998062
7282581124 5559158601 5018439090 4098641809 7171007546
1884773934 9112735711 2710753309 5079036197 9461708733



4466480524 1788806067 7311064558 8414287431 2055368645
0754131237 8920501641 8245598529 1702855298 2349175681
5198174953 5650404537 3588004097 3693100210 1619740994
0885723368 1398906852 3058021522 5783079858 4444988490
0267221549 2888861292 5028852813 5271737803 1820762808
6658198702 1339186121 1336024618 7362649128 5983857042
4605478859 9442082401 8091973627 1175154047 4656341180
4862886439 8751105260 1860076320 8664032080 0588098124
6682872769 1582888514 5355599297 2145134318 8177166455
6450266633 6275157142 2612127028 2902358703 1467862427
3023359989 5133833106 9080367912 2897592232 0900535339
8361052808 4879743470 5051051242 9799469695 8773290081
2070797287 9653583923 2426576733 9214438047 0361706529
5956729932 3441686930 9201866257 1582035045 9222746011
3349178476 8678310636 3023672435 5370932562 6949823072
6186313109 1050164320 6126742460 8679167037 7930940669
6071354477 7204124017 1387152541 4787133745 6602291427
4536828100 9292055889 0079508483 7232678718 6595562128
3765493043 1227464459 7738111563 9667409274 9919903096
7831570443 7927396416 6675109789 2640931174 6824187884



6539287943 9142807191 3722819450 6211199604 9420141675
6751415522 6569328596 9399005410 1116477675 2925649440
4287958357 1003684509 0703458019 0874999930 9273423323
7906647410 7462898117 1010402778 8338214509 8316061371
8505842790 3895394961 3459869455 3433217338 8380442292
2186848247 1011714851 5834710609 9757869761 9681601243
7330230684 4692710557 8932616600 1295993498 5974917184
5033446105 6240840010 9524903112 9151310207 3536606699
1425097441 6710891804 4279263850 2557662206 2566434705
6888812091 3431296547 8161984539 6751548210 8102441606
2444931858 7351214286 0108581558 7151941939 7655261062
4780925408 1424759646 6270191943 7855071869 8349687692
6575171350 1764020035 9938353017 8302781767 1022024492
8865565462 0105595674 1577115904 7285830165 4225614200
5482685137 1916276898 2527266000 7703368359 2676892711
7466145886 4432562954 4170512168 6083735716 5976102782
3884860670 1446329636 8213637303 3174648717 6320142788
0067424934 8568445726 8867825525 5509250061 5469758288
5492108122 2247668229 0277511682 2369502543 9873245618
6120999673 8050145752 1453467701 0802591529 8160421223



1163287602 6457848920 8814442541 7823517877 2946368491
6863787103 3559880293 5287975131 6600965034 5021350087
8614816527 5693425491 5758254478 5878977900 4210159280
1135480971 5815493253 8649021151 3898577566 3927058200
4783308103 1935861720 9592850309 8371977956 3846649873
3455490133 6566062958 9933126670 3542551795 8589534255
6852221670 5720637316 6820932241 5546565287 0620820268
5332600866 5800583966 0906950497 0302254534 9369418434
7991814854 0317521615 3188936016 9898297123 8272732961
8815135404 1870492734 8526265666 4081364863 7887168029
9743419921 8404526700 3615580203 8750040963 7218865537
6610564625 2585967623 1120914555 8061492374 4622486559
0525941467 8341230133 6488120864 5131781450 5464179416
4567238577 5090452177 0549975833 2360916182 4686637311
9959742563 7392431936 8360663346 8788836648 9399770870
9923975176 9429327043 1571634050 5835198994 7721259861
2465956758 0313640200 7793328797 8651130119 4767901228
4933455937 2745446777 3069942456 2602023887 5493090223
3573983039 6642856599 2346239434 3075435576 6148585186
1284466173 1439799759 7768447092 9792773827 6470935627



9494509375 7497580940 2297195543 7014385922 1216058081
0042397438 5330454346 7119143871 2266270914 0126153844
6277366108 8651827155 6640204899 7387185384 2797408717
8039858785 7487216892 6362934079 3705516018 3714050877
1496281607 8738336233 5559788371 3608096663 1521893228
7510522740 3710184125 4829712856 8954164194 9279438506
3945483861 7154528632 9870074344 7464614650 3414460256
1936493892 5571934232 0962385728 4093622072 0551764698
2530400643 2287560380 6977314699 9660101861 0184090834
7452808928 0983391290 9149258303 6511730299 6765473925
1518450277 2448449537 6804763886 4019063487 2967747990
2124856127 3166399844 2736186230 8855173182 3996788171
5818320630 9699648514 7295737236 9464794425 4825014483
7278643035 4266996443 1539815277 1686798446 8577777317
6724214993 0635976518 1359539276 8068710323 0458025191
5603646418 4552722886 1482514597 4092997199 4529105998
3347241041 8542027208 5136054307 3574876227 3840792001
6763466151 0906147191 0813300876 9243989050 5428382858
7174596002 0088457644 8251903137 5548086017 9403410944
1898837265 2319407183 1370537998 3523443759 5489813215



3424084287 4824428098 9888047197 1054529233 9984765517
1775144109 6350331443 8415742836 0807901341 3016396157
9445590873 6627890914 4275984522 9763054393 4086667826
4314016375 7170561881 3450653637 2888736845 7730018975
4353864153 6393817376 2901822963 3304944189 1940659730
5753851213 3986275646 2498470327 9184151114 9121135250
1046851190 0896117079 0218889188 0624882538 4228364119
0655874808 8381207312 3231413442 3335314443 3609656271
9210824764 0392720608 8886262852 5885199283 0133305890
5765272829 5714261949 7916499589 4363177324 7495809598
4149163996 0872405594 0589740951 8518453701 0842391107
8235447953 8977220797 5226175997 3799318017 6602584167
8345852154 5313578584 2096991306 9952099187 8609886124
4401060741 1986374471 5309935103 3428616375 6809485035
9275704744 2658967956 6193382876 8847466738 7627035779
8755596549 4014662899 8920998697 1648540723 0339888393
6761101330 3784045113 0783799704 3311605332 6219954425
7703071039 6843975279 6919730812 8025112622 3600777540
0051308597 4983046454 0495130970 4803426138 3540913445
4056413410 1462193716 0565528044 4840088045 3039649492



9738268650 2274528229 9484577467 3433786755 0280099756
0510091528 8666465879 0262577689 5712418793 1583948729
7388771483 5384248129 3119168316 0601354302 9978483686
3527731202 9030297107 7830277473 8958134651 9427561606
6742843607 0204002387 6861045920 7769656762 6787819706
5606120339 7304722965 4813734461 9132198858 9232186743
9123224152 5774192907 8225709141 4018156957 2845738336
2291885079 4868329493 3053359319 3572091676 3645955813
6799238696 3556749298 6511324827 1394607316 2855012413
2311737264 8773982965 1492342674 1322472886 3284602104
1366966644 2677281041 4959430276 7238763428 6066448079
0484267719 1598564512 6086187040 2572744277 4514307901
7361515617 7315157500 5988399640 1418804973 0699755066
9101292407 5303749581 5578462768 3114837351 6100826421
0568687863 5684085892 0119268252 4370390352 5176669009
2384082646 7526170926 0269710407 0471481531 0205739799
7681579182 9812892353 0414649198 7593615632 2124516827
4617227796 8157330253 2557352230 2296833982 7799416034
8264985693 8263973605 9056232139 2948550742 7648532942
6710589699 4589264214 4119600084 5353331145 0406865373



1319571484 3485415041 5172347068 7159665889 3468794776
1605065252 0532551887 7942762000 6779291742 8629514803
6393715562 4921492192 8994506784 0972054346 0019562984
7440967486 2465363711 3020873814 1754833381 6616561518
5111911346 8473236553 8248531987 8581818145 0105386941
3158042894 1053108502 6258281571 2311114555 1238854904
4534798670 0257077621 7413802918 9276234523 8939140280
5293096864 5560208707 4750296305 6856668723 9774998591
1356208348 5942647022 3854033139 6655512294 0520677229
8210771698 8749068312 3218656678 8925348437 3928939824
3039270631 0460167855 9287530601 7870222133 0681129914
2564872664 9716803285 4943908954 0115982149 3770170327
6762092987 6361529476 1022963864 0039099466 5174286052
7160651172 1401325095 9270559294 8397361299 8179810256
7138533177 1066750331 3178278732 5121501327 8377486502
0703313550 6227558130 4810800294 6051717988 6418646938
3014272229 1579435039 7991778016 4905282771 3029562457
0910278494 4459005025 0012647562 3251401612 0398203255
0275269695 1967074235 1684211910 9820901473 4553452473
8516054502 0344886526 1194845794 6739103249 4601754606



5949133473 5648784812 6818801870 7352591838 0839036790
7272198713 6512691128 7379537715 9952741342 6674052986
0582672777 6084199746 9706419659 0299595629 5605560002
2176378828 1809646584 2429443116 0434101540 3241618371
1241183341 3369086040 7381821867 8592966006 0152609792
0430269051 4322256814 3657469655 4200716104 9260710551
6213629879 3005559121 3266525433 4472375154 8317961256
4078677742 4307070087 6622029181 4065502136 0191663843
8599988612 3275152903 5298703495 3210752896 9061140401
6598021882 8037680534 8714902083 0871917804 7753136085
8414106596 7519604324 0179858915 3532443423 3629910033
9036772618 9914046681 0276148578 7215430327 5752435932
0503117165 1703430242 7376082327 1009896214 9506384969
1002902577 4167136585 0448982075 5135344694 4194185199
1214566815 0684357307 5876541271 3166542356 6812227372
2233387587 7673936228 7460341063 6815651866 4932281342
3042420400 1730539139 5804503405 9680448257 5134055549
0464163357 8438160588 6860227991 7915156776 9918483857
4581978981 3620129705 3878672660 6889518850 7220074426
1029707371 2835694266 9779338208 7809127052 6740228190



3448878106 8280495959 1079430888 1004695618 3587209343
2323304409 6976123771 9689629821 1991687870 9833961134
5262017695 9400345867 3833978234 1473219138 2499749914
0658967734 4743402835 8031537479 8489967619 2496998518
2240176819 3052100224 5510857860 3846905687 6636412890
8975155436 6506561650 6192218185 5860639525 6352043478
9459161679 8123236057 4968374823 4389055596 4335042927
5477260719 3219830825 3807155388 5217730924 2994131441
9026355802 1105357988 6653626415 1014646071 1985598292
8954907551 4813694409 3607176494 2629103403 8171821614
3960417698 5281732820 8821036906 1259770468 3140598765
8981426853 1700310662 7425740828 0910233116 8159759586
5485617816 1460643447 6519302871 7343009218 0010058739
5483454403 7627646013 8242763405 3294655808 8847737466
8362561690 8343097270 0699748178 2424574194 2626077709
7989142290 0350084332 1192397735 9095594574 6815664694
7811010103 6963569468 6789030933 7571102762 0866070878
2106555537 7926088164 1337529391 5596153910 6238153813
1481317662 7603231988 8049792167 7961104910 2388322750
6396471007 6965247441 4609822625 9447672975 8448101388



0841014521 5932988735 3851807306 9810094601 2616786893
0860243784 9860720828 0266924451 0981539169 5973601821
3287944079 2230675841 2984849036 5630343690 8701425831
4198991054 1398522693 0754669501 9990277201 1993438099
8096571948 2859198767 2414559171 5959557500 0602439147
3464999909 4962280732 0890185317 7416621570 7333892838
8639164413 7593974177 9799619064 5277409657 9769282536
5348782886 4697225365 5754525228 0316884710 3926942994
4017744150 5654108392 4818538097 2246265514 6890300020
7821275494 5052791543 6981754966 6187513478 3191865741
2558355397 4077373341 6015611445 2815017161 7511799963
9940611911 0086304704 7957134095 3158279114 9697550614
2525966187 9019404745 2875733438 8929908002 9769877893
0869873399 0273247229 3618765193 2972809463 9215880105
8120917330 3560696088 2552321797 0057600041 5904488179
3922984453 5803797460 7129470760 8200651516 8336564512
4128112940 0207911460 8274243109 5203360028 5057851031
7812969011 1967320860 9949003674 2606578833 2367599890
3174678418 8273762112 8226150437 3578261282 3923583260
2350621502 5388120503 8087610757 7923411020 0663883596



4616931815 7504286066 2121240253 0812757970 0257872538
4490578740 2407677517 6118282802 2057007680 3317314373
3222497208 9532223176 9914830922 9185252467 4905187716
5871928339 1451272224 3910768803 8146764776 8256051991
6242899466 6415868570 0335897100 5817274611 7001313172
7201526453 9575067017 2388733144 3852719496 9975372458
5045185112 1245323760 0924304723 9954398933 2763258474
1996602126 1252980566 1849768230 5041205726 8302788959
0129847903 7010123634 7773267203 9081071163 9303289268
9698589802 7604285309 8125791957 3240805314 5359995068
0281647637 6786162049 9087220505 7179263264 4701380210
3274475785 0959815376 9279437353 9955990692 0110868457
2761587374 7414978132 1992210097 9463616836 8837698006
8019326724 6356331393 6198022844 6602908257 4970887611
6126193917 9889891414 7203605599 3690883893 0580535936
9339114503 1666583767 9068253381 0154946336 8505270216
0528658989 6942257096 3534549240 8795324498 3450152302
3103683349 3083408235 1682915189 6416671575 0476290195
3467655050 4543318915 7265705149 8776384149 0791267283
8031790537 9403906551 3432425793 1330413249 4807608810



4697312495 4534545785 6264329245 7539754436 3110660436
5289403443 8429341310 2992185638 6196903953 6229361901
0163993528 5350105729 9327718394 4687864902 7719241196
9477667967 4321691661 7401837190 6560463900 0765211961
1483507207 5559291017 8537877056 9542074600 7253475463
2987591800 8302027150 2977497891 5283989453 3255407195
1666575323 0926495139 4211425540 4511537786 4569662346
8005001055 7665686222 5655975320 0069485364 3862230379
8485693682 2387490319 5490049166 5783397436 6986091833
9199872371 9472588452 8872540128 4645056630 5472362710
9926427857 0245829223 7304220010 3989251437 6074181197
6799800496 1158488903 1365744048 1472776934 9793351969
0791241286 8049505017 7445358305 6740426732 8578975726
4025168112 9144017289 3889390600 7862203398 0666196507
8580853482 4907943715 1059318692 3206404967 3865635312
8130407910 7222213576 6548218780 5198585300 1988320719
4602635121 4279937006 9407085655 9587246813 6554341671
2160070267 7482923620 4014529850 5602122441 8548337825
9554164191 0011069844 1606111936 1341572843 8557376822
4370273680 2105490498 5965165829 7294455519 1824151604



0655118397 0720272020 8464020439 3072986300 1390554348
6080572720 8711812587 7938449849 0437052921 0374970100
1663998151 9494762949 9986428493 7367525363 1752188331
3087108880 7978839241 7704627889 3607737691 4701380205
7889504947 8115887563 9904502685 7550561741 6055899462
5034600921 0210935213 0947675934 3508224228 7365273888
3742321134 7106010920 4939561731 7488537802 2731466288
4160388678 8153423753 9156003774 0786683286 9398483480
8067071923 6001585719 2029231113 4173510221 7455941199
5983544456 1375619179 6311070401 8047448038 0943839754
8267445519 7750593665 9329500786 9513983479 2987338878
1017794560 8175447381 3559180829 9812498231 5003735066
2654337764 5218316617 2959235665 5050362988 7119356012
0416793837 2520077159 3141903519 2724580169 4493938939
6886129000 1191170558 8515157980 7832197586 3643962234
1155912478 4518708290 4022020705 5268885676 7767572084
3301962157 9008529471 2798233970 7670466783 4310190431
3793909567 4184931794 8755991990 5514096196 8939225573
3193871822 4016540438 9424297616 5912825960 6455657678
9626950067 5457661057 4970349472 0985496417 2219226415



1810279891 1059033065 3915466596 7022021495 4542925225
6801199732 2331862993 0128897726 0054888305 1801907365
6178487244 8961557321 6482574547 5381614346 7084018257
1136375339 4201684005 1144296003 0308232427 6272440249
3439561055 9393307378 2790939544 0108058510 8538114412
6655161542 8095286811 7050960782 8910789971 9529989342
1677946200 2016998984 9651440553 3694909314 4156637478
9827892780 7417117097 7983171522 5227691017 6290637536
7829868692 7280589881 5004823069 7907349216 1899553670
7907033479 3754336049 4530720796 4877016335 0386612477
1679889404 6172089012 4337095817 1600709412 2493621549
6495754923 9133890521 3792848132 5600654070 8721929520
