925621399959376811748105977349720372343614906834979332685043019488721218305210
847224949499503716745636065381296487201216518412088898078932847562728260594076
151718989571031885550380820869043225165578857808158236876461484803493916383963
480637375620841558508932162938155555557255134530894034969913577112176982828450
230843040315080915086569886902532815590605108286050114474964106999931589066874
744931708154296394348708255501059275874047606501950170159653513168297522900419
938999677726819954591476746224340285120465403655420239744230800279312089430409
958006735792232843585934768565579113509266356073739530770139259611568155788526
235123116178749137165334913126318916537084626131134484978174103415123721140300
784097007763881476178074940328114973548851611721399330314344953427337310659008
376330232360017091908745148651022009095766978901682846403929664855509012692951
817882829295452063535119378121227723934574560543742058251650232648647926096344
854192487805533409252270239064092175530226655358517613044948189337459212697874
604460705648100543776505710714070413724137725059937763498918598386166229276876
093134768027065661242820842240036132825945271873788791585852423330839457394426
775582252986757612566049738642634060053453818303643381696374710133351392598308
373089127400047659052692169871068224891422637071276700181316901146487105855019
258630640098097148491846285747551883938063585309838822476137008051740747320614
006236580809331978783604195267297866898932580026148215512053325588941963552450
633582998680701535678565464272788154703019680655093487485149840113237455092210
568862737981129165143050543643138890977111568328732797426275812883260100255306
184979259157900688081758852402734700141523151769012569048118674738074874371641
617783018631797314809422342776659891960380037880353805230628907841714131577084
716319760167198376391618585697122378485053625609374009431091175333858431602801
837306346481027346112701031282639676371229788148917412231155194146605825241081
296548804234343728681435651084923252912692014079464086101887621069931558425045
070053366231663835961375002664570498414467720174506913544307274207502679257035
173510192217799492195305964459379461474645986263580444833083066524373823629806
645232371461674853214247267927710129037761296862050077690854696798138273367620
928903434995554623077821570713848103279976719690019198185343130694515287712603
129231002652018912618012055740489893395122920040480975604892643673910660420892
706776691321854573666907278368675770932970299691056732308353035201951208992357
419639465087982643500620108125379660299406690992266576373907504945095494048153
206722562544890310230801380756371498862017143972819044889920455849666145606320
612622936407395385510011313429863180620546269119997314687184057435599891261238
611029783044543822872817599984535942162722834068985994315657531519581991051373
942529622739084439897552710500857465283423649086249110396495092120859846839000
214701590327974880749470510155190267203546120866485388833116102108647343544589
356545030421936676814035882976208723450864820819882910201002185602046545106976
512825982432366503411091808952080812214266373188745901973443366319292909034398
248270562834394767283324387359940140145228307261635151332678926709287048281287
820297473670535634016923500027933344852711942756627173761416969753649127301789
974939259883412234163692464406151741365615920151309947933024070918327510885004
885365410540543502036054040442361013384897730907694893567443441220770262828470
523977369336739958733114220773398248420036906752859596144988866099205905349096
493416091065277446224736318308749888218619956187498702091943795564096393360087
254935440554150121020962470972378312393327934624440734659075809707962497545532
896129497400575776617593507981982389938650392100292277876913746475058590321410
679733945149914035789006642249343966367434796142731238028506405128859639325613
161937488427358243040085678468644547050893120477605655737760354425421878204427
705116803644162819710035934791795756198947143986307717771659314854851165909867
196431995447482119607589512496496038267580278442719483138918571217893533634973
696736036867532806686952573561030443583159035625300377683166032130144478428293
549790417936558352233037178968808674699209125440189042531727616820340770291347
814002762794638075985396981201646834610454613948312398073024467805999290612170
026405417862688424350233839988956957962710964584475271449908827676784929191898
388128429918033391606772163844494091752332666554169260010286689741972282882010
011770763922811881279570299171471041287363451210730611111907074646995482444101
751354216471696558290373530165245985963191181145187865230562296135945725771264
088065618785990495110906906600080196225662753069388441409008681413937734054062
908460768714391550500042457105724410820359900902306867996930771678331282866352
595409529407968132909073769254660513379007221135396031219597803000624165119272
635044747130759805977722985381688770363416563015170736221168142695616149886248
820235287647377735065469827900259885421384008365416224084329075685975704155667
419412485406717844648721957233981591038605821049489635519702978139382254591486
382352161534258847670449524663287624399971692592119428100894474569536931821124
536667395897756436981719381386293657976255194039694306026188593319218002484665
104529982059265575082241145706890620056688190991950194524866735469665783356770
226397657859130217787134344912545862838611103319565684589752382064995715400613
549059500761687909910190915316620776250354365823519828860809648894242322982204
229191189725010102886506452279243931794130531887147271421519451278154424048762
119676659272743222254256335660290972983431631185558840829898476814166019180298
648979289079477355785902293594568100414801389901703245630928809424367602720544
968010130156544811556497691973581523050967040551525520519934952328115051934901
821314501254298346787994284186300868727343840811511508351166634457008610601612
738434456809994592335142492472012487302344972694841231868329328834415321919084
925931306740994197949551323944437335344264581625328483747214987639962184942653
868521209637084950300366269331683092901038103604728700867237405464632068351236
508373150500336333133042906026480400066472409296952539114803245678734535171199
057284321041891605520271182032876270519592793901452334411410347494789194883350
662289015409590298870436449150306292138866433117753350009814056438585643759239
525248698629233071131067033012433245326265772942452694849340540760908971101758
147778025973979032697344687202060191877354897951871545668031948817917815077765
939099217741288594874874887296863666662525234507694940097041672561301217607593
499343209370903284505413823273467070738682253055688036782851006871899022484175
318123134577469467945380085636381149100717098689004961026923529076836758252763
802509784033414736961730753982472645828965092706131932878409093162399041712208
217116262116428729853018134069724346878465356203246196487686740366120010974442
529055835105642979339476942707960197263451984586381583490779085448248461885832
538533263427847441654545555725114937353968781592877301397383290072777331567710
017127492117044044053022741372473417279882483134865556520579032397140982226067
279690226032799547116381322641537280997643590844975527864295604940171259360879
107158036593672368955963555487100349252872065383333544603207064339474443390968
993292947412321057153184601807821844778520353755667468139490034726872783908472
294530914044251029553070615248242037255882698647710407497889267176345655727922
264285880106021579639101645872844725336957305863247412694236108997903636646570
606677918883214600819620636466236452103652315281020835168023268747878660698901
710357666217602334842456142754837399017471417859875285730486893264732006230664
293645941718410096695616732458709112285982249058443790170048660279374926281764
079690679381708057794776366901503232413402424969372936319528316556614065437554
880243108205991493971477855580218034627650579154489391678408771707797155312181
481795346424670067865940671090013668636203998162303183762125626061430057056430
001884446344264484725983971551166045280684806846125239234093729571351155582165
677906647072841322915215304603370917465577767640087841589391131798813684647575
641668751841222619295438165488799901924625443242086610448911995514994329017988
322149781350001389740825988926006148841279843772783203517861827574501806733742
477011448585405293192553829132879904570634804501714211490463966465262883168048
212684358687654396422211763467696421254909727751438948602913831235790504789597
020115377282502475934882017623824672725507217723891224561724103723872611892577
243944595832380981258203015314025019257860977512696986085002543947917552343981
294727230773344420070915708707404937157316248203989818449106285590414787724770
073645716589827851922007746051266714970668274067141091018131518091460872338823
038456685856572141160894226943055524118484811073488277584842488015683808810161
183885700561888847890161694819800920374220120547642897583757285927221568609752
489820858835906563731800953377236129077597140994929489643035493023404887098845
325226417079751503515358548879298388141176632345219729425890866285879731384839
993468542546618850083198372387658901997113804331243158229835820687831100426405
041548014722627554957429947413337181936390083271615638368815355158530082027603
271012813250813904539706155671314216173821744259437875747919533915345531338310
622619894281793060450604530207005159463722956225664871074131941770750779306682
165848556858842816474089844394784619407833871020633845515252532244787437143399
501710173954868784721283636215118083673031321255735897560674195988614887154525
801055617593383633243707774354363730449933862459037777689815930812236760159175
915532171208634783080214004914807910924212190359451444271275794965163460558655
445041049776231333077142851927881607517364455224630943748041681151530867615895
875304580730470265505095360824721696079069295131387055240599096335254363162044
883713938981112964637640835852957183605645094611871718514697273109892721787257
040764925438475490196330876885301796581971758364777319763026136932772729167532
969736407938541242484659388525177123002848132270179480170912979074077169017976
588221843332499868157741947539077777511860561558453943875497460160387682089217
490695943741062387168366959463670390935290812552413831168268098934671979761307
998854675312879821326755005401953676181683395115116277705336586300593560328114
128291542994427317443857261230418746021094554273656725667548762580351885767615
664302858229198589677614120913908418161597477038663358242611054200844577513085
164039489255573853469926269245625317876680655808144026754977816337034345957741
177070923203207693880230451121285111111726083723672901926321528875287544230596
202290595617684783008358723822109598194617586227025427806377552406734505603119
748383097964479199838550672525371054697451439126892042768285453450158281386117
579714366011251127910655217903031319636338426273780088039385973919158927224959
874479174759476313287083435180311436867311965804961313536566861632737296571193
928500616596503057818796483621902371605131682632359905495751187245813239615917
631773525075832811260992479056537574895898968670001506687960233041791077963448
004569096799524287192514895438873889786864128942422765213900842662467436442551
791112338895428359835071480163658748892532374161785111336944653863614871470175
003165367159330144925865954474214714729023080276891052934103126804539047053656
682894676674059199169399774872731535364106838966352768944407353806478974704209
286880636721888867109175807281488566015290013929112225573018606479922811640476
976301951171204872858703432454070844481008905360035520966929065025590616974452
621182356353104745103968482733207032920351598216826613541098045233076942362333
480704073060939854196369878230753694620033432184856127765791620520780617580563
423587864862583544380917691664639079879056090563484863964136465304018036942623
492181025229177651407778862184189892073354948524380545874747316374532854484419
542295889814408684298745406268064009702974982063855879752026415659427947269738
430080333864534425640466469372941914366478277620337116660037781604358528986502
055588338880513983745737795021931458512476412901192583796852547902920963630238
320930081646958398284718371006961586441976976071737270124935702784873367711548
393625072815175567303194569127663803032482984193866920423222886289323327819032
077916553839019025517175771512322869970674231250771131383816249186361371039488
331020671137882439827242351440278191696511557705427560338922705349675338209889
707927149829112802425715519798870534194092275197657703284281779440301068253249
361552323370526501756282776869168568287018584641054801208075547947539993445887
652262068349034533482169838945701256424566245918849647284272073516523675598520
029211386324071028374173601390970124428425642111386098691302579078112403445431
017662115343639082744731205666528983763723863493632995364274968995862729984987
086114261222798403068765809122079241076980948201356045246422630724132091509048
578558360411891871641345417631931509281024198614807156800922818720063942813984
547575311252827365906268559457205750472627885240761559113858385405260385577813
206675072329335611696648466440799885326786316156201457000528551498079527991742
752159816031810595062162252552868661750616412494017054998572182812906476370419
040729407937729218538534124489353417764720009228227918919343043454099502386127
033269753305388656658885143065641829957827907297999858843445332874019941078112
146870925045583036474539890400434599839224697074891208756085072346020177075973
521808144091853687749613130396877478388848637909588091656949196053157653348013
132143409350660146806767182855136383507273747554457154642698334701203829575149
877539221201557644469436534493193303149694299780901214623413997693024281039232
863609463633551886680420149994078972247270943147629811297749465236741700372878
532471140936845998194014991454653998958172116842030117912502798256306866580543
706717685727914681766225802171087459760527916721008858062469961216683628856011
000999723399597735328651520223705624046979892499253928039277592439219423984333
984382196807402064649233988247895204784780156126489910658852127602935845786270
258935750767330151249268611815417226226624180530572269958278533841364423826406
243666379715230492305455158125325048810057131440154332448480519364252524518742
154411140790921828088525924283573386207428898409613171261958626951228593850339
942188543369594079888723502097792328323555463043352650133437436529092730574571
133216156083447487630688524566911735887839118247559869723949413865082227653545
240592233398595556947039496694474517529820060745033661773193269799862405296279
273076933807165832755496066532815894001774955647755960054726692978710431320753
274009652679625074784879464157008462613281279901655830772241725890714187931500
854165877138145991042484029682904576597870800817374178153910133583842227723227
911293650303769779604089350875909151303540791548505693212234974719125150327373
048026527283296322131821721793961860488077858357906699558638289626482548772670
873347314292636455524872486108268339414118839878850123228640195175641951285629
625516433969618434752441878212194579008500520604638148782652271616844085579251
475314809531370251645325588421640421652006105670491585782383677441804135948965
221652900986119296824588346386314845327094421304189140538656869132133062589680
938719276711418626181559122564518302631861700336319226555460345646878539384751
364945708620188457988047345839876677482146289623278031859522251446920933327607
773880402979704733204676931479159208496610380246754349326879975131292366429435
531786637404553211906639916003436580854720247192355526337094645553654380880306
777430334803045269920016430933331414933149002622099912683795418267407321954916
915017053356187951542997486973853636052123579412782193987390903083603924673030
250276731508887735333863518544546390842663507180798718223681392252112890728837
774172722408599720413479912094178939458368395081384953587579384193782475749003
223118903147075150383430061139884352584373927456264088978711185138845227493453
970277358756662525816197620864721163610645457826566315576959587179341701950584
397768377331699399155964833356122581641749781658733599424729992679482824323391
982643483136248696157767592390421068786998745286964038356038405611273224463531
749904049110076650603942471726089703495160631253410738623335620008289067835847
291554244774004242455471186661044813483028899967463403516094168915674505141577
001040630689623315972260748089121801002921557684877559869799621595226508433683
307943421213185004861687081817498846143079187554471619061348934177843648091708
124236291220329063249305650073550401067164045605206796570891146440973059587256
428300322297559140689867665655041542181072369661959818198684638418636777303722
799720681971285589703342413491046067399486631321395513276622159198036163855613
988811276085374109132989671524195818991823369591384400330592386896844522446097
219486584893688476700611999545145071630293345504089096049478460070973576668157
504960147093687511958671582035174854430384764961706658163488467201613311494046
922639479508828713755865480458373098069952610216828903052027608141904775649959
838531939178493630468288026821465753574338609852702877097084628965108690490500
592280558107611745975365111443614955979149381719697659792224055339966061120375
880724867476220933747330289355961987428121024195191708839726341398175382287971
388643444979317331731880108811834459152446451793134757338751571384452066523660
587759276406426682559807288393294519199568828414072928878125825581097232848758
034843366253601226724553920195724896493561354566481734210894055359476778577793
327551080824790483853238453831626025042542693426354136391687559085781260615625
201543807035907162315715114231860005700894323912322570786726218137434939990139
546967307149767049546288281257087527343260971988773934645214281170780203002158
766474653687196603824673125553288524624030273176069078558925699797242805819587
026404709918828467871137342953404297709887313933048326320592664537558623730356
962557007198074059282528871694041772080681610086620234918755868109846392797673
635623378483747038956677403020112083983132786227471991732474796652637315305384
681931566581029592284555975625880762023099000666901053851313653414834051412524
886207853548252471756832325494582326068421359453394031841606711696023085424661
821266979305264448556511466716868336110140416059329644943114897957358134731407
256494490541941681255446866010705995430975222127253931328573910303216652851192
732858240254192314377537322146089961270743198572518322953988529119042341302544
534518192767584279399169529967749839501323574336819315975771857097786188347723
568261786664916747515835389881192628587624460873481666881400536531118229215181
078480672558365667791398561520407342034884144338860361367407275320703482482498
098113436019083696936308367389005664598865272138193870917543180053803452329244
726362660915995097838204279782834683293342092855832809645352308634713129436743
623975751073100537869883477782517260524275440020943985697046956099302716634626
556711997171292995178704476310315986452496560737648955901915231052408420998943
127191611222826325108253605435237041123571326930312454146122638085978424968704
242239038249886151376224625096353336685209581426792221797270890949603232207537
910179771697016019940346536881433796526296974798817393711616991217288558663415
329646315741737242495102944846483250508026991412468043486152829335890065628254
622042469655928061063921224565124323350186384480361415951823282366292879331249
486148493418731640231583658694355126820983838490498797796460587295664425639150
757413299358769696008063035464978711459702330916590677636258483690141706872305
891190032369350969066232215295566636440692487303314440444032189680064397280369
168985863145051576533285608939248610467961462952079656503956692228399384453180
098112767593366741796211482727234585077863187643798339736458226646267655260440
051339852906169395268666198889749469486207544440725960615455236926024624389263
340857558085294915444598955753980578002021657015869899604670937233655975175837
789971507769967813589033489745518586590880411691221776975656152291084896413920
569815242470835814514608041793141579006397644940076254053184931021199717698032
571685935572160423766712833170028613205586984113953170224426611246300978335435
319928957702588929283153247991889816300232354701804963011060884428049719137258
329966676724078276036201574830423465353487428213882513412758617326409095849704
409147601831550903416965776170533275640171459958971876278258493681199896932265
034556070193072861390566637735203731737819299758103229234295574264438623303390
255961970220601103766200908796218824954326519961336532224589933376333518880381
014086824234288120929071078132193031811976436268560596624195722637018508523853
877268185179230301324224342260155906746788377440265308524984905933054812149255
257466456829576555770531532878987455010444673238960496165608291030930197385176
884738940350008177947931984097931608602148477193181942073586622382528535682300
744502194445578410237273023128003977064959368617600374149960407675698132365334
844670274355614684691616718848026315890772473186079911796926032849027854721708
653914457963049384955736788804566490983851595709340612472170838272913848752118
709945444646994682680452588612825662609354932703018597307657115221465472123187
062338522393635777111768162579803903877732346852308931757552332445946052015423
512028849314926667303260783033855804838469769397326632191447164445067622996939
062689607703827976654393689985933221091359291325444641214507570128841991805803
816204988765767899754063450369677973728522018159062922289292682052733491550056
629714226249238474892577205081114333787278802645184031993315424266960869766014
394808778462844463068620665498720061446526529821794631423249623304593035909707
337662410311533603471595429450109940266144622172740402426624629673489526655373
149666296958505416984114495702856796846245730588291558794901661883660182943603
044513595525078858203498419148108863883712433730903854901579480780344734823705
849931987500686710050100116589753944289821596812630741079872215241913913475896
625992289643850416851866896430856516974820033867415909938756288495929606762036
910617624795869805585596390408754004776083531620883640330176407488911681359870
111549603022437993071786679695533039541719954949453548239639137882713832257702
605739021097090026994302545579484532343851655117570484938153861290259824261898
254026336035765897174698954680298470844653736378346633625380322851350752126267
613432032170261062835498611852648212687847701815197813757394890008839259963512
370815190430554363888162630229971524316655594743014172597155147983383744044722
927236185642441750449605714376662243501239078653257965098946636281028311607717
584620291721776373113885544751938456997116962813832336447314630428889316390376
234041341471946489758978303063545846517776887152018067118292748830996192655551
189772623370274955240142613117647364098724996744926711152418999493681464950698
446420891586745470126456576159461901047582489710431227058503622981293791754215
171164280734264824080298857830489246747240688360230200060633384539247492918190
668807945337347854268382370337783372993856163848174951753918592413056829272975
258394949747931580149202166078453100867769181004546852550021059313677967120111
713797932683566230251492419466892613613699051136044238924643440324233811123588
122016350321029160068704472377613651951468171093353889023724849901721339869422
747570865460518491342686791435967239775759856119461456379415597834223156632379
611189281733766913755860068592638591913591916796411776823271153412893079992184
195695550867016212739230620424427925509461666446966089347200667002185533028856
060404499681021700146434657953752669743985824356196510957374213733177497200869
914236944468009237670764256330065083382729166252262460037513725008749866483542
491278389586450200595394676269898711529681978554911772319652889161845928894037
243846791928986556907440964506735965416066148669437951664967675815672473454982
838890065220442101740741227568912617901681312871680955414234889858207584225430
498660348063073978261121644404832845460264554487172368667329468648731106957702
481267427353114987966073924364878445307821150499476280517772844486700216978730
835407530487769399167569077975425798004551795867605174382821794233467652071701
504579275128473480357902607039667807447201293273819583884833812365486529306885
689733316776097024911040726330119997088512578532865555183279057194912690950871
851449642024465308579327745034235914454077435727159088025121261218317270354821
600353795998341814824268535114169414622115513700881750967974053755338085228379
091206363506283723052224893602869258470626954258840663013600690032584801099445
937009058520028952967785388253762948765185059733890326995295203115169986246149
045538733710985988408785615956985725159496799138996959893009815755595323257131
598988916829558127569321779828385573615691906048593713903591167863485847285888
016175406391464165280113335380413415515032632524625165006419404671675514499229
798056516603414986838252532324311751941408354482484568684686061609797292996338
012596198419243347450924054480425157444120087848341762718757113325914144940529
063512564528676286249683191762180454505708551376307342584303154509865116347955
502665466886328518168329000816897166323846775559746345440596046596478865947174
467449163657895354522068510297470694253726690887543932762197336422524296046708
856749974978253351054836063056632015434833144952723881391114369991552270331635
867536764996605424899517678336163366830027133804196363486992420579159307682158
333467074581744191805664970470735516949212979977602393789072455555632910606472
369474902033324573205766882001887266947899560032774125025150760135018925007844
087919619564090974471163523825778573849349629481631047574974725883782787496642
038455413815193399773893935929317269849233796819888242607897119983032398852682
801622234084689564345519566752441015110570601985213446087456212621916050760010
655242409747370374558254751315154003675164703315580641432749894463998691328092
427363870464911439720233083681427812701190995629587086788514840022705102245072
072217161502668951709569613686080316867817250052964322825458162978557589464289
468321718170514541512610386830821511977324715311434924701214380980929744466392
176379111836877298169950936983358914672513174282381705721461575166614935102052
618873838545515140338900226169741876822151906082583609452769747565339745828967
756002657676634231621154280302140908544137101133746013904831156618193107708496
787643628758546802322885467506038896514276001416801037885908785278198716194919
202688008426659015241571546312399161622160094584289752127239773214911741928633
167966060997701630235262001834814199968510581170023981856299416163425607919701
845595303909340173704841998515502527227618512124257535952232937307473897550682
900793357788288388045818400274737715697733238706908568398801852497806798484871
305034223498604137689700161720201897568278321008158096599205506605431300295800
528656743337582017213014503002187088885725205092799391344477837382807229240376
504118336491160111780326694224610668134603483529473032008713486546544086385219
742076448190037356153542129692432747683709732211353210782942634080137232313248
113940281291519090495765906052954788336064671339329076419126826726887910114902
705880946486786498898422653443689636651150870479038942657776858914951622655762
856005288244681067385826170581009971291559484191997919130464827213119861627316
467660933672957575487323669964692830417192693849514573681236593152233862671368
745045072689242582061491527779704225292102515993510677467759677586932152354821
258344267255937793418671012383506732147048617777327538649844419252686178989932
938637231608238064964670831343163621489118921560816980038297594362554340992384
430475876200232917405683978358170932591515086111731990997340954945434729993395
765468828884619595419787702104534113435631505062551167691100088264753854843136
281942052855942720089086462315304239053677041452098967844241658782868056125310
968822825059588802226879072269063587892928321488390918965447588870183862788214
560837885091829414565719219081041641809999648125470287544021441194104181748957
314708038734965077359528094732695641986805423204436421199221826735780745227549
125774106543315338273000695614541143996486312931935379843445210038446977339736
826733518899141806969660607706593641478452398433001834729666673085549258281933
739126964827604050268287894792455860005584722500634047120352627465830792834009
809602197517821111648431394246431794092496244980950858088592320121136868449434
467170575709585597341187519935030234212980719975096426763869417563029302975220
632607160424005978542598952697174526752955096434349371865787959142065496137243
741308367020474881359246891608141062559517596801126076951324120095685095636871
869376775548736522351510633359485151969782174088728348302261306649009753964368
507490166001867355338419725406931173191072911815145842141854709200168818122920
374493869999751741682079743113426862101198899465240597000077115719572112548824
626773628024471487260515083302251932301835666684421082427737996110801817107808
928618086744010073103475517848288372505837503798693602567577155149002382820535
114505324129811882038503356621956551902248270323622204812945268725797041676191
473869857274423684135596063317931240511358093985400505908429433089176695073168
755936173794706877486860272755687704800123240263273892879118283928201791851897
465724488273298612128962278307746071175668920455623279013212164637356799186571
431948172813505916885418944432593478345854320194688639685773375825536402675518
426547077218305020330421848764388987135023448993427835607016964970081684266695
868232076623542945831268255216061804239899699780819437128853865830770789945863
043603268035135490716621757113073906510854446092872994928750028574192363518137
683626134354549851271842557983599095908888320226354665034490570839986012676930
030891935685443938581598571440865495112798100688427738695593869010485901255275
016926611260965258023278967425830305951230952518616743402376807266296097286932
987748400051033152453693651265903772519843320318576154193982129870972905774839
935124656864858850127671107779821460650844400215630680687875080385302860952955
318393805393569593763325343216478596562298069792828401412913395029588384945087
348234015823387058663993836124669416233502986721734357868786011122269117144859
495503829472096572496134255674915611608866948225771888331952043520533938024351
697642733213193884456915992187678813211549107786823480323451449503177125570169
920930679274607068069170757432195882751335427952100858113473019812621005084818
270693343289168206379138084205165544075712355670747415475051140696567643595439
890655330793191119320149333515539541785418308129231046446632108507014492132952
467684266362272369190820250551596291640732601718677223039533295668542907571325
476320463948887540846552644345879545726531574252215766604915195465741126581892
040143091820151529982492548168714058200075253984228055727270737973833747963274
938860267671385613983158741955144784219795232805146995140897471532577581151224
311608342644000493561945856863529629184925097308579139148360318324031248869798
923569996812144668643610865147901744593931309818094977292371718539700043133278
920016698564316911931664265302514964801201205412501551411641376527781896676206
471482182006607215681675142747587478288478866387203727386841339677314562121986
272509932223451050660763838599569289554832888799449265041024192649647827031078
317550605568786306488557582149273631956865066076542613607805317325364121514244
536168170480700889910742696669676461217274377055962187506297015788799325904457
862432520815394592434993404409571914273497301829841242743451769117247553471062
411409464185196720160877897055911912917083232380006863955842259695449263108833
511549649629901920792081437376267835445330702950144614346067342080229590486752
658648419162680932231727096559239344732380528046615314357716200390498124134680
451902809869422202298927557868563034279148063467200610335803389984844214178758
150890318358295175882975879119013788761741523615931212333567440612831752814419
539618765119699230726113771136542097012075502956121946712335360233816927721278
239418759688141361062020080600438217142984511119957134108436519430408897346698
301560868942638342004881680606922208666600583116798171846847065276842694603499
143989700848281756753916910348504114890969733050716463491817367427428003082913
999566732806773959074099097810539842963397940660182647183138183362006310280004
892023012297328281501487633116486635888486698346428090037789726036329498976495
023441983014621481969396596679216953851625909244594996078993352695022166244032
832884259867597137306457071474286457957699388221245761005367922070587167555121
133848285081174344545461113990021444856683713348689106699035222316678859254286
494052696399778778846895108732426128047286629599240609032208224148820366114186
711539358710857150534378690653309566172934686417408473113689402451715206405655
422481391397858305485922603269710751705535949565198897308399852742387005460859
438293176316242682571639744163327707332532655287526229128796495981334855605197
291832102915183849340538006237815061405312592997089624299539370572730920013605
542199766416730639959272086742449410275468827354962661648316575367632912035208
504397476523724522010647828866837902413157627116252545633061706727531404939243
266784014863137143092814969647524652590615629941198725745956665467850363162188
217837435821502395971864225767024461366816132901228452594059878054088780457808
098863558087441357077683210262217634983069045731510315683459500584496391846597
806247321192803339030578326910729387442940924214453743202324934692198966686065
891375222123687071652941178706757407669340280418110214011588984288813542316747
443889046598602869813047533324472738277637888415818829655961029660886831020485
061509118295327648612978043324888573606904199863106875046708978865032140832911
541986814095572347134551214729145706743665214687745271339220659041240066247419
713013097498568962468514439675223035979463145241486097441202511196934431013906
020185410451638602242021684990506696330871871635185672996422493704332780187705
