55495298901688258775469271352025902190971690978824
42088351670166790945304517514716572509503119337338
26075420926979562417207849876944502799722030261671
24538586444781355075790824445825327893748524975228
86863432425222044402387478626413895501895714149037
36038484627651320311980584389872769414154768749263
24921867662282669104321594732091202875745390570949
34327737102619331751381871968396688874869433199404
66063817756602583415591688015501735913173141607202
87405265418925097891629145515351376573401453793566
14306496079047702202348942783211763500752799092531
26558606504774545926659026328681501969937714968332
61801108186337726785829619362775694336167989573717
58619722821662537022998517358951777683498378199241
79489058551141867906004996185016664915822680614276
57240773452720729872130939115222188502621888075174
03259622804772764538241101583267464454829562514094
31749713028642210297065693504895471440168406936331
35593602827285794006794525380044911951643314055407
25535187286712596930600853775389799673324003853587
75428194046441644332435266167333126938714475312007
87834887817466506601184476131056882302758015702058
13203805330892150718223616796447685866189796913187
30737277504544005099578882445443645741885423239739
89318983584028434061539506865817703689902483380561
28509452031774823801044557605411231881589034823211
41247107320273169795356113885260984465354337864298
86568541478683417364104807853750972643899350870919
41536471708198870377611028032646606439128719244389
39717740666868400830587307090918306610536924081188
18123037166115323795831473624445699618341239720706
48938153362661329278996128046394762819227129805265
31873490175545821773610280554328454744617078464923
19203862493551487013127057251853262166977880637637
07810170151810466635679657299710388680481814719197
29610404280718561623662249656317804813233478945099
64947303970523791424633245478045990525925702666778
11405162961532934404174810329556316075791612830079
63946725672695781100541753212480558688835119975649
67158072793253002794371844158013942904531635004384
44093365265410060514929590601555428884314517057023
59796149298791151884359817873279606550264096615364
98124218839309255795221391362946285478200906842560
74584540308653229436407202378395083724355168447976
52339286786286775237416416214155825049424515719580
12814373705527524966813789169192795566146127839199
99892735951601940256083337392919278149222704051070
97906755058336919383541110117238567026139069986310
03947720229108535826603585008639258690123321281669
91766246468530616313072695154928673749149307358682
92730662671695558137731387473022352808070673757101
89740264958348496772737555336873408780272493132974
23514318348988900624723725729043004103070962684561
38324457885194447097262883499976248877331315929532
24136079141821657393657891489197399471401390616168
88108056444076003150560432308615880199354498901043
36467972903009750373912137386053055636523407264263
15685467000496746896940848256593649913323150046541
07855358288961468368875073906807710593017057892546
60386432146208393149327056490476909175195910347232
40190677834070046935355610686235897254357261844932
66168288433517398557495179378592555392365451613329
33309806615879619937430683445442569019948782294123
35108642607697792102064819744220539874968572776725
73461055209856034664132520576873806748349310915554
64258851546638887582284518178775827955839357392147
26629715947139118962392891003487108967839566026853
59298783902317938303218516827996607269742459434842
32465335397930188538478723307864324882201201049143
58172618522690498235759898999237075390029814933247
76867652673424025292257023190592696787567814482687
46724345093721128466575900473552311377153583613808
52352031094101370319247055998839351155289095759398
89426473553999058547931204287010880713748524935715
36540372633299856616736817365408491443646518888263
33691038640933301591799519665189012561367846365878
23047398754719556915812663718637988730549541614507
06883029062625191973632710185122507149165065416634
16904044613185583417965879460315779876517624259289
71832154719791593876199268455129535323431685550133
21975421833497562182622627233805717944277955555418
23677777219799890680202465908384989700531239882851
35734659587273654904575371413760086877836800442449
30770309165264515672200822682708738967106554203645
43294311934846433585547753248515767318164092390391
43033661022331639737934856181269037672191920348341
73161470258535830237052705073731561815251167905996
86428323128541897723070126065451402951959336497631
19427313525371758323901916148413511083279922889966
55684976718882242259362572935838872513520065698937
88070060695199717727396076898006306340238993082236
26932256461317025237473863734245904283501012995865
90268861746635566496801688349102034946622709359899
49779044044279993173551235667412084416115327021240
98800626756255078058441243873246468494231300391319
11938735245001894000848860286042133403557843175556
67499557751469140582308841322588482021717813957052
11598429037918819724700436462506151978309978765717
60514250061208181562368883980827233155145692275449
51405661897078572078310804288814974921330647903227
77695115026127867217913804612826623083679138819518
23716812628808669571830657392081056128353616536560
94075112194845561375465616151647763610998658495186
27437583049363440902931490620337395952153279065955
71884053030792219587643742603957976682575371482675
29346851447043975392726653130231722136869168590284
18685850037637699446453938525335643322140141601562
98797738880385973817974287853597271073251082352854
41421319555848060486662214695086460253418463216456
67012474282838600937275333608533786825502462012870
35644895915627183072761402968271259529538288128993
40565749787153131472418178053849270446656099667540
44576077227848127022285716702253501059936539847673
19747718232167867925473096758840058762839268822702
07360904618306588223576640549358976734707378326322
05689806964852008137808720126387317569382647757504
88147282571420148250290112710156590920166178106773
97282346504926041054944521528571776403807622816637
05161547683188524886062255463932618473322003674099
28408158606487970713007856630414844118585975104970
14026759430567390939437460157902457107912902870395
83738167086302518145741226018298684934518256972086
14589042458440162000460681674434670132208044177651
88645790319682013039814502476719592406854252526190
16269417652535624822605864271726790221143316733150
81387918723573788026444470276708354288301800176120
93345498501335389347792542444437749692710819376613
82191668097333130508957436452791743578461695652457
00606575217948072256437667910015317696381443963735
75948038478018959484814788696523122811219108512620
37566632293246470984079632455562521000307773207085
99562047663198748154593531482565514659557789029801
86730508914718628646365633798405576036378893911302
94742048226319240035834694772433132940577504966191
36101334973027593513905117028828511294998249334305
64013314722120975206077645114271249853969168044996
93959794650106370656268579790783342396470446962095
69705281213213604668239592421928391592241744172937
27059086393969173467829621323458855807872651972904
02894426088333670559743179596196619276596901080929
42776268081508575383532365767135520994064148640224
47204752654672067909427048683379954746054619973806
75114024404281022943269329418095220984873976931193
84421339067819418681609623556660781126895472759353
93504644016141074010689043673484365169305017811782
75956803761553249654554312001126924017936045594506
32138742476344440673618113258620635917972519423331
35284431588016105263878058615965971099569080119596
94861876134983860733890292523494328282234360570526
35745888841861753144063608675242702002858386403801
20815434759234221160037342055541375435718472629331
05722011020526234534838827871481641850293728463662
11006462819345757298667716412132002165320574943737
74089744228245902660222986225516977298108860863988
52237989981536853053220783330993929348051344241002
73938113981140949457890142084084141669751847874179
57221579310625373974537038243957984086835746970630
37422765124481315864858859115863946072374207729817
33508306964945897772732654612774640877208888354724
23966357107172030754918577130108549398452782618514
20270208919674995589188975076817515213924605026261
84016615101011198373256443015942856678941389796027
44837006700594777188687208505322014955998621316577
59486381992320974463162818070690381495734283112375
69858583004196888084797292054131583144971130849543
67167331770601248875246249482656934260383666716490
11541810019859688628747933598180446301006002170419
28568154993049457795189419643998772427559923397782
84049696781249720367976059134690002980067613910412
13193771990111445844661465943722725105949149108221
52371639849526284436576213124875530193861174547598
10514789570233066822516956022266481393266142731934
76206947241609601490822423954502830756714689791121
96180699716370534891518568089881758784694483351787
58422139813964842994082463996483198689298385997099
46587519133199467723033658328735957485219901107639
64730973373668025965481759313708825884479725143526
23776928710236731345875877795372484930978168966863
37594345269456590575167845736169138743602022677468
44568284524986405884803544959086328085914422583472
66950317013650747724120155527196060896519340306763
68111730295241926649082261966445651445476399304337
58054363036039691805128544858342966213834584999274
06797661390244280548957013694598719110285291732041
65610233702300270925846250916859756678856465487840
01213052602039655831271908365060922638523360440978
25606755924596856926448927176732469207118526901377
99866412396022619137615220687634348769649003090295
65222775571388690013928759013601327566458476586107
87548980139324626093956874654488748788883166737531
62070104005129724049654209471381146625607377895578
16078015396536943832154670696072414965068240388650
72781447946935696083569098933350156182890096825069
50821930098286209859035330754781321072492971274053
58815843067289744235987441528211206778479330978793
37145082764773414251518757632165814719026395625554
40764919029727192655461435132990837031059042916026
65441367661600344693193855057352362867538562408410
79998938344672018409724308766490326688001363640572
95420752638057174264379176232584687200993026774350
73977690816714382595676103769856122223671140146478
52130221313493846308879266252859375616048497277359
19208772647750997495046195056069394487812743521916
08624498453492143892777186886783196411214419835565
22194193564851816145625327883757485552235562857139
36982465870252971812413440681562194324596298249103
25264928726407534983445812124839924397734852000188
48840620407074993537649640690654864857431061298870
84946226242600819881269849041946753847007374174730
38076664125303551014898461525864769411865180382799
32661198583982660894502929777917041367150105757801
56028863241148891793335054429397411854125078647660
74777234633846351334013470985920162127725384710022
52130411404845855051191939225181381131070492594819
72352312798574878367314408057332277309363612876628
29813522037749963600181124689248332031248989823992
51627877656674183085430406574377687136356082755732
81426394466889097047795076351363055919655907479054
43930271963369224410610877477187812963891000423918
36643835217687487545615081991194574950318348377029
22637433142690552379350396451373659654701767181624
25922900207743145904362233832873051287766606995606
78467269657987111063940412046180782229343069004274
96016367690063646806912135433944230072720987299179
80781077307415566441032734121246284982044130372994
97247281037226684608504861144131710719845587210432
89262409148968037352498880339004205140606578596495
76697887616644934161866661684133973568381449056793
91925744029267131586497403317706040440186463945347
63304222829495869468900730772913388404311817192830
01203344301590131868515212729718053214229391847272
20710934372592198759216080437069980186589401773132
49853677723102970125439590170160786442179310964904
42362817590320510420771504632865465927172572864400
91164503148503623758582817994964826108680978137879
98689132486333020305397467023455355530699724741583
50383312855209959385926159032053196268817414007758
57661741649305617998574576391040329296121540547036
16023164093052821825507076711033028500927446043098
62319539357251975278868457008969936805888961009682
87046873071741945064796678431777161692999792328919
31128959733905905269387359180329641712997295327698
07673380583661386180729425560952281904679398502008
42144764326574249096946218181586458385559510917486
33730652539706513496560480249694974820799863748376
90703593749566967163386138446700403676156628086255
82087280671434154074916725962827698270039951509633
31970881757361972588871143908798154011919299298987
52634992946169386558288353557503987471731682236723
62671057160020433835910083389997984895016678410529
22577417740618712198284409133587614620635963948388
00155434938945547550754801388443061488693867133045
17004433697104962150368559265330147934889622637523
86435570180895572281566556076119284014125766263979
77076999865527945712004018541693950029588996456031
45626046819487773746583033505959713545205741786447
59552868391497867234473993772449563911984684737483
73832818687800974257622741393328594730974168235657
79087970616262528894495814296265282664166205405406
54697769151494161208371704352206693819436017842565
55369569826250129894503388645048727237238344977339
35557384974225684169044855429148034797086850912810
66329457168880051180270494426470034744468812977725
87710578216640229473128119002094757491414410192329
42311622689339546685849248219061422982644996743470
62589508143588119905826040617357658404566211873782
35165092852216593123876938149192356191863053610602
84316281905964493715393988245887555485624362366434
03431949604514724478649906166964360785621729012136
23620328234277401312719609334433852922108729340652
06762056798594824286879057304434758562264693033947
24364143773341836683121444119565996150257433802880
82314429447268000642033110309241515471831717138555
28754026034432016532048281456750174447556126512048
81460654030583277095356736051707364928941826706923
15782241169589337241233368616916818985898965139765
88764126712251191354363301846644752128785291511312
74095073367981563865596810280397293975332538277115
44691580597225659845938081456648624068822517907716
81387154266912445823382202193395438092216952496961
96244978313626112509125092522541081483899058417818
65019094326214429117784893140688184450225166098824
40147077903604562370064281390489891577349677520980
01424669379427520267129920939501611888387666935157
99143316613267470714426912858034148595949101437168
93330839891239075165990946153246938905194219362279
03331840078188783619684857690308390871993977499114
54133819863732961964472355716361551669131568451885
77831024188634617235031258630644271744438602358326
26014625246802833927989045544757549980720557903195
95002518292552425141901056036658935859847348834930
81102527656928840576595317665822704664528912429856
23105624922692401909526948021444637244954665090185
10578567124581094404971824796904180114107605943996
52724488983086520512123663155229041565337763638377
91611153932584910727946880214279705975530956087864
58855345727947824912267177510019295721807077652030
68742080962255983269751782433131394247262129143434
46093561174551591132494026572154839508168039477445
59655672857623477607475164432296154381227244490425
89614278192939000884931779094523761242517329594579
26650765329895931488012634719986277729520105551335
68688801209633527566509427593977197328397592650682
81496318991634004078688299642257656760481777064726
86993798686394357371514393502183096242200213052996
98958922611336434099441193409959507172650493302507
74406678650008752060023986419600321149348790410034
48870387885487192395796858910090626746711575274579
22834997657176686938315119328287063703214434283964
22378759001800217700398264162947936824991300404935
68796389373320101958939986663937577636276299560124
23748501282076719392021666965592836807010393191916
84346105635371449904039735217173593636945839023101
04866578561607243428743083040586393186280440362718
33089794714894994054177831044475998688698608755758
17917425505149661080739178821348262258490056104002
41566348660304735948384017755957406527526288334116
34775785566429059698862864909885683871197379587268
04326842155080554189907687379405524161089461809166
75479534905697167946459237785037137085537580148657
57067228697536860135172356841652950918397103004989
62446324272412360028462912715381466301684471017057
31075521939757865552713628741600161262108242015471
98187423992321131285329788483538361133165664667214
00856004781406160512569717570605326581864883699710
84621074672650321770309104197600404460776477828646
98354031591242927711679299946248504982718738216234
09993985658861080478656762455003379839050779929486
54286556074285448172310825810497242922397800555227
89390814511430002542446872513339415584511513448066
54903740094693827356422558589589551515074319065517
74826478766366862213859562680232540535750720184119
89321453466438291806768121380227747162756774417754
48309902930587456428961404446740317206445710536289
37271033696764843016092377546749054626120078310079
04537243223159060318418360538365022647320540902220
52817904225307486058724658743135826804766478502357
04819601710242064599302847684252675623393282530400
91817885689469262999912327612103919756347417373227
71297131040977870831582268355118953722655815949842
29418752639598578024983787608775572272419047902203
10845533781656803726771351240808264953623090380325
18698810025457281996677997938103029727460095249464
33116404066416597962690243097470420857890552158373
69321069645574951571873595914174811929879311092350
78777981976965723119449694637133284055882180594259
60753527301462854104220523657202074009717142290448
99095746815170438241490875961031586127150755197554
99494034155470381418659032075237597457629819592320
05040988042366321904755898195165028212063501508766
46943333697641090818300830085348178591369343155069
96360157033318502819197270855497616509578146365804
24360934265358458404662354580630119910608508384545
44444924687831834813992278111121124058906554839946
72184129472502075750589624739699081018160075713050
07156319646620945283009678903546363679034678429392
12061595256691380157871356802461298784457529533142
20122954645927505820861516277059012129234379475207
25797870020057926666214375964805938391481686606861
64291935976712809652680329958587422044009030208721
00708797747654395694509301205189790345241822385273
85479402995757703035112441070412171387631285730525
49593408181665967913092901822275211031883761832269
48813218096962664231132798092511420790488382129573
39122977026874512372116584969556501366093331325732
16779160963497026203494071813217376075009778935513
18860086549764941345412256273129402054090572041595
11569104665628274878194406163526523746209886584119
41248177613205312453018544221107756980323661008666
84466962763157240922986292748965666320053120785920
28536301235319453429561142166349643141117592314439
36806185023256333257262378190922904247484164670119
77936393084064910971432228865766920138315567364795
86664336950665393957592128589317494166075783470267
78927744065512003408480717019279451188059677554296
40860678497285298103140226678216323249450202785990
20626128932218607149379516076399963020261683676692
68659148759345069495279379164147568693819221497071
07470316639170648085617797746100359467990943886353
91655571573975819669393813258376721742264231493899
53823011792474650439067383484445369896498046364278
47847396590244826230437862829488812627908342471245
69834932632661580488228354550021971997284538660526
52068347998628554851449077505256753417947338867742
19750683672025896702579324559978281034804008808091
32319188354687011938350925040312335927721677438745
84030750397666422433378211635442947795955262136762
34996043749980668486708153269611504968478172944357
77129731547705833224650166827803046193307673077437
48492230738651289024233179703163930020451815244773
10477608016959106745642794051352007250199652395706
36194137964628447030851228808413537846942575260759
23148972008901763992542000790962844337682963419598
92363282422696369150694230498935553346259849056253
04602005640099114363065550295035990095031791479385
78765558721388540445714539578937215863943903167038
14332953214290438764377207017798780146197054333309
73462712154223161546132499974436368748640645931987
40014583193411027411868983954594728854169506234420
55735308356735933144652274366494108674162805488245
51782125022327503762047894820888784886958129593516
61833096257957145681354710994127099109731521055714
26362511673143917905432851345185312888141229651927
24813912297515107879030153619983609228841629155562
90543314449948122254422372518331640441967808970734
37954082929271157594128261654213252152273163837519
02177580504921569545864464165352151990018302799725
57401839778303176271430904634165081825551030827138
02476086390294752321225544364773420939859732829901
52417097153596617232971731590774994474808711312500
43957421902407134069181163944100551953432344853971
78839056016603531736586441550124493482776334852942
33275682257537085180225813260360227202498964094733
79998467632690986637879512549723129000240121703785
96798045851921170564919723076325539832337345180051
70658748016681531659197139883836188099530872509173
27733234673534777739833855726530488711186951373051
67968439244470202532492673771788691249228525084350
64736678976428147256816445908500395735984531525257
43839447618252001002995986474934392031912373530348
90279707828316410467853221111185038393949098876934
99185103957030524842054978226052266623969696290912
62065708405421579671017427385453881863601239635798
20829801266246288068865668877798979473987230238247
49527334709405410810414075681476874449413893054685
46190328642878051102216570675333059642354382262444
38993792340248707417165485026334307688605025270759
01610393260689228287892794087358864922485791022436
24445707070984985844430966610936538653030364669594
76967178284883437613911281172447885586551610543065
14787910236471217552442102251053367012447952274819
00481089310402020098310320884685841418544241456596
26334011544907317142184869980708940712740547516036
62135351523296721447441728490155742083079271080919
96717485365429412868765890876552880251859193166077
97976751076034873182307984071675696769788692839500
05945551867763730700430284328177075933102671380943
07616965609822713795535831542604111354217015278035
86006210081096922574558739308997709575155478406911
74859261475214594889082987287342705602158022569085
01732123292077096677740014369902446472839291578477
88358444558219795660406331160150454201913206210785
93661325960526368002066838109940882911904375826624
09403176068823289108237226689648836305271010221643
90569394001376578110290812898376647004590453452885
20550091689311846478534990556158679885377931763722
43952572224038388288094723410575832474092873095288
78972789038455014192113605116945586859326437007467
48442697796916838300917236767873923557146775357785
28020876531321070498900116279614347663565905735145
72409452810217560183301707838666914676113306360778
91759361610227784704671368743877939103140273279140
56624045011288836524449659784978350228663807322131
57559259237360393112168016721719512301415348111619
00241781585412522803797561717643916071897648679849
97563662710778794047772409304137988054178773716441
48089929117051070342401110402835712329929728979237
00714482870246054740667566991865643313484948023810
28926749953741031867990350857779064436222360734834
41906907955272479039638087483865533311639412624450
00131693831480163799273940992249106824537848537693
98820455877226118574586703837411354089335869637601
19786069154928120577821940786792605446737190314118
86305477456761461494098696164738417069552438966156
75307945593562755745584801256380582246635663181861
96405491783174570586977933327150241188329273818870
28909685377025585906434585979066410243819875390774
33746553721069840324871303464809386177004586087604
31237380192248146500079779544456345707499679259506
24012454697552549598902086393629045574573747542708
18179102215255678814105726794066675852267106140104
01656827862532360444874772987400784321131875013007
25451946383716934488041020165359237477059120754539
65252500085022103125267399489759276704959346974082
80970285358464431522105477633148309454568072242170
89915295035623165802313564288320204073613778275405
96926622169270702962540872866642513195885377362142
33003097225312143651631904093544800949121984875084
51783783496699892882493990180174735447725230501507
16506292332423811560341015903313338902652318630116
01349602455931788440419524582987914458647628053090
13785255653462746933492393915410865850054996830315
28125499462255110317615396652424120429661841434068
98333400397523809999543607152331193682165888921209
24327751878194123476989708211117338605326092414841
05255375287166597307453383042931112374383573546233
03891646399147750263261516714553731720878216330987
39870373773998815029096151419119726863676637357337
08052401826932638421222389367015505835171364303170
31816182734208258616125272202930229963925323659943
78667176202674328809141373652774896830957870314140
13213302759544157294109278250230820996054387059081
71600722707149077628353189576373809486728121285199
67963354012104219378046462512556589182795310631699
72404490145918354522978134474131773808010322497363
96302820999436817927903986527297651767307149418623
59141824468561985137302295130119164806534782889152
92725554748514064112369866836300475929544893958915
