07199 42563 83857 81606 15303 34622 05530 02342 64559 80599 77329 89473 69635
45137 73512 54289 64483 30335 99595 24758 28968 64070 76677 28766 76407 04499
38094 21714 89839 12203 41000 98766 52218 66032 02055 84453 08473 65602 39230
44755 68983 53492 64346 11327 24690 11788 84223 03985 38911 63657 97497 25988
01096 74066 95716 91942 35568 71059 13695 88896 25805 38509 37901 95685 38663
34125 81269 06909 98402 42854 28922 84119 65782 67684 57061 28310 89471 50582
55245 77528 46501 70154 16957 10278 91113 45599 18825 04663 39269 92720 51065
72426 36948 64091 71307 80917 24264 69301 77654 77429 01504 16168 78673 07368
24344 15418 79142 04232 76829 78277 80038 99068 69805 68577 06115 46102 86866
87940 76019 66401 57029 88088 41493 64736 44747 97268 48074 98413 16491 76555
53262 55525 42075 83876 42823 77168 78354 13809 69238 33219 89861 59021 45217
81769 95074 28997 52628 55680 32225 97906 03528 09858 93497 95757 67435 99409
46295 10455 42982 77716 42340 53885 57654 63682 14028 92816 59142 14668 66981
70562 80479 58099 35379 10883 83258 46804 25076 31058 62252 82494 80889 31159
85655 92586 10906 27969 71249 87095 82909 38993 03904 79718 22319 09681 58209
15050 12348 13392 16816 46966 46034 89908 51339 27151 28578 53555 83787 04247
53833 89167 31475 82452 94171 06283 90729 42674 14143 14931 39530 47891 94663
73635 31827 35505 40986 81307 53982 45476 57656 13137 79226 80282 09143 15744
03514 76185 09355 02713 88575 66708 51468 02690 36753 19952 04611 36705 22088
61680 24124 22894 88382 94119 76307 41418 58582 69778 47648 41508 52149 39508
52373 60530 85522 72481 96979 26604 69848 72288 15579 91724 82809 79839 69100
97663 89537 34645 63961 78589 75128 86704 78642 53354 38636 46526 41389 34520
37048 84061 61078 28591 43196 22829 23159 64538 07356 52513 56823 30127 17471
75413 51135 48940 91607 23626 70264 98631 26960 62073 41289 08719 58328 55476
88672 28804 74006 88952 66045 34959 26274 83626 25819 89240 26163 47129 76739
44692 74501 23060 08754 27558 87423 86636 24953 81227 30161 40793 42762 23830
86530 55553 12683 06088 83802 85872 12314 85431 05968 50948 73330 10981 55621
26910 23978 81409 98622 93511 10231 06446 54674 39472 66767 41840 84751 71932
37727 30485 40361 76064 96947 26517 17133 81914 14226 15123 86409 62221 78634
79402 54428 30752 28118 67065 52456 32819 47095 89639 28557 18009 45562 84237
47678 23098 00551 23354 75327 60235 61398 93723 96718 70342 59395 23810 62965
10821 21949 17642 22334 87259 14715 54122 14683 96653 97259 11085 88613 59279
24823 56699 95262 48626 00315 48802 30632 85698 18644 33093 87861 35121 42591
41740 41192 32608 82092 37671 71065 27935 70885 73144 39371 93990 64349 18466
38983 68700 86146 32777 92950 50752 91973 60855 36159 56903 15443 31772 60694
55798 54254 22305 32625 76137 05839 91122 53711 35522 01197 23704 97695 42952
29133 81279 10241 45054 82524 23286 84734 80771 66576 89586 44808 83768 76678
56584 12306 64965 08283 94313 35093 97378 63014 03842 38859 52112 18723 90280
87663 62898 38192 55545 44422 54878 88931 77587 29312 79885 86495 34559 81816
56297 85484 74404 89861 11278 32778 35103 00522 79131 59638 38543 15594 05869
27117 11040 08098 04956 37401 43513 07721 77042 95782 48771 72615 71230 72638
42088 82047 13576 69100 92994 17916 31413 47888 84611 99606 88340 14465 70195
47066 71890 62482 78783 74220 20653 02661 36568 38170 57189 81352 10601 31559
76392 84620 20339 99011 84008 27832 21229 35934 41392 56842 96026 91924 00288
75443 94315 95025 98428 57258 22567 33945 17525 29042 88557 32710 07913 18119
89800 58908 58813 35250 33298 71094 56161 12485 26323 14551 45338 63806 48499
28346 07594 71143 15491 59461 75255 80573 56340 19815 81595 95202 34701 82427
07344 88584 19812 51100 85322 75330 33284 88785 88506 50287 89391 68098 91122
85254 65188 70818 45329 14395 17947 84711 57605 91652 97780 31902 97165 23997
00593 05313 46730 97883 48757 83999 56314 52846 69830 16327 11259 22961 08560
67617 55575 95339 84529 04697 65977 98605 01705 22530 45489 47805 25822 05229
85034 91685 52073 88972 52241 31041 14006 94188 49370 26406 34540 99812 12019
10366 48999 55923 45766 42580 05326 82660 00101 31321 02833 16765 68089 58410
99493 53483 09392 52923 04766 14206 89033 48548 16579 08087 13396 90768 24983
07059 29962 07788 54754 93068 45027 16490 48827 15117 06809 87496 64720 40922
64142 99054 58632 66415 84877 58641 00230 68033 66269 86288 82932 88192 38525
10221 75378 67959 52174 98025 46436 02424 89238 56098 79466 50042 85720 79701
83760 96640 61862 19422 43326 61130 33029 32276 00441 87709 23304 02515 53343
15820 83194 59995 31701 32516 43209 19002 37393 52857 22350 65512 33103 89798
67949 87037 27812 76634 42027 45770 81077 69731 31875 29548 54298 65522 51797
77917 23294 51204 05335 54781 20930 51960 82254 16537 33546 35528 40243 44019
44348 59004 98433 40983 24782 15775 02494 53996 03800 35141 61401 50689 52685
79744 01917 58622 03510 67424 03977 54908 32551 75100 74628 62337 82163 62944
53205 60487 60567 67260 35077 62963 23878 72942 70443 29088 74386 39062 16251
62133 41644 12923 48604 01415 21298 57924 14854 15867 12198 51099 44936 44558
43746 55736 60078 41920 61074 92526 64062 16691 86942 68654 57068 33390 21268
56665 91029 00317 64122 90334 10260 53557 51226 65843 10973 96621 02271 98935
59657 30306 97261 76647 87022 31279 76931 80528 77886 62252 21604 17644 01735
27582 89206 63579 25715 58728 42430 89880 02882 56467 36036 86653 58336 24376
53413 34707 24975 62887 56980 81543 15049 04494 66502 99577 36322 59921 97619
96085 50399 58001 50446 85775 87624 17462 81820 56933 61332 01192 79486 05439
40737 65449 36559 32382 31886 73115 98937 24679 46797 33856 35987 81147 50234
77302 21985 95347 62340 60061 46003 40097 36867 08107 13069 81844 85952 49310
49824 29321 95440 84758 76465 49613 11856 78401 55555 60158 31549 28698 39268
89600 83926 38630 82360 41555 64048 80621 38576 20052 49754 62150 87586 22216
38985 63112 38449 83427 09746 23998 52734 51625 25467 63714 42662 66679 76408
39054 98904 63591 19650 90056 53794 32676 88137 96107 89135 67502 49090 13422
67290 08863 66375 06903 31260 17484 85121 10066 81515 28615 96065 80747 39944
96745 19251 31005 38263 89465 51600 90683 60517 96796 77528 48280 27482 24304
15125 17515 80776 14742 38317 44253 49746 61574 26769 68041 15561 52596 25206
05735 14427 36431 36597 87116 36395 85212 45928 75920 29461 97689 53406 15732
46821 02369 27831 00627 79582 16943 74510 74379 28766 54158 67368 15831 78197
92050 65820 00620 65381 51301 59265 64968 92678 45660 60838 21274 07330 39879
86241 14748 86157 07161 88954 03470 91112 80012 46853 74167 65305 54373 47037
46787 12804 96761 66272 39013 88737 58112 55271 24821 47209 73548 31119 27786
88271 62629 16212 78323 13682 70628 90101 11954 28299 34399 68717 92733 95553
50598 91161 37057 59269 30908 73002 24452 47748 93837 99159 22629 59351 42299
95547 90947 96613 65781 38495 98025 00074 83252 26981 39435 56451 96686 40550
51816 55782 50138 71104 36282 11266 46334 07535 03744 37314 48296 04212 27561
49424 59700 05956 98445 92861 41981 05799 48090 87024 36097 66623 83664 50573
42087 96034 12174 91173 13340 71828 41754 05413 71800 81519 75103 72509 12277
56391 94537 55019 44923 48881 31807 83113 73847 07914 52533 98315 81969 71425
07313 96091 39317 59871 22299 24443 82643 57498 55454 56592 45767 88156 15756
82153 62102 47565 00367 42278 01636 70597 89602 02621 83954 16110 68426 99324
28314 79241 03987 29977 09307 45895 80530 27485 36964 34326 65054 80827 43624
38423 18463 26080 66458 36028 35649 61809 21355 50645 61165 35471 61522 97425
86208 78902 32645 34409 27136 23694 69836 13424 87932 70325 68360 22734 30793
22919 35024 17076 09642 78885 44903 35597 87312 06737 61311 14705 97875 18111
60582 05341 82688 35474 67037 51637 72508 20058 17930 29881 53606 38775 06930
52920 82559 71587 02247 17812 56541 11483 57005 95120 76611 27153 99592 34122
59798 91448 44099 62610 21486 04449 83915 70226 74646 39490 01460 09961 53042
62527 52690 90607 92806 96738 50728 37075 41975 58728 81246 65095 16566 43697
96332 68006 62766 72461 59149 01714 26631 40694 05890 40559 58321 61171 57380
05545 03336 18266 57350 55309 82624 10257 74225 56532 26253 93960 66318 91780
49018 26002 76102 67432 69025 85089 51340 58685 92881 39041 70940 53145 73998
76730 01112 23309 67611 38894 87080 72570 39873 02639 42295 06543 82162 84702
53373 00390 49282 30243 55250 70792 30333 20095 55812 61603 34728 42264 73244
38778 04677 94591 82025 65163 05220 83919 98339 65606 31084 98670 46762 46259
94794 38491 34866 58188 67455 71390 69391 04848 94468 01985 84764 43878 83615
51174 45606 09402 95611 28379 67062 71042 87836 26422 79281 21706 15747 60068
57146 90287 28573 55077 44222 62442 66212 57779 00100 46988 17195 43378 09821
68863 84516 11446 12011 95094 54630 71500 74006 86784 35172 39262 35917 20505
84632 81942 92309 39378 12562 31362 37497 00640 88548 04425 10020 53000 28155
31841 40555 86630 13502 50747 46289 79738 61967 35987 15994 03459 20815 81793
03515 32046 28402 63761 94644 08715 22024 80078 43351 39754 45465 97398 60922
16735 37189 85568 34120 46021 79044 38922 93135 90405 79880 39635 82495 81435
18782 42662 29467 64058 13368 76847 03947 94995 11775 10019 16962 59592 47945
38452 41774 40589 99405 94958 42673 61211 58265 30520 52409 01613 98219 29381
32164 62336 37523 83706 01206 79984 46258 46980 29581 44795 62546 64436 57884
52811 06906 19442 61650 66186 13988 33871 39555 01071 89572 88889 37280 53179
20878 02981 22280 10710 99639 10803 53474 74781 84109 09937 41459 83724 14502
20966 75720 04536 37946 00069 76317 79039 67464 16212 96243 50453 03995 20930
46942 50802 55490 90668 73593 38872 97150 23854 71020 45355 48789 01870 33675
22228 25765 78047 54421 91798 98332 72366 49069 38225 27434 82174 37488 01106
33814 63184 84879 48177 98760 91001 80679 76999 49795 11994 57416 49716 29629
11675 95630 83025 91347 76603 14212 06831 68237 83643 84630 96844 89238 87040
99767 61913 98990 68240 32463 76313 43283 03097 51646 16747 25116 09814 36102
68181 95326 76173 93208 41163 43782 85179 19104 76865 53137 88809 12966 84753
90474 26582 11681 86617 90387 92833 87176 54400 58253 24576 28675 26043 83839
94140 82410 73366 48746 74555 24546 15962 69520 43915 48249 62248 46061 36083
70964 33948 45380 85492 99251 51427 50657 39775 37630 80855 31323 59947 50564
13688 76635 60563 36266 86033 30013 25263 00123 00678 12946 44294 87288 99075
40570 26491 69798 14014 86577 12137 94718 16911 75606 50256 47251 11195 58782
12234 54405 93121 67557 68869 79279 68582 42047 16572 70364 72214 21882 46660
40100 37760 56345 43499 71649 10321 93800 16453 49908 59378 18048 36112 72337
52669 29897 10765 15294 07059 74378 86603 40733 80954 39299 53684 38362 52474
40410 34696 21622 06912 80087 98826 42498 36178 02575 38453 93469 89373 59080
47561 58947 82376 93992 78828 43969 21076 24452 75248 12232 15346 39690 15508
35921 86788 01175 70568 64278 66964 56619 07649 86363 52018 22519 41199 05002
42709 66359 22390 68273 29342 16541 05033 22356 63339 85342 70065 30041 78857
28597 17497 43344 48755 16088 39352 08798 73464 61010 48260 12757 83969 38359
00652 86038 16827 89847 59404 11199 83887 91339 60718 66140 39368 68431 94545
74823 05237 61330 61142 83259 00507 33675 07797 43302 52070 78010 50569 94521
03132 22881 13378 60683 16073 47916 94508 53710 59652 00886 36935 97439 89393
93126 29193 95285 51990 08909 60494 88725 29094 84390 77941 01386 78427 47677
41585 58182 93201 60255 62809 64315 49425 62650 92497 62977 00501 08677 31063
42187 88361 34654 44996 48782 50464 78331 33294 55159 17971 65117 80740 37431
86033 38890 84329 88382 34347 86490 27248 37291 24583 31994 07873 94419 74904
19316 30353 68929 71218 39091 51093 84292 56910 32619 26769 84404 89592 43359
16433 74172 71564 91900 40593 56495 01696 97321 66377 50327 36842 38035 53352
64679 10366 28881 26042 76433 72943 39914 35584 20095 21159 82927 46021 83698
21742 85112 35841 50575 58614 25077 71791 36484 02390 39764 43917 40112 17735
81054 95968 81258 05631 43982 13080 34178 47213 01738 08510 50334 52200 37156
03367 45158 38815 07716 76472 03902 63804 83448 46774 76655 07228 19258 27460
14968 32650 06609 09946 00886 74111 19850 70908 23258 45485 56388 77738 75149
22508 61682 83076 90398 34507 08470 56159 24210 12532 44843 14911 94522 85811
99051 93301 01885 40031 94166 19821 45329 10763 86090 06191 43063 03419 58846
86969 89879 61952 37659 27746 42987 77865 07359 00810 34475 35703 43425 92000
93493 81637 39749 35346 82372 64041 71637 38191 97473 01285 79174 92516 56317
31576 91652 82532 23192 95345 84150 89756 29347 39477 14563 06377 62264 13441
65578 27589 45631 61509 26880 39830 57086 20271 17904 41318 68037 19788 43528
20419 53648 00166 72253 53275 69814 58958 12991 51259 59439 73903 15284 54545
91487 92178 79170 85033 18375 41142 37140 46302 53869 81903 22198 77189 53566
67395 42988 51667 89736 06895 55501 20989 50294 10351 79651 21615 47727 04067
67377 28778 63027 55539 08689 14634 19257 76855 67598 40854 85798 96211 07743
46306 89462 07660 74448 86345 01405 64356 04731 56782 61052 53902 39949 44979
88019 99778 88801 29950 33685 99641 74391 24392 86665 44907 47519 33085 54618
54285 92612 92867 40013 41779 18261 68464 47294 85057 82048 61317 33476 75478
59225 03730 93555 02945 79784 78900 14828 80351 27068 23371 11873 21011 60459
92972 53379 21321 08057 91916 49201 82694 60050 50816 97999 18699 15348 91103
53006 89523 76499 24488 78141 07212 14078 97680 89082 64430 58446 98893 85314
40529 15970 57897 51074 01413 47591 22131 02566 27539 77165 35968 81292 02077
95680 52012 48779 85793 11251 26568 11095 88915 77384 86694 18426 54860 83083
85498 85018 55703 32637 17413 30889 17694 45416 00810 19306 50140 84394 06848
73335 94970 12599 85417 53174 24421 36843 09065 46491 78958 61634 80670 69253
92699 41914 51460 15893 56922 13838 16606 14482 25604 45581 39209 17576 11288
47243 11716 53287 71835 39601 01761 35094 58435 24569 56183 64619 08754 84028
42130 40929 36726 50162 49092 74610 73707 02159 23509 24489 05250 96409 49171
14813 55433 59729 75749 81781 23069 60559 14841 60285 06171 17747 71315 66520
47811 56418 01408 84567 11090 08667 31755 72597 05160 13514 40309 14466 33365
54771 27469 35715 85614 01154 76164 45757 11949 65462 84092 43114 21745 49519
90569 88676 69155 10224 72591 31064 81719 02269 34558 62112 64304 21463 99158
82830 31537 43218 17807 80528 73094 83901 80904 06579 70213 25266 07208 96710
53166 23971 32298 55463 99160 96034 03598 85497 77264 79428 69447 38912 99325
51811 36016 91508 66994 48396 63839 26596 38304 02411 76516 75744 95630 44002
83050 63251 10679 41206 98211 20778 07282 65471 67746 18300 48366 79167 94604
48604 69753 93142 67211 95653 81783 33853 04364 04877 34591 87412 74695 88635
68163 43025 21925 33204 63948 13336 07563 64088 30089 54563 77287 29052 57234
90451 22225 40650 33290 15265 67254 22223 90660 48737 87191 40949 19618 84351
41511 39826 65836 87754 83069 74497 11964 63324 37832 31265 78604 76758 65824
31616 92609 70237 21183 46478 66655 04295 66848 54903 11488 48423 28620 25323
66444 36139 81488 98972 03501 37022 96765 04606 32473 45918 27541 09801 61792
37317 19585 39964 48284 50416 98640 40782 54316 92747 14803 39759 17656 57544
07829 04515 66775 45114 21174 33990 43637 79533 23324 08743 72061 89828 23931
32591 28560 46061 34420 00196 34275 66674 14612 00006 04422 16323 76295 85883
34438 46793 52570 63060 77573 01089 62935 76745 06292 69030 96076 27810 69778
90246 71274 54491 67483 11823 25370 47383 33706 38629 65387 09566 12572 23445
79962 98936 73488 82236 74701 65327 15674 75849 15485 04127 76487 83956 17133
81564 33912 19087 48444 09116 07614 17813 96965 29567 66805 05381 61857 63847
05616 70595 56462 15845 84307 79235 12864 75815 31528 54956 20004 11589 08199
50549 12909 31546 30939 25640 65320 96091 27968 39565 07325 47322 66892 55529
33394 02303 77182 47768 42822 12282 41038 80061 85943 33042 61583 27062 65334
35242 92967 41229 72963 95180 17722 34759 26065 10991 09985 73548 06891 52585
74781 29391 22741 12730 90475 01575 33163 89841 71706 82733 91356 38330 08651
53625 85532 48746 90060 47057 90597 79434 33536 57153 83920 12517 10878 27159
12602 60163 15977 41558 41696 53273 39448 72469 88173 42589 86757 77661 52670
70010 86014 01072 36199 60625 41923 64679 89427 85540 08548 13773 77921 69836
42455 45858 89480 92860 25372 48757 69661 37662 66787 54343 46370 85621 41383
34978 55469 50572 57555 82167 44770 70248 71920 85655 54328 80365 86145 33173
15383 20295 30506 20452 46474 33254 65553 39695 29792 87725 74103 49198 74392
97555 10314 17602 43831 61198 27515 71694 41100 79267 81114 96283 92064 59007
35716 60997 95716 97675 17429 38935 84904 03139 42636 89911 20213 42272 52888
52133 87427 10384 33209 70945 60649 18402 48580 59741 02171 44180 04430 67987
05137 93741 64973 06348 15700 74577 79767 21348 37353 20764 69180 90349 80497
34639 34048 29649 54071 72819 52846 11233 06341 73479 69305 63835 11585 15260
56925 17581 41384 59746 29923 51089 35906 34088 20476 54886 81464 95786 62847
36618 45197 88329 98374 26400 20025 87133 69937 61961 26696 38891 76037 26064
98061 97571 42430 61612 91480 67933 57165 63543 63137 37642 68778 09994 87830
02733 60406 59438 73773 60803 29913 39842 50228 97204 74856 24521 64943 44533
79607 51538 16265 12949 76912 83622 97697 14531 37216 89949 20425 54723 27630
37412 75421 15232 85626 14905 29275 95805 06023 90400 13317 03635 84327 54290
61165 30655 38721 29355 32550 98607 18340 99239 55775 75964 49191 88483 51710
46127 23566 95082 90593 37296 63166 85190 55418 14219 13155 37353 26161 86952
31246 95013 31277 39254 32722 82632 92963 27935 98819 19130 63034 27015 78215
72017 75953 37947 51532 92367 63028 77895 14524 87162 83944 63958 51608 60428
69603 93206 19087 37611 26712 08493 05444 42652 47873 39061 41021 94733 78584
35632 13863 78477 83360 44047 07687 17684 40456 13622 61968 98706 58784 79274
60179 69111 21497 64867 91907 33189 70402 98653 98026 35180 94143 60959 08799
27809 26224 08622 28075 56935 71320 81258 71003 84584 28361 40602 49805 21332
17924 47932 57952 24799 33728 65074 79269 51828 02443 09156 22757 76249 47958
44157 99320 36039 33218 86249 83048 05725 04495 56492 57536 06055 33960 94623
33837 54378 79401 99880 13612 58526 78900 76688 41849 91570 32960 00000 00000
00000 00000 00000 00000 00000 00000 00000 00000 00000 00000 00000 00000 00000
00000 00000 00000 00000 00000 00000 00000 00000 00000 00000 00000 00000 00000
00000 00000 00000 00000 00000 00000 00000 00000 00000 00000 00000 00000 00000
00000 00000 00000 00000 00000 00000 00000 00000 00000 00000 00000 00000 00000
00000 00000 00000 00000 00000 00000 00000 00000 00000 00000 00000 00000 00000
00000 00000 00000 00000 00000 00000 00000 00000 00000 00000 00000 00000 00000
00000 00000 00000 00000 00000 00000 00000 00000 00000 00000 00000 00000 00000
00000 00000 00000 00000 00000 00000 00000 00000 00000 00000 00000 00000 00000
00000 00000 00000 00000 00000 00000 00000 00000 00000 00000 00000 00000 00000
00000 00000 00000 00000 00000 00000 00000 00000 00000 00000 00000 00000 00000
00000 00000 00000 00000 00000 00000 00000 00000 00000 00000 00000 00000 00000
00000 00000 00000 00000 00000 00000 00000 00000 00000 00000 00000 00000 00000
00000 00000 00000 00000 00000 00000 00000 00000 00000 00000 00000 00000 00000
00000 00000 00000 00000 00000 00000 00000 00000 00000 00000 00000 00000 00000
00000 00000 00000 00000 00000 00000 00000 00000 00000 00000 00000 00000 00000
00000 00000 00000 00000 00000 00000 00000 00000 00000 00000 00000 00000 00000
00000 00000 00000 00000 00000 00000 00000 00000 00000 00000 00000 00000 00000
00000 00000 00000 00000 00000 00000 00000 00000 00000 00000 00000 00000 00000
00000 00000 00000 00000 00000 00000 00000 00000 00000 00000 00000 00000 00000
00000 00000 00000 00000 00000 00000 00000 00000 00000 00000 00000 00000 00000
00000 00000 00000 00000 00000 00000 00000 00000 00000 00000 00000 00000 00000
00000 00000 00000 00000 00000 00000 00000 00000 00000 00000 00000 00000 00000
00000 00000 00000 00000 00000 00000 00000 00000 00000 00000 00000 00000 00000
00000 00000 00000 00000 00000 00000 00000 00000 00000 00000 00000 00000 00000
00000 00000 00000 00000 00000 00000 00000 00000 00000 00000 00000 00000 00000
00000 00000 00000 00000 00000 00000 00000 00000 00000 00000 00000 00000 00000
00000 00000 00000 00000 00000 00000 00000 00000 00000 00000 00000 00000 00000
00000 00000 00000 00000 00000 00000 00000 00000 00000 00000 00000 00000 00000
00000 00000 00000 00000 00000 00000 00000 00000 00000 00000 00000 00000 00000
00000 00000 00000 00000 00000 00000 00000 00000 00000 00000 00000 00000 00000
00000 00000 00000 00000 00000 00000 00000 00000 00000 00000 00000 00000 00000
00000 00000 00000 00000 00000 00000 00000 00000 00000 00000 00000 00000 00000
00000 00000 00000 00000 00000 00000 00000 00000 00000 00000 00000 00000 00000
00000 00000 00000 00000 00000 00000 00000 00000 00000 00000 00000 00000 00000
00000 00000 00000 00000 00000 00
(end 9000! -- 31682 digits)

10000!
28462 59680 91705 45189 06413 21211 98688 90148 05140 17027 99230 79417 99942
74411 34000 37644 43772 99078 67577 84775 81588 40621 42317 52883 00423 39940
15351 87390 52421 16138 27161 74819 82419 98275 92418 28925 97878 98124 25312
05946 59962 59867 06560 16157 20360 32397 92632 87367 17055 74197 59620 99479
72034 61536 98119 89709 26112 77500 48419 88454 10475 54464 24421 36573 30307
67036 28825 80354 89674 61117 09736 95786 03670 19107 15127 30587 28104 11586
40561 28116 53853 25968 42582 59955 84688 14643 04255 89836 64931 70592 51717
20427 65974 07446 13340 00541 94052 46230 34368 69154 05940 40662 27828 24837
15120 38322 17864 46271 83822 92389 96389 92827 22187 97024 59387 69380 30946
27332 29257 05554 59690 02787 52822 42544 34802 11275 59019 16942 54290 28916
90721 90970 83690 53987 37474 52483 37289 95218 02363 28274 12170 40268 08676
92104 51555 84056 71725 55372 01585 21328 29034 27998 98184 49313 61064 03814
89304 49962 15999 99359 67089 29801 90336 99848 44046 65419 23625 84249 47163
17896 11920 41233 10826 86510 71354 51684 55409 36033 00960 72103 46944 37798
23494 30780 62606 94223 02681 88522 75920 57029 23084 31261 88497 60656 07425
86279 44882 71559 56831 53344 05344 25446 64841 68945 80425 70946 16736 13187
60523 49822 86326 45292 15294 23479 87060 33442 90737 15868 84991 78932 58069
14831 68854 25195 60061 72372 63632 39744 20786 92464 29560 12306 28872 01226
52952 96409 15083 01336 63098 27338 06353 97290 15065 81822 57429 54758 94399
76511 38655 41208 12578 86837 04239 20876 44847 61569 00126 48892 71590 70630
64096 61628 03878 40444 85191 64379 08071 86112 37062 21334 15415 06599 18438
75961 02392 67132 76546 98616 36577 06626 43863 80298 48051 95276 95361 95259
24093 09086 14471 90739 07685 85755 93478 69817 20734 37209 31048 25475 62856
77776 94081 56407 49622 75254 99338 41128 09289 63751 69902 19870 49240 56175
31786 34693 97980 24619 73707 90418 68329 93101 65541 50742 30839 31768 78366
92369 48490 25999 60772 96842 93977 42753 62631 19825 41668 15318 91763 23483
91908 21000 14717 89321 84227 80513 51817 34921 90114 62468 75769 83537 34414
56013 12261 52213 91178 75968 83673 64087 20793 70029 92038 27919 80387 02372
07803 91403 12368 99760 81528 40306 05111 67094 84722 22487 03891 99993 44207
13958 36983 06396 22320 79115 62404 42508 08919 91431 98371 20445 59834 40475
56759 48921 21014 98152 45454 35942 85414 39084 35644 19984 22485 54785 32163
62403 00984 42855 33182 92531 54206 55123 70797 05816 39346 02962 47697 01038
87422 06441 53662 67337 15428 70078 91227 49340 68433 64428 89847 10084 06416
00093 62393 52612 48037 97529 33439 28764 39831 63903 12776 45072 24792 67851
70082 66695 98389 52615 07590 07349 21519 75926 59192 70887 32025 94066 38211
88019 88854 74826 60483 42256 45770 57439 73122 25970 06719 36061 76351 35795
29821 79429 07977 05327 28326 75014 88024 44352 86816 45026 16566 28375 46519
00617 18734 42260 43891 92985 06071 51539 00311 06684 72736 01358 16706 43786
17567 57439 18437 64796 58136 10059 96386 89552 33464 87817 46143 24357 32248
64326 79848 19814 58432 70303 58955 08420 53478 84933 64582 48259 20332 88089
02578 23882 33265 77020 52489 70937 04721 02142 48413 34246 52682 06806 73231
42144 83854 07418 21396 21846 87010 83595 82946 96523 56327 64870 47571 83516
16879 23506 83662 71743 71191 57233 61143 07012 11207 67608 69785 15597 21846
48598 59186 43641 71685 08996 25516 82091 07935 70231 11851 81747 75010 80462
25855 21314 76489 74906 60752 87708 28976 67514 95100 96823 29689 73200 06223
92888 05665 80361 40311 28546 59290 84078 03397 49006 64953 20587 31649 48093
88381 61986 58850 82738 24680 34897 86475 71166 79890 42356 80183 03504 13387
57319 72630 89790 94357 10687 79730 16339 18087 86847 49436 33533 89337 35869
06405 84841 78280 65196 27582 64344 29258 05842 22129 47649 40294 86226 70761
83298 82290 04072 39040 37331 68207 41741 32516 56688 44307 93394 47019 20890
56207 88387 58534 25128 20957 35930 70181 97708 34016 38176 38278 56253 95168
25426 64461 49410 44711 57953 32623 72815 46879 40804 23718 58742 30262 00264
22182 26941 88626 21210 72977 76657 40101 83761 82280 13685 75864 42185 86301
15398 43712 29910 70100 94061 92941 32232 02773 19395 94670 06713 69537 70978
97778 11828 82424 42920 86481 61341 79562 01747 18316 09687 66104 31404 97958
19823 64458 07368 20940 40222 11181 53005 14333 87076 60706 31496 16107 77111
74480 59552 76434 83333 85744 04021 27570 31851 52729 83774 35921 87855 85527
95591 02866 44579 17362 00722 18581 43309 97729 47789 23720 71794 28577 56271
30092 39823 97921 95758 11972 64742 64287 82666 82353 91568 78572 71620 14619
22442 66266 70840 07656 65625 80710 94743 98740 11077 28116 69918 80626 87266
26565 58334 56650 07890 30905 06560 74633 07802 71585 30817 69122 37728 13510
58452 73265 91626 21964 76205 71434 88021 56308 15259 00534 37211 41000 30303
92428 66457 20732 84734 81712 03416 81863 28968 86504 82873 67933 39844 39712
36735 08452 73401 96309 42769 76526 84170 17499 07569 47982 75782 58352 29994
31563 33221 07439 13155 01244 59005 32470 26803 12912 39229 79790 30417 58782
33986 22373 53505 46426 46913 50250 39510 09239 28658 51086 82088 07066 27347
33200 35499 57203 97086 48806 60409 29854 60700 63394 09885 83634 98654 66136
72788 07487 64700 70245 87901 18046 51829 61112 77090 60901 61520 22111 46154
31583 17669 95706 09746 18085 35939 04000 67892 87854 88278 50938 63735 37039
04049 41268 46189 91272 87156 26550 01270 83303 99502 57879 93170 54318 82752
65922 58149 48950 74663 99760 07316 92731 08317 35883 05661 26147 82997 66318
80700 63044 63242 91122 60691 93127 88815 66221 59152 32704 57695 86751 28219
90938 94268 66019 63904 48971 89185 97472 92531 03224 80210 54384 10443 25828
47283 05842 97804 16240 51081 10326 91400 19005 68784 39634 15026 96521 04892
02721 40232 16023 48985 88827 37142 86953 39681 75510 62874 70907 47371 81880
14223 48724 84985 58198 43909 46517 08364 36899 43061 89650 24328 83532 79667
19018 45276 20551 08570 76262 04244 50962 33232 04744 70783 11904 34499 35144
26255 01701 77101 73795 51124 74615 94717 31862 70156 55712 66295 85512 50777
11738 33820 84197 05893 36732 37244 53280 45653 71785 14960 30880 25802 84067
84780 94146 41838 65922 66528 06867 97884 32506 60537 94304 62502 87105 10492
93472 67471 26749 98926 34627 35816 71469 35060 49511 03407 55404 65817 03934
81046 75848 56259 67767 95976 82994 09334 02638 72693 78365 32091 22877 18077
45115 26226 42548 77183 54611 08886 36084 32728 06227 77664 30972 83879 05672
86180 36048 63346 48933 71439 41525 02594 59652 50152 09595 36157 97713 55957
94965 72977 56509 02694 42808 84797 61276 66484 70036 19648 90604 37619 34694
27044 40702 15317 94358 38310 51404 91546 26087 28486 67875 05416 74146 73164
89993 56381 31286 69314 27616 86353 73056 34586 62695 78945 68275 06581 02359
50814 88877 89550 73939 36534 19373 65700 84831 85044 75682 21544 40675 99203
13807 70735 39978 03633 92673 34549 54929 66687 59922 53089 38980 86430 60653
29617 93164 02961 24926 73080 63803 18739 12596 15113 18903 59351 26648 08185
68366 77028 65377 42390 74658 23909 10955 51717 97705 80797 78928 97524 90230
73780 17531 42680 36391 42447 20257 72889 17849 50078 11788 93366 29750 43680
42146 68197 82427 29806 97579 39174 22294 56683 18581 56768 16288 79787 06245
31246 65172 76227 58295 49342 14836 58868 91929 95874 02095 69600 02435 60305
28982 98663 86892 07699 28340 30549 71026 65143 22306 12523 19151 31843 87690
38237 06205 39920 69339 43716 88046 64297 11476 74356 44863 75026 84769 81488
53105 35406 33288 45062 01217 33026 30676 48132 29315 61043 55194 17610 50712
44902 48732 77273 11209 19458 65137 49319 09651 62497 69165 75538 12198 56643
22079 78666 30039 89386 60238 60735 78581 14394 71587 28008 93374 16503 37929
65832 61843 60731 33327 52602 36051 15524 22722 84472 51463 86326 93697 63762
51019 67143 80125 69122 77844 28426 99944 08291 52215 90469 44372 82498 65808
52051 86576 29299 27755 08833 12867 26384 18713 27778 08744 46643 87535 26447
33562 44113 94476 28780 97465 06839 52982 10817 49679 58836 45227 33446 94873
79347 17907 10064 97823 64660 16680 57203 42979 29207 44682 23228 48665 83952
22114 46859 57285 84038 63377 27803 02275 91530 49786 58739 19513 65024 62741
95899 08837 43873 31594 28737 20297 70620 20712 02130 38572 17593 32111 62413
33042 27737 42416 35355 35879 77065 30964 76858 86077 30143 27782 90328 89479
58184 04378 85856 77729 32094 47677 86693 57537 46004 81423 76741 19418 26716
36870 48105 69111 56215 61435 75162 90527 35122 43500 80604 65366 89174 58196
54948 26086 12260 75029 30627 61478 81326 89552 80736 14902 25258 19682 81505
10333 18132 12965 96649 58159 03042 12387 75645 99097 32967 28066 68384 91662
57949 74792 29053 61845 56374 10347 91430 77156 11686 50484 29249 02811 02992
52967 87352 98767 82926 90407 88778 48026 24792 22750 73594 84058 17439 08625
18779 46890 04594 20601 68605 14277 22444 86272 46991 11462 00149 88066 27235
38837 80938 06285 44384 76305 32350 70132 02802 94883 92008 13213 54464 50056
13498 70178 34271 10615 81772 89819 29065 64986 88081 04556 22337 03067 25425
12772 77330 28349 84335 95772 57595 62247 03707 79338 71465 93033 08862 96994
40318 33266 57975 14676 50271 73462 98883 77739 78482 18700 71802 67412 65997
15872 80354 40478 43247 86749 07127 92167 28985 23588 48694 35466 92255 10133
76063 77915 16459 72542 57116 96847 73399 51158 99834 90818 88281 26398 44005
05546 21006 69887 92614 55821 45653 19696 90982 72539 34515 76040 86134 76258
77816 58672 94410 77535 88241 62315 77908 25380 54746 93354 05824 69717 67432
45234 51498 48302 71703 96543 88773 76373 58191 73658 24542 73347 49042 42629
46011 29988 19165 63713 84711 18491 56915 05476 81404 11749 80145 42657 12394
20442 54410 28075 80600 13881 98650 61375 92885 39038 92264 43229 47990 28648
