9194136626096843562930940688453312815196078263151205906778274367268093020235619
2565277799832778093088042862244314818881308727892478593056358050450415170068809
0928491840268317293199324368240635606210741374409271099866715587786307360590255
1803057308291283372242434278727029722156391730857836326082549636730876245036528
1130681738481279360578385745550452723415065328436702207718113605476172577053434
1374446589015685312053197530583712064346166896698990414307407348448732732569034
0767215540214795789077373368732923598786034661608237229752527909158327460540708
8944272579314418740370585743626210248364209062934691908729484912305610287973960
7982183648241513843515027085011420918301873593095688134849251576265446154961526
8400169502195184583548135655878539689127447806503627550609087078097810411065545
9755603454239651543417348698141818459615347367139817954271266989928808211024986
8139150897821226223985108360029485437810161514382238388993012916611510873797570
92832305433205

Euler(566)
-144558990488479140918709942117460581245693279001804336801487580157245197598654
5660668280449532950713162526931196350955618621368591629984230561056450715778844
5274468629598377019182713188318843839074944400014420291571240801669057381171122
9882471933989352119843901922184086287065446644882426368955025350074787495687821
9427497215281022376211696119317444114777120909424802508341034842964383955130709
4808952256830269026006370264449939522793893001279845982578352322275351671277393
8919469497445175409981544222835821739691685380370759534881908301490963109735041
5411609306134358921705618502778331215692633830449954001868235187107249299097288
8072435674788328211672456952757075547948998119323022838948167430025357608217064
4513346846195489314979028568442232456071675089185472337859379964583962317426929
5537009128230819461387224905941228445367834880443594769277043799734190568515848
0646951889620747123648367255555924888337172780199673207270036923896309499725952
4759715238217564933980238091599344197843392404102154897038495608781533005560391
1872118691014285197930968469267276885314416104353478677077868438265203824816942
7397172228086152025973791093789596374197615780460792090532279938804887330744178
16937207374055184461

Euler(568)
1886847267581221588752078739024249832019774792601157019003635779932448407187768
2241812165430745456431834743265332195380247218542820264091482838694140928068146
6729289564061631509747649923849992040540171477485165616045087658128975551279500
2159058563215306348637411291686199747358416626217074768514986493263894703184580
8717545673110470538108723048541681234416151968223641109827472929880844531625862
5469136990840205945022633231199296248903152401902281118912109450083168872454287
7696912991074989677550834312198530951051654349252566694408212596563061445668094
8465811278234472009503215859919913973620125853433563171281592807572560471516441
7985164358875883342392380783103620828628197180779710687413373764389015882943323
9343274170503407045887929579160910104271075222544705621496528390728504037709111
1795060420780717390013613212709960925673469532085081581924461848280603021129502
5760928953827991856960920318831787968463415130264875404854563986760243780092263
5226347319492597259919563692356063904299314429076267843004010878766157528034543
2137844149792210923457471396760364699852591334107604561192554367870972700139261
8848298595702146032101547231177396369122345160142257098117901739519795178723579
685063538235620712074585

Euler(570)
-248018522090742489825600695394978078232359467376479164623323781148642172848306
1739975714931065340061607842671349946084326487099671491489203904882878730834103
7197940357208660755325813881119662772069323706221829942237780450280105163387576
6907636779089665129502624002494207709857301672414275736505500636086751315556023
0409498726775393890614619615024376839287717435251245690620739759351565681686011
1271299652750211553850807670730928419337582263577723482165235445427359896637826
9188206242815332644403870665931351195946768466414132169771638114759889518464873
7902734825509802943846329627831355268713346615592908341853590554170860162577306
3619589614025995042131934033764722073133251244343982810005084269101005584380480
1943870923494183365068597937515408706193826439233668993481088009520321001011300
8163468888345718213200381138800243954097732750951603481943181316888745783566964
2685316708063578670459856189733837744603104280101140157579891345124685717886673
4817372686376096140609179954464756254143810883708987993482490059584409552867973
2837312566972612012982428015923560168459370198253770636927486476972556622991203
0314105706486448367855573646218154565142262260839850302484451269753616131190284
249824291839709355663000754921

Euler(572)
3283042450137537817190606570454760398343817806806873275949065927028507286101468
7550329889893457951045618982692641951988883773803678606431943611612895339245369
1367105968956815244232909464676949616962741565406818487867743363916026199613360
3406809015861741077201357454391580609145340939022114487596568019431621456377860
7391270755000070843792412380524442017102336204230479122650274999828557497154181
9645541760571106591445364831232678245464427411757122718580773039695805794782195
6547699476968141924295135720201359468741207797389938230646500158833580361155466
2693402841101093314212796168705670123818436481003311700191549357458865688509049
0898960451905489890488840652053720449294977476776799847756828463664173349901548
9323797040929028797153168092081678396525542993962725475822941060369763776356620
2297266785534033621424158165692488560868541561296967688478220433437446389087078
7535658961750937486070316430652108528401313623219252450878271609353213363702706
6108542434640110664306097941569987416743055551858581022987340257474861322482560
7712288680987726867661071931840375233660512509634030175474378661638281963430204
5132070078905287949566099474102554584883798382205493463549351160674577416476258
5839938579355968487291243105735965

Euler(574)
-437626143481882013565732356259353542480034361509118764096979009975477635182861
6654411842805365425372047728763487884325084652825956324592481297918848346449281
9973629212954489653264221901679739301036484066496317667985992289802387655037671
0282512136981081310928531170985051808803747545409450005569094653144617892790126
6207911456788471533364130183391514309334484739392206580882518408368909616374122
9372071725765274909335230772630641699470938979855206648855259541414075635718688
3596595516129151761882100855118653781725300732249891504355930921071941000580270
5343250366561495440376194991775953177782346222142708112310290562401481335312508
4583240828782548593299812711540569164064136801600426590292407534381789414674413
7775648768922516144768678350541440114349031614854584306163343955400747501868435
0423771287976012430776485323814836053763923677638714343775852230551206463684903
6490561665546965783828502966479695525877292214709305811371526564732978994455611
5980695053663622647843570787499527955218518355661235446922479420494776015026222
4310210371674110670095100285711325045480795427941574161172474292770440343777602
4942137302216193952904559807497195121825299430302654476422701227627795638857368
2590412139945715516298853544648165745381

Euler(576)
5874269031703088682880736642850379813809963438180258836366695670120319805962344
9414323801656215216365954280118774004487828797375182434941731771297543319918480
5534256021539728044995951549051505641798424391367651157973562570993629524488478
7244927670230742779166228504989968403634152217325813637135408941012350265427558
7930275530758808124061005494968101338348368783110023041008924170898668034449396
9928494104279061806350281275458963760054190720375519976108865610074791646473452
1356221823216672818579661329696574530393330797343878792755596098219805673663918
5817907339137652902867495858510711373749107944109252218265759129943145859667303
6682969363242441761157818958134049614626690126473063417108627087291085273332198
6405975387794507900288594456488568100519040248833431918638837182136320208393006
0327472908976235803800836447494127472090386418221123218851187351253181506669481
7977238227699317487302137844597405547506104068396952492624059172437224437049739
5877569299261967134425859558576789399867333123287151839602640930115864114188359
2806500328244983218654393061064762400119854589127424093746839377224622572602138
0405782476180653461483124804077482455301930245983623976890244462571263433547454
79312490586222328126646812685802511394625345

Euler(578)
-793994931537857379076878224802396551043868389556041183222239081474916848394442
8422369148509713564813814713044742564800178812279175145765202343087777585594412
4827748281390460664436770493292609426192625171071705971777894064442005828295301
3769761044014649168393168199953414353865185326312349814768560999846407871287452
9518130541602258747383100128606416065157321992606915639472444659050747467513241
5688858126874566664094354521083252309161011822696492047357832800244731561384525
2142982633786085005116193589239112180246113834793474499681102261103462793277327
8563706136790835698126801441089903256353290628350568488110929801408888009325548
5023315844396504278704973632551364157729806653919778142815434960908283831925900
8544102284081950410110447454013079734192269223344612822437747465896230943920309
3535357911721660810053709618073030044109889200701131755657571635797080774703569
9111988064994059359209658427814208458943844451268637305986660134185686099552785
7718334613063723423161622680692934176103037353607817626020449453690577217988869
4666235048569244205372498755289523542327738907428296253571914466581350239438684
6228623699044204119501931476331699702650087020322027064100802126294046741522318
78897913036672228289285645022713701346648839899841

Euler(580)
1080648695016034951898976506603089173358539642517688357807741974367109204925658
5228350142444575761511120029347609368641469131261446524427679664846470762630386
4451887396981057437634322306440499400599035695396494003158079872849805115485713
8288378900456289460256678112272817847230734377239403939334013641429016947801836
1238587436856768293360476304388699646913174353632216475238962324942803639768632
9015445399855706500335702421851765174848297980515011222119191251593932730879441
2507619130029066478453785673315424383986517533232798972327671326509085756082676
0077637471295789012210585905005115086793474366295573518511548618801045458426675
1422799059562083637754697223513202576360959561780350376007635445447290582109886
5088185678601375075110917307143779598497928657850073176666732883643351446940148
7886609141787144292141907044240933451076335384044401026587704876723509114722431
5898732648138392274615176435954668782049156023868542208138216378109981662405723
9556530525935353099719990638927601194488101940696006557503888215935372219094304
8336642375990362036605746375021808845465857817563042830239618063672759739189149
5386300413080069021359485498311747370518210178783219681138974343207171750487857
6985388897980134624586656852125265391256540834920550725

Euler(582)
-148096193598105968452739275922585504928572210823098760216339138432228221342406
3890313874079585075596361342621651168354179643128434818956814217170664329255688
5397623701494339308453440891830448607215911853453501983651404176996244259443690
9650009621175669419438742544931834349828127699669814325813007979149706235955439
4760591196746394630938663526257086196656733578870172270196920261182420860154937
4789475865440744412355823937094615933319587583140754258030304880004840947067919
1136907283125540784733183712194395448733226521431954637748044492125656316320953
7756347983544758596443129587880292043283396132119074237572418522103287692899262
5050537163621562169647286612114609313442336092885456448470779790984660042278160
8592459846695853969229408337237391922291278563730317366834974368728471429966667
3821716447500840824156151833615201710291475211463908882016151494580574237996880
1597902477723954068014499628599426218383822922308218455438543539798936368188286
1481354660375855716318257037576682495097473997797349812892843032107838814619187
8611588771701728272555519186854126846266171202959493798402354520199315074559342
6055786980328417466526981381853586210839181566995900590933497102017999021554674
8885290280621969714874634425264859981595335684600577343362301

Euler(584)
2043551298618166893927005011165600197770433146554413256832216150860556014096068
9678372312133207771858396407126844504675013669514712755213146964984222503861307
8062486101791908121226023922745391073718696076750872767283072775832778375278461
9258966929650261141757173602818951712859891836127656712431060765146647283935846
5000594448025115839226163760384722764217567940069403711004550500520702066594291
0270553452152757408579047581295618228627453011321454279864176726677228682793823
3881322053650949014242838380575721849876811286640276094847300203566720004943646
8217104517064998635338497968638916853038285295087394027363714142059292807917032
6761863681836368201560733531075412160868972852358332277075217496974966662604120
9465604670824428182757323165139567577963499291879957640633123843599130519730318
5181725692293516863667666236264708236415275956910233881362254050008600453185681
5422267343059929560335088454462640461781180765275559512492535966874025551568518
4544268965369409605330310549612422148826484319694310769894238061788594770719417
0798774291204367910023189041764189665777684889691453872844553911417737243542150
5688539133000667089345681587577026989886503773512578546879625866821977621665543
62583402663497961583406595210844011003470781046821933682679720105

Euler(586)
-283922148126614085209812083790314797691097603025069991135265985810197361407308
5101298765838976828925547848575704357851030739975827247345877978857864091364118
4483701012728179408296587357524348432380577474370845386447917055701537363096411
0470698229236356157064663053670448642649493117089245791390777560260804352490545
7342533622776271315804188539093359864713636718259915847707619863320066996789958
7363819140763779279992874229676733630791973570208478566105133668611268692174452
7222113400595620457275101380793647158007161156734447475668429055720351092069639
4262034854964847094280451934810013539777963643072006909204028232847576773216136
8425128757617757612177780723234939898748551118053552371850296550703570569793784
0988680115722172434771854232694976276851467135283472773970937816438796144931221
7900478210499634776740930427023987669515575516601878215418994478014045697279204
0386024328947716926215757382631508133997548548855177306178463060533531924386319
5998036097665255431852635655605031548329683858526433462477846129859222749026624
1845128204121005113718251783674011031755069559598052525041320232745005897850188
6997987105396805661626153468102876319752006368175144860635117688255036456212856
41580906224583328604483582165371604137598890709569541068641164012276761

Euler(588)
3971686360518082539329883896446185663482785319839931737276309841773441594222675
8706142213076572086064929714476835574249251834516435180119749639189783315300264
5458172025752086061760456424640059610158912489732591577809296604544711421755966
0727475548684893195899575937604226867164965568828181463598576641348016145746493
2156815644284357454881666761071354350309521869505425714156218129968203930699192
3299543206808687047656230022254584115723877465340584081836369388885833242501852
3586975991044931353894660073219606217256833022004598996410927415224980640914509
7162126186844704643230785631097658337419751980630728583654250478866180543213278
7908569308517022416363459071166804538044670087352416922330333388179623571037301
4347474618284028517901068543355290402777961649662710301102173895689014233255504
7232671906954894162711976383266594349486606701044128752886978226240129098126301
3927758151403770791212691450652000889179756008715987942479142374132945266952948
1705858179990109292380581577479304461777339001228106956070857399958025686150904
4839972675184256672043518876306500969262886532228068185172202615086955129141788
9507968093969969683070207949522959701710655798882060977773159935311826533121552
744236570892168204473616862247287089665612207957181528360362374116583541485

Euler(590)
-559374285352835039068700360896441370340390018387504667474113285789041937902914
8116513815667378080794706880690676902509457132818203129615559000287620607584620
0066450490818818655945392367794985934077479798046764791314078079513031851855705
9141974782894402403152391649268336546653662208352060796268892835304518201481911
0281695858833923030647658670531981927529347447474455554136272211060973459477241
3812390725038350218314115911101548501537530260579020796779107644201322722148530
3321252616728067420763377934475798181522991763225251995533020261892188559158381
7582938213123422901377596128458915294975838765436842073755694399096311076349927
5677768616116294962526034933568246984497407329460989988687123041291812790069639
8268876200834522077323599720590186676812143494091597177262634859788257858798743
4734812477300238602108924079279959766816535767335339406987600167543563848762953
3240481510915609534298867178135759800610213138359043109186761348144410816958817
6431008032274665129928360930755248719505565175489367874905112017639172534567183
5426602378805683555607037108396867672544321311440702439166838238569093312086242
0189401843364243316462326881359961688390786987766472140185982654970288161164527
7507925396242917267619225764273283982050637651447095034845418462425865322643872
21

Euler(592)
7931803221752866012856813694414904731486118952135991353784042392845762777912062
5136221557540956328528623270695650410189017826111409486618956289604022130737170
4827300667746534286003412669879867039100014143171788126931312965935590328129961
7911521784663019739924504707699223790190450419217104773550924576727779237045723
7719833548911029111767400284488442323140824320902311937596252525317936599929823
9608498911407748797417410536057591159441718861637473397218526141044553110205748
2185652037035027946256405977371020667677678077654712633777690219798467191927592
3994265059034376756220756983196929898470111413435179841249150731399733329997369
2604534408680451471920119650852948156169735708191971793498563199321970716847845
6276907687744206655745965792678487772125905723663627717405601022497227014063506
8925358839741356404121236900205565029475970663863618605227622536532631783886719
1783552971711070787168151341531095315696078094012416005971474986518207906018527
8975406237089011207640276844947047699471355177531299715688608039528454538848114
2625484790104439125461461801144708119123378785892957330548838482924126365480576
6630578052367307270092852017659494581925589077930609986000477236137500123913002
9791906878965799694283183091052772137320297392156031539258304263978569688857839
422865

Euler(594)
-113233078729205983351213033056384657996035933943608665658586712931533418469923
2108751374240911461346620838937422047056514815502413277287430165830534442728203
2186121280659757896844676579014210086927382920904542956907617048362396372362609
7117493706534136360381570344252431790484373948703305076439554325471216447738434
0634524404738690823820191845110595416755945223787469597312116820524423747293275
6333220779512270165766039349315943109781482169122398401754802031405325254389515
9064407369663929367755911494761824734964103946074493254273379210041812012988194
6717248212516552457259724192846844107313164076890642557374825591416900360095483
3388500822566639383913448095294683610751290914478755230260869220264215141592008
3423329006954100716049044505542952996302228025079641019508544562116592909419934
2954747510343741264749931249502482264151157951189007061880842004919927987832568
1091858737716238150905290197878863931259283463222042373703272606967717145083900
2525573200032550290274510602085331976628868115993871249070706891681775320954454
0185288949091124967694953309174073728426097477695666009785370886847223874137943
6963163390742117113997367631774600999295665466031300566225803141007920633973013
6750163429842620720736709097882350975309869355121965786963679717628341739885337
3977184637681

Euler(596)
1627409275878127192752916271296674569311221170630578034518082634614544470431729
3082788295121113090457804007653701214641562148797731699478402895859619224381097
4365141182490641414887125217665163871059040984675511329486191337979214547200372
4953065287238083001796633850635049475943239195680500676610185879823144252357634
3330780946381647369135807284652056242608782864561615787692272303913928254506918
5245183043490432042450853001013995200188909315056192037522219619270059167928661
5928394801014545026928459817809401369974031357714390876877027461868254782600407
6180040511868515046848695265278076620281592645705898504881395563847701796017946
0992819159260001127751828975364674420750493445472826776868723564791775088357171
0437005789040550732092597763246004917480157307861856024465153625614250194797972
8046286304646946908159657646978654091018372648217063071901308820613822392890545
5822533778881486551915316386424430208681134922779172075226106217561539376739228
3738871995754488831655567761755137112291985618988276579321304108315431309201379
6994249591416807525878305405768205490561378472800709588764100257017965947114405
7787817507654610796461931181257090368349209360652882639971872221386191831513076
7971377054834190533047019045077271455332281468209712630431012979695109468807536
75007812531572245

Euler(598)
-235468354083176548121879172953683941096793845146308669375893179946684151727773
1442932872671142640572370612488181849786766866765009864299117371297724317759457
1217601318997044743922162184786266159369246501660090750433515851591189214847008
7308422268308786347440105234427277302236810040454056411417298685079630625083220
8325681282464943552926835969550965341792511358267132619711540633206470641685444
1284567610868123176611510990980607254821598086789621988059367469074226584131475
3691354227337811359705704691054503255084386893377295975999402033995475258380321
6578888726702996504847113048840543816073653330137687506373765698636948636688408
6514669817002032427409348720033992449770922548924117593492573391920547947600382
1733502534974677461839134678506554919051324277599980655933633890982727844949120
8012935812240635053350600561786396797322727150697232284835768842817562502598789
5499338495687803870348511885958784454212527272077811162919765932355067419401356
9260053050428463813132451331829448766860871726820283610570609495913701707092793
6895751336532087276470159369628428415484817679950398806188713395235620736862437
5821661768768866184693078155833281433066368072467191002333640003162074263083132
8994232781888296901209153802885930495671487218490706674065445700116144307541357
69896493423305070772141

Euler(600)
3429816354063913701716589097669809855563995699072873859332324485483682927596248
5041630125282588264368052749525315539439815531589590463691448937755112966754488
8293326964591415054874548358106601028570511070323992513992664972667992295325551
8045128676910826019563227038673246981769108294013581682504123149018424446077995
7724479514036253868554024746158012057852718397089617366673206940712487865343465
0123327170620500722521546746624353808733664261702105172210389867744632419445462
4639223770661001724964122859201772224102541908258463517742824253595671085717757
3958972968993193513788520796785828700395161903989046801818816709694660274647944
1207956845239661434290897563863060022803124432797531059623022130796071146361894
1912587033304041310394555050356809494332711480837246098685140539134405291446885
4343987242542065899339939978349103966885016099101730408724001172249952983427631
7760499365415811235321214863531214973664121278386714546719503352314965582855905
0203774689298871295303708969100055441665811885836507251075227315227340759320571
5413529606141444201173569901210053712775153863865928524846774796263191491970356
1603716654183817190063647211414141919502303873972708835652721577413792858368352
4435590868154427181541800467182616700241437926802222333811733694213985692551705
110437488825751134481797625

Euler(602)
-502923669927871089339919479357809763633143368840000954158676083790083712573960
8007944103495554158860652617867068549700304892994189674989136156454653649631776
9433601289232340769380897211815717743169896022325536534937929523474184708750644
5504999651783036192888951268286878295574531180272279651434946713262588641492650
4052727880090997849033284639171171695959586185004485384755702314274893184931232
2976050555304669880681641816429074594148734443890082781638963828259000906889127
9211119918577047050261827954922379377957024216641417087895176700200140591985386
2814386007882976265314610780990805659479333400738281026590460348981962348920479
1127038268120769355140989677955859931900763392189718453950902004777260118339444
9087677257880665185517236456585348802506341868883977958236698276773405802828518
8046139740700665990796880745877142144975478278231156452610871247628100105342353
8137912867381846109338684754049007328934180638409239093490867517907027307285019
9219414663951932343964171912726458608252171319132555978120608255203397876431328
0178006499031104088127305523712965192110793689931590930721513011559304249444325
7442658734756045788795216241014769789371992364036345284821455024806433414323167
5210402014311889686156677288672218329607466573057379145445848222215678423505538
864875001176019767562611378934601

Euler(604)
7423634351607944287236921983113424397530639078960018940202205564532906047403529
9804782971291222362428960952883287319403129311638263002457877366784904855834042
7009661267280588158443452830169780547746560226845512234020101760245030905424566
5385012773038357451878323578054983366116473696191406698551196845968235081616102
2586786757745417118124746653705715422207544971853167023431028472498573387047313
6095735722669469800754915817109345028062541362495091842116744340090954277027123
9826938746044023828638130529116512426033543043930929094983431003840543889440333
2402944731194233998626094106641567286839269675313325392413799829992007795447005
4689527595951983814105065254265441975169874708960817935259907278436449073140034
6840188663481749445949473245573400271451084214504430548131879595521119060945636
2946179208392786172840863811410424159015799110570700280774609182412730703334403
2250727981107960361165533744833300649620311023183072648463985642704268469601891
3438762759300351609670441476037202842703337967216467420861573050259840385110983
6286895016254132864263566335772983232544353081811513080954426212541852860101563
5872452771287493921780558192611382850713617343035943249862363167609865876626936
0981378410902076053271442789162785984788124959005708598495846825171529804801475
1790095234079676819060898543470307005

Euler(606)
-110307443002664208289374036309124858561767070547457226123588724069120215729851
2825937913869266652977488091911250638982726964900835749744358864358815406147090
7106438894173402350276734808054205873969471760485846642749376572955503717429702
9963902479108584592725051045470544772896524793067124968705349576178588845498286
5478014527271245542589541798301259300803020124265462100579991636983393975912694
3787968373209418628784356124571829787038606958022408905166103273374007873761012
8348387604927386505351911180781463203316889671592580621888719316823547427341848
1818400620540227701521805639593841236959438471934970502552767687990683576294653
3145300972712070039658844359557689877224624732085896239380087096532918396475120
0839512734308596861442949800124373166524082926758486002944385348516686002632370
1603215405608143500900570621777144588845188152629139095844124147649243930731698
0271896501778028670616013712111427205988373410728733962211458948746624831899341
1784270507551470789492861426669560513670110570822778947811470332922248995150628
1042241567623123859118831696142600895080274432768732318770748406268984375505049
4607683836316432403954996858247151679593429387084025931185973785476811492602275
4681114605724259170205485336554861581489435583764224989727023535400340190644114
57580983778826704639641843936462510509269061

Euler(608)
1649898902950878682801326730850528950030752016404121298154775693484246449979690
4366390942305014453758513143852273581612361522171196308939764731508013183025978
8387367479251086187965533033815246669391865118280215918007486942696258534891519
1881647935983664035567265212358660544510760557954863981980792210193889409454103
0585390406922307169716307955774075748822719973092433506719308380177855662329557
4199114567022628735154406685573850460588440529178458412368353296608047129701004
2054113466096182914291056000504682896592056516206290920063770500050623112087594
8437055263428473967587505473775397360287008507207083480817525818950249834049971
5001790171197938304578859216084546552421488942177342279978722056347817826915184
1462328881568514552184167950942705731509251674102715321712093533036743734852805
3843813401124492496675887300650890025854891547410329868501342031653383152165806
2811192350422897391364941529116379362291696560852966728428010727421845522876415
7889921789395441029759604663082013511899678013625927902264327520745668583661696
5973375215768465156778241572846362647058767725187561536187721182958379470471379
0061800805599501029399092700349449467631788050149805263309558907104889177389709
7612344049856184671577101052106019867225660919130971834284443449627429127657999
697436345301804923620772272210065619344896508385

