4117451146 5783621081 1062428541 8078166194 9418458010
9484822606 3578640095 3180380553 1752590882 4674419440
8371697512 6383772221 8999035166 0818503784 0103696419
1489110716 2792024978 8407850357 7014056163 4787422640
0006355817 4689957745 9816171765 4247358213 3634390557
4633670041 8263131436 1141816033 2966762967 6001679942
0553340364 0351816660 5499089721 6378910193 3149352978
8162093954 1968206581 9064283642 6624132370 5903925680



4645463665 8820270576 3264918291 5871363604 6873638450
5449748883 9362556344 6902584799 7339724378 2686679200
4894254402 2238694891 7200466558 2573288023 3249943539
8108946466 2938621067 8261585278 9957371136 4825491949
6669990046 5148330478 6736213896 1073979915 7349933726
5679173820 5067948903 3578517034 8015684871 1905733150
3073236481 5754371927 7078267888 4988301848 6465398211
8322884774 5990682339 7462156125 8538266237 2283196986
0252043378 6277355751 5550720101 6059787121 7465069736
9997748850 5823686182 3974059628 2389906171 8458168239
6699394042 3403802715 2149341645 8066506094 2551663306
0493107167 1973308360 3311809122 2672826165 3649177815
4547133361 3951369357 8970790381 2910081720 8674970566
9639627505 2837274397 9162876486 4557681076 9790438777
8853689843 7300360143 1294866492 6231077274 9037059562
1425875142 9326687828 4788078762 8478186245 9567816866
2583026820 3644597885 0982950892 5259441721 1353558594
1142399515 3512414886 1005811481 3371447620 5748937224
1692219063 9131378281 1620178787 6086438886 0506587083
2408698639 4651945116 8883795277 4635359778 0059964225



1188127560 1601791590 2247521397 6910679863 2092833840
6008610218 4671398118 6612051037 7179678586 4715889119
1978082065 1104987209 2732936744 4664555227 8333155612
7984651988 3483619760 8015831317 9067455124 1002086775
2382206554 6145593974 8978692163 2321555311 9290602588
5276633670 0281085004 0367760202 4625577852 6526697703
4006959215 7761564764 2596347433 5647160218 5512767526
4892216759 9801547259 1183530177 9011021484 7022673250
7958525275 4842316261 5892967491 2801498005 7541492894
3724074644 3811161096 8912792553 3486650439 4777647016
6897046624 9702173347 3368079477 3210861934 4342264216
0858013035 0246371110 8941668102 6503673752 1403282434
2933691937 3726378916 8983387513 7555791026 5452952313
7287857195 6727250352 3272501149 0885240111 2212315223
9535668141 7563608279 6889420199 3232452749 1150005680
6619067100 7305621131 2564018295 0499334281 7836112004
4138708304 5411777990 8282985239 1031652175 5322173908
3863377240 7026085160 1865097547 2284511975 3912039762
7596019905 3838294949 8226841606 9423707468 5285118596
6687687972 2986460275 7184502991 2469206489 9469489774



8305050135 1974592227 7894280494 5888936266 1755755850
1668491138 0345406553 3840450925 4779564836 8531413220
6728052953 2217757679 9732975000 0772090302 5851044324
6399340674 5109433124 3587323598 6285879361 3228624008
2781507656 0815539481 5807462635 9271910622 8645291219
5489912738 8993476898 4063069350 1530580839 5651394402
4323250666 2242987659 2396826941 0311308341 5119675553
6137839854 2211792194 1144956191 6538849185 9795707643
2673697459 3593810668 7751104593 9056158759 6349661795
6775816312 9073143952 0021171624 1602363878 0963299013
3247037859 3865529140 5189485402 0217477434 9411807469
3780365326 1313994620 8945557490 6039769709 4955008026
4968790833 9222077306 3033152719 9447948997 8198182895
6639787262 3599650538 4508402261 6071288706 9191795534
8341272915 5634507839 2909554962 1763780941 4476039267
6202991209 7978526101 2616158712 7075355867 8860701332
2937414800 9805349019 7876511723 5013926032 0282831938
1375304617 4386185487 0731522878 9604380162 6021519321
7278125010 1536609553 9593948266 2978500964 7214769630
4142092856 0836755369 7145767446 5825137792 6893003498



1876730953 6656154094 0181812138 1451571893 4852114137
6323974759 1249359704 5511811135 1262638521 8226841422
2905761672 3362217416 3859695942 8555841526 6032581735
6968734787 1528253854 6866170831 7156789798 6920796685
7938520386 7327936313 1109701750 9091536397 1577478546
6923898418 8000859849 8493115913 7283608134 1437393598
4087726813 8815763164 5299040033 1700614355 1587132104
8490860408 6309955458 2932498512 6941508965 8896620196
4410303356 9857578797 1913718747 4794198902 3985576445
4275317591 2782182067 9194009597 9448898021 6551994749
1076702194 9659610071 3430683605 8843980625 0293333929
1805043787 4958457839 5597521918 4993991566 5684207644
4015770263 7349736079 8043894373 2337103577 9462949595
6975286424 1690766716 2597431170 2801304335 2721392098
9591016293 1503144061 6760330448 7131088893 0329252095
3246042438 7158071374 1133334967 5218946784 2043520120
0510171558 8810140727 9033709013 9060829623 2573654349
0225158571 5973438396 4325496828 2425392777 1242235747
6365147462 6863042160 0367373905 7280974151 8026332536
4778806297 7836503169 6247887663 0494658904 1398145368



3496483767 6379724030 1315465398 8084173969 3614258671
7938191404 8143126221 1849010477 1070020651 3634019865
5824595491 5189360886 0207754337 4425879392 3503783385
0250116772 7052720609 9193802611 7950159381 8710043945
4786426117 8425146172 5602723804 7632869979 6611311614
7174598788 5542037896 0304851193 6947192108 7749508553
8628995850 3777799044 7987976819 1744941429 0009803597
5024431445 7216387987 3259333474 8433045739 4081255124
7937720838 2988604655 2487144520 6812031443 2872021824
9171333241 2389413032 2035955727 8051440495 6058136514
0986160079 0510074644 5574326539 3945391647 3024455409
0449359189 9500930070 1806172333 7167982022 3173261954
8655260653 7659624069 3939127964 0892608416 1148803306
4649940540 7464597314 8240396568 6343215931 2994393707
7821600270 9558712592 6393806265 3090637227 1590302144
5408278903 5367016709 8152389832 7042384001 6348101274
9869965938 3318771950 7936973083 5694367288 5650611025
0945352047 0419059542 4682019898 2796106997 3226213662
8167363122 9890562473 7776292375 5761011654 0065593852
3727391506 6906457679 4639205897 1652286497 7434502284



1403508880 8309344618 1683666737 1572514163 8260562684
0092010884 1378388920 7601230008 6402723310 5874037792
3680777236 3376099963 3454914229 5140263407 4069500035
7192016355 4103905240 3529072732 6982389146 4585498060
7121971683 3951774684 5727327057 8300165043 4385226732
8906604188 8411382508 3413613799 6198101697 0527367724
7197959326 1177622344 5398195320 4724407339 4552129375
4849964621 2828779894 7592635564 7112480984 4788635485
7684404007 9645408653 4311784469 8666996315 5071535534
6753318278 9421749052 9540847002 3651559371 9130070765
3206101646 2428460575 4459136274 0802494426 4302474203
8723113681 4035011649 1673880339 7962812882 3708626314
7773710950 9252116696 6772840005 6696523553 3123572734
4712250584 9334210006 5438046715 3351524918 2317846165
1025808818 0164460499 9405884890 8523540861 5183894043
6071934067 1292367260 6944806459 9978077724 9220902903
8624407445 8697014205 9022198880 6846096515 1709482306
0009646570 1436440766 8066372796 8756940713 5156782799
0649079063 2772090445 2450324857 5792807082 2520326239
6833548515 8606931459 7838528361 6945633618 6314956895



7512520542 7583408433 7654387735 7558113323 3224458741
6913044623 3328853040 3416818532 7650796295 3325671968
0304662622 2693929242 3381761474 0621769438 1301816446
8362506028 8786882638 8486228440 7686498705 0543822925
8065848704 0403556257 3256749520 1114319375 4775407709
1962079537 1814882506 1663069254 8318888716 2368525155
4848108075 7453534756 6506910899 8902579006 7471165361
0446354848 6258453296 0111660552 4812366581 3348443402
3033838766 9473085311 4682295290 0928520339 7072972478
4595032639 7304709692 8772755667 4107879212 7067696914
7191629646 7784842643 7554185756 9851081658 7182715147
4955036156 5003713207 3805452127 3860737134 9328329950
6794838104 6672169613 1667455649 8386410665 5385195711
4779798978 0405313153 1304695355 9560125012 2307301351
2282359030 8974131531 8724606576 7650692731 2075405356
2280539695 6670940455 4331001699 2009340160 3015109670
0708703308 9628658695 4811171164 4722242956 4592624702
2843837363 1682761826 3814545273 8190115715 0895220166
9555895255 4622067920 7427677769 2308115226 4751106824
4339134165 0025240406 9330258598 9456339270 3641944075



3978120082 1821358504 5547352157 4804387050 9653774461
4781134687 1656555888 3519727921 3185045506 8355394307
6050369009 3629623878 3640866701 2944398938 5444418785
0881588375 0876290001 1444690128 8812955855 6775237521
6598684934 3242206433 3126591574 8872953995 3386225175
3806821534 5051124474 4094691104 5116323995 8515057551
2312582940 1236747715 1579026785 4663437832 9976843751
8167132466 3954643020 7887683845 1413313112 0043836272
0947289667 7974394888 9034039333 9347714916 5560987844
0626123581 2235129549 2562595858 3191636244 8449112395
3657658710 5078807396 7088109766 9121051336 7202108849
0924983481 4108085147 1979311983 2560149134 0711816926
5377176694 8863256773 8508113099 2939242797 3112696774
5834906089 5901467971 1219754532 8687949100 3849694060
7005645672 3771053491 8906445065 2802955744 7570185785
9353330253 4373141442 0530358189 4725025659 7419922390
0855033384 7929662370 7672334636 2903759950 0875430750
2579639741 5020398849 5903758576 8291001734 4100301639
0174848563 3064220117 5201778857 9842745795 9125026072
7814703573 1188031082 5407223370 5618403981 4643086670



1326413991 0735002441 8877255635 1318020125 1858081489
7540973697 3081487305 4088717373 4744284091 9291643424
4021024496 4263928735 7398240381 0584200373 4586953107
0327979850 2293094662 6806901792 7241787098 0625238297
5492674271 7401093133 9084400603 1771503988 3971756517
1566425066 1408635197 5457345974 7328546035 2577081637
9080538731 5806922805 3306986610 7176170472 3189417223
8541326756 7686410850 6936197728 5088089991 2059322947
8701723659 9579112547 4049023042 1735611643 9548935384
4038661966 7832273836 3099111005 2858370782 4962506145
5188256938 5163576399 3030755907 0740917791 7689600909
4216626863 9945930987 1665187527 6280612167 7655991791
0290609779 8876029113 1293858955 3501801828 2822842512
7176741423 2794377249 0834468421 5709467901 0491342939
7381565935 1333607061 9125183966 3489878904 9470872644
1344580810 2413965253 8971443908 9177752252 4117802201
6887498243 0162373290 1654238958 8802987575 0062831044
5539487277 0124930831 5249497974 7126764811 0417923690
3256497908 6214759140 7233856998 5684899320 7228126831
5037098991 9313076022 2768091775 9601941966 3136065337



5426514541 7078972656 4216949912 7767201935 6518712974
2389742007 7422706008 1833146868 9266029409 8085839553
4529813264 3374294839 7137157826 6348938881 7585285996
4321524684 9202217050 4236438629 7153170378 6120257828
5472396855 0109472648 6865273393 6132705317 0918496084
2867973063 0043616542 1346267661 0101700359 8757979069
9862232054 8802641853 2486292510 9616879659 8076953897
6545361454 5744554001 6522391424 8148929729 3814279062
5588597012 2387283489 0240573855 2464234439 1199345027
2065771715 2104991279 0899211699 2426409704 0941620723
1803949694 1688985426 5615303280 7224682554 2458111142
7009573232 7190155988 5378957557 1161924596 3123390013
8923872721 5278612420 3816814896 4678214166 6758766918
2854585244 3941373067 7146403734 3309404136 4476929357
8325756754 7224604923 7725453066 3122614055 0175638115
9994319702 7883656146 9974535618 6625199217 7475878966
8022046667 7625977438 3389956603 9040362829 8614827021
3861905360 6636684579 1514514912 9662414918 9690080815
3987865583 8537811570 3426603443 0482255013 1978660476
7627111519 1413296063 9612967956 7514855605 3596642717



6487338775 4842166807 3267934468 2737453566 1080150860
5743399198 6215295787 8761118559 2447235271 3169009007
2760229277 8572040739 4928408102 8003889856 6540215556
3337562229 1458982640 5817184880 9035219592 3229845591
9169463929 5796753009 1549871090 1410398873 8347924936
2893105797 1150462061 7690105468 9301366912 5649607645
5191053362 7317915600 6459648274 7654805723 1889471398
4109860130 2864866561 6266629576 2500981783 9445743520
3937949163 1861623245 0841043616 4555398170 2333968280
7540816067 6789235051 0276470520 4099569714 8193078321
5993225562 2579133690 1779370937 5425041782 5765707059
6223970542 4120671641 8742464155 7566178175 1832110091
8462648717 7650911903 3457230778 7317880484 9377654425
3945247149 4240914793 3707351348 7876314576 9851002496
7498296725 7183895783 7846494786 3985440231 2145464070
2316093210 3605559461 9547608318 4107815497 5855244947
3221438932 0523373497 5829477293 6978542447 3319216585
3383175552 2494658487 5939746120 3136817692 4912879005
5178403707 5161061508 6328433445 6738495665 8915034942
4052007897 4138322121 4924671798 0852846342 8682044702



7578369882 8657304473 7017987549 8833918216 4436320438
3602752611 3090044610 0374779902 7949076124 5993811240
5161919960 5965139007 7909634293 5831190343 0562435671
5734095056 1636287482 7820587615 4899881362 2840063195
1119520178 0809674906 7049765894 2820319324 5913242559
6171141643 1669441618 0155240661 8863311739 9506879643
7781553809 7222929745 9868674364 3437724460 2250082170
1314936991 8140245420 9157676839 5501316818 1074034283
0411268652 5498680326 4579323184 5029509774 5201389805
5358194141 0191319848 3386798555 4819940171 6615848836
1181485049 1864675639 1772863305 8374665125 1909951762
7862182217 7837392160 4284381236 5855035987 7683167988
7691766786 4037696003 3967280640 4573452597 5201932854
0390384327 8475185561 4753102263 6373359384 6397999451
1977345685 6654467428 3895819110 3508750244 7542075011
7547265579 3430406416 4481640001 8548961723 5736987650
0209146312 4400680506 6561821132 0293368595 6754722666
4660246868 5420080392 6074056629 8299662282 7886673306
4506550328 8416293882 9562588755 4096946807 0706581219
8050857892 4056678207 3019132006 7060364216 8364916525



6313537762 5483089594 8420536098 7229555827 5245931500
9433419009 0781546711 2257271079 8521222737 5561583261
0302392053 1679278861 4118329822 6459755765 3404542346
1049029572 2395875331 1957961950 2289460503 0835697403
1984824793 7503897398 2795389920 6897189129 6270970268
1601799948 8236851544 1024906345 0379330463 8505980500
6893688509 2159609249 3454617018 6966470225 3261938819
3016821226 4843687779 5239618136 8777350178 3987601428
7972084836 6410773287 6428869253 5871469783 9726188810
3384503337 1181517114 8471575357 2829111377 1363131977
8212024568 4609697774 9219637968 4737496910 9456442146
2352746752 7261285301 8007895735 4303275355 0589002760
7241710824 2779772273 2735900626 6638666960 1352230256
0850972996 3153757824 3379250716 2172074406 3331379638
7517144392 6623811455 3939004388 6785184247 1758753790
3066366609 3268883193 1210323207 2351409070 3360541657
5082209060 3372016681 1388503146 8464451916 9504365588
6615212595 0693828434 4581528708 7122829314 0727555933
6996812109 9035159101 6421256071 1075765634 4306351170
5673167435 2895819475 4952161142 5193110025 8904134528



9007507758 3181812267 0748616937 0511374740 5144794546
1979530174 7600610679 3453483773 9405521359 2998818346
5458679825 8758604317 3404055460 1182336493 5533063590
8322439166 6806121029 2859293099 6275724503 1274894390
9642963320 8730774671 5007773300 8339343158 8596370124
4337695776 9454826077 1609767086 1548166679 4238910350
6090461460 4413039687 1368948867 9983508780 4068064381
6217724063 4791781191 6200629577 7701399370 9343944321
7249722182 3195212537 9413260275 3367456855 8608844105
9085112302 7060655379 6894861190 3334311829 3391087619
6185654145 7096893874 3695706123 4280197733 5573896240
7681631584 4335848770 7336072070 6401263672 4168412550
9830095138 1957688615 1246486601 9104419000 4053873335
6712015287 8262611453 1444001949 0501156417 1801462355
3003346080 2176758915 6147995037 1467332745 8150272811
2721182646 6922555444 1318839859 5093341962 3985945561
1849476747 8653220714 9201414043 5873483891 2071052581
6364490692 0398813879 2728992853 9884606794 6999733862
8784322251 0037432806 6659264199 3060846936 1675677484
7179955538 2249785746 5567250556 7489493096 0003881116



5025990005 9937401738 6660470626 2123885284 8170109467
1013876835 2200253700 4909446671 0475579000 8627486998
6075801005 5989739775 2748532074 1834661939 9378999761
0753993025 1144261568 9204855197 2307840758 2278483831
2358647816 8286347239 7050703377 0155108037 2168639415
0717589120 2523520030 9364453816 1000890881 3050203916
9341159108 2327549299 6997841354 4833229671 8754241822
4655200379 6227904310 6977024167 6548293949 7616404950
0283098389 3942602243 0461690484 3558047477 2240387178
6693491539 2885786302 2989243143 6841730470 3015701090
2306067503 7024472003 3264134872 8560100321 9723656520
1590949293 4148262122 9998231733 2073064879 6012037972
7647315563 6303760929 3837342346 8209183320 3420880375
8319968924 0992749363 5290735649 8472392751 7964835646
0381131807 4452718462 2345859794 4972284318 0527406250
0057844200 4830052382 3875108485 5426648661 8405878804
6412068103 5919898396 0987271311 5064108184 5490455579
9276094354 2184006717 6453548615 1052824756 8296268598
1806029377 2829879244 2529438708 5412073102 5294049832
7891791277 4900315217 5521488252 6034714160 1819538454



1767118062 5218368758 1941540703 6768156157 6618172047
7998692331 4640336138 0334652040 1842615803 9026418253
6185722468 4486061288 7368699927 2027416268 0637666211
2069290346 1969545811 3643447415 9871401892 1166046622
6582661590 5420697639 4359312366 2045528756 0342165003
4736011943 4225614914 0320157941 7118517154 2756396517
2568645384 6709545248 3713059489 8582559745 2775643783
7209390373 7606448757 8053808966 6661399183 9630554346
3515315481 8588677926 2912725363 4262889852 5685446469
8144974618 9241495863 6636719814 0065068588 8608602242
6733798812 7687969406 4970299154 5245272132 5754281953
2491731150 6620858665 2077490952 9651007534 0404922735
6548282957 0256906293 5888169041 4651069717 7724209554
4613025854 3817863048 5080605899 0637380905 4306950261
3842422270 5375354598 5909932669 6733216515 1948172534
5327473336 0274472585 2724539478 5787049054 8475863311
5718366332 3591323475 8825934064 1521039072 8719363267
9637592847 3313161233 9781549856 5077459574 2630192501
3613442181 7786573268 4594980392 5741969699 9987645982
4956709409 5595490645 1431929975 3296990292 9018113346



8491893973 1673374047 3761021534 9790280131 7223379127
9986391471 0105736458 0882496403 7793669144 2602252243
2918220359 6947965229 6324150462 5930376366 4328408656
1602312161 0990271779 7940482442 3743772421 7545327436
9030749262 6172588806 5223326141 0603381653 2093232026
6991087084 7586819856 3990498575 0117619963 6905969925
4104368753 2918190720 0415759826 2345466727 0157369711
3335704140 3209379345 1266060707 9906558687 9616157998
4934109540 9032124365 4431087316 1586375727 3748174501
7866557379 3984866922 9117599204 3422476006 4859760054
9782806294 1873914749 6645660197 6892636165 9828965655
7445804099 1426890947 2497067352 2047011619 1536009452
7363253066 6440201002 3201873227 8197614868 6634898913
2734701444 8203242931 1784100915 2833330376 9111970512
5251189029 7082942974 8839813714 9977805278 1649343705
6043260053 5269810691 8986588689 8161088992 6992043454
7815535740 4652938225 5475792396 5125781698 4986734218
2185312407 3431152960 8214112091 9999406160 1015821912
7373016501 7695811861 9036689779 2756904678 5710181059
3937314388 1192914749 4435652218 9626028632 5866365190



1745365921 2186387681 0777420915 8364690909 1651827398
0753103066 4998062448 4927747561 8845297329 4727139148
9972684077 8589778686 5604872330 5752422857 1724734436
6674181812 3270841591 7914786168 1978003287 5242194648
0119315937 9351523941 7409041909 8412578099 0903889407
7942046727 0491534500 0248604274 5530730683 6472220758
9308219944 5234721452 1842825620 9291437681 4387802139
6936399786 0221263221 0982207735 7144129412 6406537652
6428543482 9706936551 1680672830 6148155350 0677992734
2874671740 8366660205 3729220484 8408702523 0125857179
1456966579 5239635968 6270645903 7207268058 7943981340
0667670141 1765812522 3348104838 6867717405 8797368961
5599621784 6549730739 3409546604 3145860154 0495615776
4561673447 2126427468 7461408302 0638793598 0428496622
4722325504 6609523176 8172458636 2611284833 8740765075
8288956774 5895887361 0951974207 2321262333 5561519338
2471760218 1868389530 0679750212 0769043883 8128356258
1450125007 1190271565 1443462706 4814950590 1969961390
4056079067 3726072411 2924471994 7702838483 5318633298
1761999473 1283314491 5968777504 2903279770 3476193806



2955123840 1384229100 3576769296 9859590544 3982892666
6087801034 4059670559 0520766837 0210159521 9513945447
7311874107 2352794560 8443549466 7607928826 8193567646
6658916136 2140424785 6427926815 6254485063 1668526832
7524656002 7477652412 7942705341 9348280546 2670281599
2453912487 3937558094 0125919778 3465336557 3562593766
8087699752 5746027021 6696492529 9837753819 6938462547
0851886151 0475226475 1364891883 3573818916 9712195832
6810041957 6537702119 2118272566 5088966824 6750486669
9659885042 0411916153 3208988567 2380926018 1428117623
4479558294 2880858136 9886073727 5497491213 0687437421
9430148667 6625969169 5195368856 9117493823 1969755955
7940217938 8737225151 5997140544 7289708395 5103654866
6281965036 8486846610 3927455684 1436359017 7744038756
5120807714 5636487772 8443833156 3572496836 7563148103
9438968092 1192823374 1450761863 0565777737 7941453330
2578207887 9337135523 2819306677 8103474487 8814533022
7671159824 6301467739 1318064699 0171453231 8195729640
1713829934 4586652810 4239029204 4042050301 0850372288
9707226673 2041640758 3835211625 5472935420 9770671865



2620762946 7204363364 3273505663 2041125212 8722589414
9976280468 9148555075 9736146505 1176412579 3028369745
3203604650 6156923811 9721325105 6180613452 1343817681
7327628414 1810216441 3417024917 5584365681 1454797775
1958280662 8442497503 7917477236 2042042450 5736306091
1154840242 6995643360 0353014366 6597511828 0328039534
2105404919 1030567314 2107541302 3579348772 3423907395
9389300436 8913281485 4688219705 3482680640 6133447603
5746590906 5646098009 7171769957 5204375563 5452168504
4224390827 8083480721 5680031213 8051374475 5738663358
0661289825 6952535572 3266307395 1954063697 9469139273
9195092970 9929134880 1486760727 1497851682 7026905071
0767896576 5304404633 6262688872 2627429312 0287517384
9755421431 5049989074 5646121569 5542535701 5201474626
5873588291 5448693671 6821097263 8770366929 8762703332
6926764051 1235659178 7736324770 4611611875 2837864088
0382801363 4904145085 1318295587 3803365715 9237554043
7403660094 3126624937 4473501836 9408835012 3180570255
1089418469 3666883038 0623604361 6899868181 5046281454
3993708439 4672379528 1953032886 0609963154 7805411053



9798317391 0481917987 9337630991 8240071636 9535925678
3586699908 5256828346 1799920448 4921582868 2554266066
6948065905 5883754767 4778900630 3076397732 0119162644
1931231373 3282236418 1193438305 0586585544 9829986899
1146681311 7119421891 6017937360 2575963218 5321048687
4992047347 0299426787 1276133342 3766834282 2565756501
5748972028 0343180320 6244849572 3097390057 1509314538
9184344943 8283973734 5157998051 5625916432 2627014186
2062369447 5930214105 0850281203 6049109939 0536847805
6021662704 6368552572 7413290604 2289956351 0252284751
9070308253 2738499555 5330449578 0330902592 7531635221
8098898826 2911598033 7112570172 1767669045 4568064922
3051574746 8915571710 1756724035 4189350611 2888730240
4314431986 9586521866 7607330385 4903602774 6096354501
9525296534 0703015970 3240985115 0252930588 6567190112
5083284714 9680648943 8130078371 8623924468 1790216217
3569122887 2394802164 8464737751 7681894212 2207103565
5596507979 4844990082 7193552814 7914340403 7138717208
1760903198 8564587461 0810991059 3691774379 4712879368
9503247741 8648580648 1967995614 6436708248 7089936839



5131507203 0565303007 8868598203 6072066991 6737616414
7566542877 1935359104 4521169167 6928163963 6456297834
0737064788 2740618340 5435707741 2161383202 8737879037
8585893274 5536149564 4612550505 5478266874 5445509088
6889469271 8598894942 3449507483 8218501843 4130323620
0466807001 9175045926 2840838505 3643126768 6980340268
1158070981 0345898604 1308417355 0995694415 1799175432
3348063307 3261339139 9797880003 8210913276 6014549611
1570428580 2816067516 2338135386 3052429563 8330950320
1928781641 3249223004 7611795358 2495605914 5300042464
4788062130 2468978655 9692629257 6357402879 9401356921
1675539040 0269966455 6025682972 3695049590 9960271709
7381666168 6780048327 2929905942 8102968161 5746963060
6061010622 6717021253 9667479513 8938137485 3895351757
8329451364 2600693613 7777440005 6699301740 2011366773
1787704469 4506012922 6074969110 6157620763 7893345041
3733651195 6003290783 5235964653 2657474974 3528672111
6298075675 8510838501 6069989693 5867152259 6463057009
1390876287 4164925417 0816909684 7309548860 2332982888
0010165296 2808976987 7231969074 2102700934 8880934455



5121881883 3651978431 8535596067 4763507221 6117872873
5639465655 4342761406 8559412425 9121417078 1163030801
0192587621 9938098958 9430509396 8251827713 0330334926
6488532956 1879526644 6319063493 8964927974 7796305818
2377606580 3540227966 9108180932 2672514261 4287685085
5023403639 5970562141 2515137620 4672244428 9799785545
4131901372 0560029456 7063403824 2991780751 2572448446
3577152589 3472233684 5268000504 9057940765 9261183404
6276469983 5321989331 2711732710 5112938774 6272008131
7263208671 2472478310 3695325057 1166846693 3919993838
3416530133 0924772942 9358470743 8826342400 7013217132
0972827494 7961163566 7826150715 6628250212 5206276389
7515665851 3406045529 0109261126 3816622423 6689927106
4904188627 0014421128 7359239399 8250056580 0643250607
5094589358 5007218072 9322308246 1082581858 7467133406
7334432680 5154756527 6112290094 2154655618 3103412687
0172286541 6226907574 4666374025 7850581983 9033726685
3912834251 1388977610 3701554705 9697842843 8121104166
7496423619 3689840635 6138762279 5954521514 6892881328
2394396366 1294501387 8167659092 9250897532 4716691236



8348275154 6078272804 4518243453 7596550492 5680648532
3099928145 1475345509 2755527796 2794142455 7440525521
8825323955 6250857211 7996353019 5675811774 4367625509
7319751155 6514845137 2854240749 0483808199 5588091516
1179392191 0426190928 4857816139 0514823147 4455310151
6159178414 5999471223 9051659694 4103972729 5741158339
7459390620 5007758070 9596765898 9249614373 4348781563
7744208374 9991461834 5134117857 2135657651 0028821653
4378838906 9722998862 9462268685 1956288323 2057053789
4217895936 7844899972 8380822512 9585737429 5653148704
3040321954 3301647220 4581397905 7452880207 4728588103
1140858798 7472118632 8648984473 4053114604 4004800111
8964742165 7199931158 8903720590 0314664181 2617920911
9408878500 6677801099 9185461909 3489266918 5091189985
3281758015 6149634425 2727420213 2308326262 5378297537
4780849648 6205747377 2980595049 0214555010 8969348064
5109743330 0599798555 3203313182 6917519159 1950065584
8843655165 6335235079 4974414869 9554593468 2666761749
8419319232 3919858493 1429070339 7249074104 3353155071
6185771284 4527045561 5148720821 7879010758 0994599078



1903407684 8455908034 8525612112 4463883238 8776007725
6405950585 7614506172 9291017634 2106201632 2763133570
8698416113 3384335191 5955219934 2391045655 6597310082
3169947997 8456319598 3411430563 7058884135 8572324394
5999371608 4515443224 7333257474 3269029321 1134055360
5260907241 6883753354 3614128702 3423782527 0895382357
6585165964 1732811004 2367022479 4265894895 4200246277
9779309893 4507602136 2417137031 0651327597 5961348992
4270047047 1725333264 2277426234 7566320225 1798424952
4982127655 9511394568 1412700766 2315485158 2573596335
3826717922 6699363339 1806685509 4802896639 7016335803
0635777920 6151292995 8681816023 3278268287 5613869534
8983385807 8404867756 5029162328 1022321262 8623703647
1167259091 1162207449 9444703371 5467171935 5796034064
9572183991 3243157175 8689056357 8201193562 2777763421
6236724756 6768761722 0610152133 8942884427 5546380391
4298293409 7063768466 5116996845 4977492484 2162345498
7901900590 1223071102 4880588049 9208202673 4152133452
6194822718 0404524659 2288442955 4190815449 2145808904
5704939272 9832168834 1342995368 2586746410 8367284683



3132874321 9812300745 1303144400 7683574024 4627809770
1300214218 7123511884 4390781428 6457148671 3031627438
1405338857 6038852946 9050776911 2439640284 4275392116
0112468485 5885908711 1204331369 8335512983 1770447543
9527351180 9456262736 5072134238 6754878162 3509663987
5898907810 5843337220 3975442049 8618992145 3439457001
0766993023 3340450706 2355822832 1979391210 7163390447
8457406495 9683736835 9996102705 5981093432 7545718226
5819162737 6408326491 9446339254 1412570472 7893001218
1409950288 1776632184 9854530856 6679007037 6265770583
8273174956 1209175232 4760127284 8854422298 9867998826
6283950867 8945771438 8158096755 0580114816 3295101341
7845494953 2484743502 4616682604 9086054349 8626070769
5220684576 9308881019 9363886020 5690810166 4505187218
1500574347 2746924004 5662801352 4424290432 3796847683
2649959785 9954187679 6098882406 4974266522 9584406972
9776191462 6489783151 0287400669 7923620332 0604044535
4794419819 9894752531 9571705208 5531617779 1641077276
4613921571 1774029913 5555015167 0979661965 2406222291
4160997227 0298654087 1469079193 2911101746 0401206520



8119033479 3350740933 9673354381 0667764425 1621091064
0978277403 9347240922 6971399864 1932401833 6762578795
1661669211 4857084403 4731109857 7186041438 0657030581
1408965227 9903370706 7927777173 2401960636 6905990239
6600617475 9660274364 7723341713 2112564069 5730430073
8718969760 8262537784 0761689045 6503696412 1017260551
1050631805 8783071771 0457167891 7209315551 0051312624
8850749712 5708827760 8184629735 1566606413 8131857756
9232194221 6169819818 3386159109 1112129640 6834764541
4987489259 6769391552 0889997434 8348251097 7171733477
4849042415 7044765736 5745775288 7031370873 9190721825
0577299317 7204212596 6177890946 2781073748 9396727533
3669497759 7757614013 3909640059 9495991247 7424058226
0227674347 9140436597 7500711749 0687276269 3456375287
6279153861 0334809869 2957428984 9008704137 5521603759
4678764398 4362695913 7289972377 2007314533 6673352699
6836629260 8565705839 0388235938 3118961476 3613317043
6652976443 6074940164 9697173956 6002324847 5312782613
5116274516 9349859149 7284257801 1566354011 2574883834
4957820547 5651348675 2535339309 4929877785 6682473832



2471363412 7815663824 5905023073 3983253608 3003873024
8396399541 8402866298 0876689960 0543606746 3747817597
3859320010 9703840094 3290848252 1486078558 0072030283
9262481484 2107356768 9436508478 2917239431 3537730783
3828620452 5607937143 4798902477 5448000157 3891165778
9491143660 0367935436 3932067762 6302110521 5210135921
5469454499 7058887628 3657933406 0613239110 2338123478
9116513396 0648232734 3027611585 3432570782 2596745669
2639944506 5492819990 5402788150 7062990362 1350504523
1732501367 0624394106 1807667613 7866141456 3785766044
2074924229 2697703498 4501265149 2167176963 3105167672
6784883729 5490056786 5723978442 7631134732 4977198906
0076187591 4089607306 6582151384 4913456155 5571151084
5132159738 2911001114 2873895994 6162393850 5836032323
4420828814 5043391507 3780818631 9372078380 3113641758
3734875197 6507933520 5354261064 8396468002 2831803234
7662678243 8970343828 2856767409 9388012245 5841828250
6165887184 1917739713 4842495575 3553615428 3510624483
2821141075 6609679699 5104825227 9421587069 3151868682
2890659905 4454289767 6834078428 4686635169 5073592900



5944652517 1865184120 4544327116 3745245912 4940510317
7497432716 4330478610 4252035794 0327121038 4808446436
3330137152 9014988427 5237794983 4574799875 2815119651
5943440298 8721491706 5555918493 9637362023 5346368882
1813143720 8134936589 8041885261 8146166856 4638974283
9150595583 7039471238 3217345273 4821361569 6128326308
5165038215 2956508420 8247108348 5563684152 8927797777
7563665982 8621565022 1250746116 7590321165 4209654147
0122942838 5457567214 1738992979 9800524641 8168473348
1802173252 1988211950 3518467058 2808429271 1592599970
1537509747 9007950930 3318805655 8010139808 1229845654
6816187153 8579928128 6103766006 8440830849 8397279763
7004166030 6524614826 6042831177 9328935587 4205593451
8813264760 5029917983 3827163739 5986023588 7851346092
6732319515 8872972924 6677097635 0989467701 4028229224
5909364931 9251931742 8596941523 6656465995 1119254685
8864800103 7779316307 3879444378 7115163435 8086838550
9803616734 1177467955 2505415696 3255517565 9300110987
1034383335 9200752031 7718713211 6942973736 6650481616
2281397436 9194360219 7933189113 7147757928 4604851057



4542832874 8179328722 7871096158 9682604151 9103216035
8867794747 9259298850 9994990492 1648497138 5441255339
1673798326 9837424487 4127454709 6206337139 0474048360
7941575293 6336390448 1795414111 7349362026 0485120123
0536055436 8887938629 1448078791 0052555989 3282527733
5435924706 7399972692 2739927756 5339725669 6715240967
7307351761 2992214202 5550653142 9549087426 1705335850
3331777460 2589152893 7886543076 6613971869 4743502046
9696687505 6766378250 0133665443 4120149780 3953340948
4305880408 0871386953 1589891754 4323055761 4844599297
1287256207 6470023808 8330825578 6375448067 3545385987
6380858476 3650695267 3628098611 9900402679 8113020461
0101944598 0359274353 0574492962 4227377339 5520169158
0053320669 7551301973 1133703912 5611913305 4329794169
9192948293 9055726795 7952817726 9687932911 4257773205
0021476019 9698152202 0615245179 4238984581 8526827978
9797440541 6564805621 0083302860 5473010316 0503201457
4051888761 9845350296 9999264657 9565001904 4827824173
8609540179 1037025463 8143624452 5088702922 6639233664
0435196780 0356654544 3642503625 0795296489 2139065648



4140182736 9714502145 2643164662 1003738099 5041855887
4896308246 5740733426 3002530994 9781559142 1287519705
2710011571 0171637749 8833787956 5686539344 2661195440
7741443992 4874232060 4226615977 1478006548 9643349623
5839622113 5312572898 2013559848 1565702045 7482109173
7378662802 5393070446 5543688974 7490658477 9494095981
2244787432 2186601530 0973454802 4696172671 2947787951
9441513440 1730118832 3674487204 4780623663 7003524258
6176568380 8485736885 6902370922 9088212227 2083417008
9791292565 4354194078 2689930557 3151916990 1180705018
9588596474 0481390462 6097073419 5449422706 7754033537
1029648360 6203275561 7310215914 3468441553 9095659097
4654992791 5376332947 3599602008 9802640794 6829253612
7789832058 5360585618 6118945140 6113222427 1286111668
6725025703 3634886315 8571739711 6032882123 8663749187
4566260429 5318985208 7917692798 5320596870 8273206077
2049087562 4976239850 6391873788 0636107372 1159075733
6298970566 5746883773 5159852306 2078348566 7267399450
1972457061 6041702865 6143126685 0797557168 9508067386
1961335761 3077933856 6529426117 8995576128 2203962786



1630366976 5729274631 7600522624 8813002620 1593446959
9332301304 4439085141 4406961294 9095143511 3240437281
8037803052 7016147459 6669731823 3961655755 0910094477
2011231301 6992708211 0437284835 3646580227 9843531764
8760439520 8073622595 8640787345 8191531059 4558252403
1075377215 7432145713 4477818430 9844749991 8919885723
4881539219 0452015661 7192555429 9875334540 0238110974
8520270053 7114712389 7974701015 8547538626 8028132317
0286201290 3865851442 3644864928 6552358171 3720293880
1752941010 2252028569 1187186079 6450108765 2984253297
1631174418 6507520187 6929274642 1061313176 2030850679
0665882560 6161624512 3298333856 0212251996 1320728581
6407020906 2312718344 8482230078 9404092439 1632745240
8745667813 6735570039 7551427807 3920034353 3132128228
7328689542 0618818832 9141890423 9295829349 2930594813
9194192101 5430324356 7447699243 0684895495 2023954564
5503065047 0971258953 0864100115 6968732728 0575346288
8209289499 8037694276 7152372469 0745276874 9411737611
2489070191 9879296423 2474948371 8639132922 0403340476
2728529048 0570200588 7722635976 7881747157 9821421764



1766434900 5485153222 3351305020 0474266084 2602758111
4308115877 3578536814 1365683667 1339174031 6070565037
9085284322 6782164643 5930151920 7099123433 8444761974
8970136375 1895168498 6306334712 4393571993 4533251192
4340248672 2685096712 2444228095 4862096706 4207146038
9235934010 6844004753 6963864975 1359735833 1093783260
0190925157 4431920376 1229377089 0557454362 8477384533
5137564981 1641233689 2295228886 6851999159 1629961786
7208191837 1734730700 6822812701 8606502753 0298339014
6699957479 4461070267 1611160278 7170650023 4454852655
3180461527 9803013588 9431096643 8222475439 7716230467
6463531802 8199644937 5662371151 1605197875 8708342921
4674980001 5297141091 6725705796 9361548756 1571782358
3111771013 5901253539 5568712745 7997201759 2606546190
0593796089 7846190272 2181450723 5879548427 1499133150
3962030512 4110916504 4196697558 2513218186 1783569427
5540614559 7270535238 2673571102 3180819720 8539486018
2205482689 8663602869 5668183486 6852454461 4408406952
1826332804 8760444691 9008266967 6296454907 5457223692
3327441664 9131955648 6439945889 9338775870 0988054331



8639985540 4932306776 1591828592 8743896057 8046409842
0897405506 8329611397 2392222269 7903646977 6787551730
3966644741 5747265846 5478065963 9564895358 1955700357
9716689122 6946992715 1284486477 2273981174 1814886633
1928994659 4706008921 1318989429 6771965704 8618527686
1342368815 0000417238 0028297670 0527792276 5540848554
3334861688 9849738718 6788618987 3232380042 4009638640
6798435171 6251126972 5924658678 7211070538 0153194957
7164948506 2981579894 6941714282 0421641655 8665990728
6198493849 1754802695 8461964229 4779314981 2238364153
8557038089 7890076139 0103234971 7969632547 1965649122
7455826354 1323414243 6435745947 4929792785 6960776359
1484728012 1218205712 3722912544 3324556605 3407484951
8144676905 8959806952 0034923001 2498661937 6210850051
2364425478 2643573382 1329660966 9731653535 4256247308
0902881776 1133739720 6298364305 0540861940 6221838502
4498547566 8721260067 6339743731 5325783835 4874824409
7809739336 1487310202 3904533809 4741597766 4560313768
1106298921 4090166123 2700390050 5022947613 5188591241
0647065603 1298014608 8899492786 2354781233 7075637352



4321271800 6105308551 7170340536 0330737630 1871136693
5321769842 8260176112 1860063584 8965341436 0670914199
7792464097 2114274495 4698914635 5548286434 0110401472
2300847400 5897193942 5556775578 4403993657 0126377009
2330401772 0157097140 2261897254 9024996396 2566890848
5897750415 7130429271 5928933801 4627628178 0424512433
4611567291 7087218116 9866958713 1261066558 1097155155
5696334819 8442249377 2789984900 1691334065 0139225583
7452536445 8711315377 4964284515 4005364042 1859769093
2979007200 8362962024 6732239658 8374131752 9058662626
9446735210 4426037919 3152110356 0615613271 7795833242
3894101137 8308624546 2951409581 7189416538 1882609858
1362550702 8147207441 0103228385 6977012126 6793214647
2801159682 4377110164 0588292038 1222982282 5505648850
2000903159 9084096698 0142501599 5974256102 2026318361
7255711149 1392144361 1018533845 5682860703 1576644860
5768250919 4621585069 5082849408 5301806644 9912071428
6759898668 8412790646 5394835715 3197916296 8219164287
6269125672 1694722877 4367226907 4631085341 9544061133
6084871630 0832207815 3715481543 5464583702 5948503616



7470707302 7584996723 1328096016 2936123357 4085051675
8670470322 8598724739 8086473267 9403949139 3791308497
3632414139 0294392845 7663835198 4218676346 6430180868
9606921433 8319604221 0094720984 3976665228 2254436830
4222054701 4325651194 2687039719 9293424806 3911831147
1596792882 7659016065 8481161372 2944199433 2637690168
2224343559 2607990882 0340023435 0990585913 9297715760
4947270770 2830957584 2707091369 7704371357 5902026722
7121355344 9733043050 6741037054 4077345958 4309227693
7484039563 8204885926 4704386362 1119935422 5500002561
1449708505 2705009162 8929604984 7398305977 0893141204
1983770187 0006385807 8442617736 1278758099 5515950384
6662074848 1572501821 2354082543 3798202752 5680745741
7795530258 9468194577 6460653749 9326993288 8205395151
8474085147 4436356821 0924250171 0525863495 3457915902
8715221299 5365959158 0769737340 6864938135 6148346862
5939742529 3493723922 9911260953 5278901474 1520946191
6937523396 0791800588 8183785066 8857882217 4089302237
6707892649 0559017835 7330290498 6104756624 0884046301
7442091646 0792765924 0335005213 6975053666 5803340501



3128071242 7989700062 7372915259 0701666746 4372456678
7432560019 5554242094 4533633439 3919567680 4590871330
9834479621 2966325811 6376546648 0890071124 7402815156
4343463108 1445327339 7154323345 4492686193 0744837353
2903424290 2270632344 5090815537 9512377571 6104927121
7981853535 8509941553 8718219449 4270861149 6926208222
8311054505 2601764694 4214984796 9162493833 5086438997
9794372572 5850349473 3211236420 1564544595 8323210258
6733821208 2720110236 1718132916 2813476936 1336231630
0055518541 6994512370 3087471769 3475306380 9491488282
3181146014 8473591765 0196830571 4704713971 6805417120
7608541527 7906148408 1543527705 4711138661 9355191825
5549673768 7537565590 1891589207 6743526148 8529376321
0787312387 5720648408 2373753032 8846402348 8292875867
4575174119 6425955473 2547129988 7844133769 7174478289
5148060629 7501598104 1096517924 8737254241 5860607092
6343451122 1805151576 8050395232 0798390703 8445590802
4897675124 2811186831 1223535944 9536233280 5156428450
9116382532 8468276903 7798940560 9730496598 2167747942
9060522906 4271154090 7596304907 5004578669 4806442407



9141604249 8973639622 3835534265 6882489249 0309401353
2275982922 6761802139 9446801899 6032067580 3429397947
9500581123 5633986972 7902367019 7762898407 3319861429
7089945534 0903726057 6822344748 8692010297 6488719461
8758629342 1317093272 7776916518 7100249899 6665855083
8113356789 6174811392 4008069204 4146256653 8294522339
1551604594 8248702775 2402656030 8024160840 6335831049
9159313085 3947426907 3234720884 1191820248 4707573291
1507212454 4689852685 5311599851 1179393810 8020977347
3817493399 9888973856 5369940387 5952533621 7482394715
4783480058 9460393665 9188928996 2175210471 6304660384
4441237345 0910382932 4838945600 1298364934 1732042243
2165642758 2862696462 9870549437 0864746342 7711852938
2480439358 2160198607 0062171196 5918325918 0757449365
5660319057 4210330697 5370732230 1404429391 3607299742
3148218620 5712797240 8432297422 2530647847 0222877289
8891720445 4136416830 1862059266 9478106500 1577273034
6839982955 1105996427 5198344209 0994298239 4136155832
6538840685 2983750196 1002674327 9608322676 6089824373
9923045838 1935994455 2036471095 9082518991 6629159319



6398638609 9844252455 9194442374 0980765055 6117505789
6146435919 9255642675 9631196277 8375128746 5379652386
6525681695 7003269642 8785072018 4716605737 9227252095
2321099076 1127024194 9139628074 8169651494 3204319306
4899696752 3523778013 3601715355 7941527226 7440438354
7747834615 4171361080 7197104730 8860237450 3121389008
1325624317 2049768868 0228292550 2433493959 9178274676
9594115544 3098503616 4313163944 2573259674 6141758066
3424492506 0402322028 0294698737 5182931270 6554137782
9886195848 1093502663 6452075093 1961525082 0150239512
8106961883 0208378779 1753142473 7800666136 6107125561
3809568754 9097630224 8182547336 9577744250 1363334650
5272962419 5150307001 6298234339 9091000615 5502494673
7128843219 7235339945 2938067223 4196217016 1634329247
9375744591 4665771562 6682851107 9209801382 3602779085
2490861406 1323820470 2960336142 1239678916 9499234232
1715288832 9799391129 4665253847 2686405318 7319793226
7770276017 8715157112 7131902216 8364169453 2904519520
4615033553 4734469787 1415224470 8770708456 1412083149
8011066671 6520746555 3671878728 7374690498 7162762468



0530857583 5228041919 9560732766 5917569577 3002879207
0628730635 6228290710 9317225412 4410289965 6219439303
3935979312 7298249018 8505998207 5302805818 2687345362
6207698842 8838928963 5517726997 7552708928 0711983832
7126416498 1358505660 9297466819 4143322037 6360160317
0238645401 0380419337 5688745593 5123839827 6056529937
9694631115 7362367658 0351575643 6802079790 9806973589
2895033363 1027509478 4781357000 6470316765 3179843748
9385931992 8446797050 5014658422 2778269606 7591977743
1422848983 4622963809 5752245329 2343592235 1304412034
5909610127 4485891405 0582747677 5911036197 1874811262
5960272458 6676557147 2754939412 0555133622 8916904263
8208357399 5206157239 4645174449 8991297021 1065709594
4985564756 7105391013 6404655906 1659117790 6243645957
3934607185 7771170611 1845170015 4545080998 8500405931
5587509512 0616554563 1462007387 3944332743 9156540822
2265516671 1498136135 0737399548 9339174808 6374196648
0932781710 0263955025 9140477751 9347205269 3611721552
9192894891 1285123125 6310527709 7234938677 0893098856
2479735893 2759808463 4232185162 4985305036 2731645550



8600244801 1287948708 9021875287 3453929413 1614662088
1482680861 4162015915 5491220419 8602598488 6099100100
8935521986 0042743405 7310121427 3402947594 3567269776
2854277727 6759795406 7832154999 8708026058 3813286902
8183862100 0610033764 2379198001 9442370442 0633319989
3214651697 4334576991 2822318261 1409070898 6144154081
9914737474 3368164498 2432526608 1666966973 3619695332
1277769129 7726357984 3015097108 1585627795 2410140312
1972539950 0985483700 6991572638 1749334231 9841708678
4859633091 2936697738 3562887078 4080023922 3578231036
1229231334 3138708713 7560726479 5530687856 7678761408
6797853884 1839750850 4683509284 1447196834 3566924539
1453969726 7038657031 7296241838 9792354536 8707062910
5358409586 2528817292 8169247104 6395913765 4339775103
3038618690 5416278540 6796718856 4523146253 4683464300
2030663624 3007728041 8391505048 3997746390 6523527004
7668220337 0156915852 3770139905 4126383476 4846638411
7910763416 3945096265 7613452483 4091389875 3793488871
0844082251 5024794471 9876888399 2003573792 6073657685
4930155343 0268438483 8893140272 1966820387 2768490406



5078641498 3954838623 9914432710 0354841428 5714663675
8141086857 5684974964 2492058856 9843745946 8657448018
4934228027 9582356377 5643882682 3262418776 2216226070
9045198459 3267734773 5018285436 0693935241 6589601174
5073761140 6406895988 2929944645 3818686066 4747288899
1909822960 1789297804 7357912479 6321869153 6870365595
2944433499 5425160580 9083049273 5940881012 5128045910
6505047664 9626758222 4133933158 0270942092 3435482413
7545730590 8715656756 7670109209 5054671117 8377321047
5976697943 6357024999 1724776409 9099618422 3422593896
6846991544 1887720946 5300703443 7183115728 7057320673
9875957821 4079407363 3423608496 3832333591 7902277126
8263032769 4877532004 6801847577 0539434300 7951196667
7524396159 1663082780 8395905383 2295112723 3820755074
4153078897 7762867716 6251881091 1875351973 3009863771
7478618815 4764116022 2390303195 5967898153 7333332582
9836004518 8973413138 5796009297 7745880614 2401045915
0147820679 7394363629 1993558227 6023675103 4782755648
6627121882 5552853178 2535860103 5108225814 5026112047
4709240171 8602564690 0684617317 6799057349 0110072728


