265395507596203438999825027992376697729021055212545393402864748384179132380660
591410934599348763258485199292284971939956935071779670729602038487229237471501
407657861767711744089934001369272441918296856282452517486579020257707165830298
539350660955405716632411265517242499900482051789386835479369663206694229581610
506040303590405856620695776059450952191291910302650435572128780909273778254477
749363438333368695005675237951758381163652578968936924203483148198993181576759
463559872683701529729345397633879533967248436496990899554002952991556399919801
121201225495918645098689908645351564757386791252090823315638571132592058133462
969470837810780342136284989767802089711122826782698792101948989871566980081066
441035272581234080564723094433969036250432977464201263135613415965023449915047
747657053661252719421245638888612223556817737554202813937164012450934171348648
924134240253083052283703421089578658744234952124217825951447492998414866322598
036318301992232284606576033502687040514538893318514918215910495383800903446443
664618905500309885635191959083409910336308408589179720584515122806152343481791
864316041271999591427454237563277748428861885664006173801438730607430032076129
083746379452755660502816668458309424637825814923208841051222659106094507826377
087419622623011545966741277585380842023766738905165359702842959578332106370092
595101595012349543897960412023250930362749086301486539073895824179527352847453
576231209115849537501134738874854288337668738798092203923588909176003343605173
415579501469176343249183008783374106882893483936873927674730104674256616952576
526004525156166394120918749889442343405276820822019410313786983184773697423254
037085328291030818666297537219906065547549524697215602114486676036062020126341
336839823331788446486083372671027279146821748942072057564500978684074292196829
432061668572871874499970949114143041677151056639398930895329602963539323938342
568801163956868021097161665789817082226855895624245599363890759373501348899526
436133413332545548336691090774205702940193644269718286501055212815136397370991
603614189701238061030884476268357078937039905094269558104180740472844001692067
020855185592464279179870870357294334035576045913320227645870674493969066707386
737284315524218278778675618127104640796374682423853027962249369156643499867127
907150943732920460701403303550243486930040663308685727385322729736771648151665
548357549970802964767719917940641677378402114888827020197783141484317896051144
183508380984163136907555065307446644969772998531086523855313648299053899414551
607865148138194359309590118588334007301612744632638904557453639751899561087281
740303859446971220231234189878837271727576693071859656818391386339734045080841
619626295408116108956674414909751625707390070758631898696327024118778617493011
412484664605307675627718386369735579658088673568088180361208786819110745655320
807411959842342828352319579104804398899278484469364282728405927311746404568356
504265977211336913878429853078352349373691378726711361860157045857252697620888
480533339961603409204448746029580566884594222320049703765369625556583116201483
872656087534850991392198485505390434997421609756284634274271201681430895570143
598625608034084905254477665397924303681492657698550635403610527332589343649715
245508514303837183142630652479034685749538385666958887011957695229406720650114
250245757614206228820995985013312744293341338860323110384095076538019098521619
160568770322772200951079090603957916760821487575004299252236715057487231122162
212098544538496426937735493250706473641053210895963116575184041351665481860599
008270275723273466615289710570619845523826654561782715429401586469101305515348
994782435043873824630656142099744745353185108155893640821856952712326671470846
928465317553098238883371224283843214800435065069820451403442833017823315035005
389840694998351793560805111544636892362043734161909453465753688878874557508041
955950869786945282814751337178935777829744036621859127931868272026982591051643
872673291381120126967285433014498655272963636948603974007476632753506491023612
058602678290247373438425127709868618084927178993991289710453442548858962359458
455935905691574018186433405204222355109787359716178374863022638146299904707099
185482042676561666820524282467951024334484367600556665579457254401599907505937
487091376607829564078733155298252993749493405351105546527693968777894508284341
298692883677456499960853795169142465922398091125408984465458670163089507736001
661808264481538153795051822658128337502045980033574796178224935514173839836714
431445010007413433550217039294477952570243990090581226941817881365905682631397
144292380243204290682159062439558310483585655760587441605461465196703478588806
662401201735239233899517187758356369093925346447433258747124545728576808870917
951310884382953028696696664384089333844553662885531961370010148702940505608733
936521800689181089116297040201605304804213034009048598759204058478651803853231
440985127625533170496356915553006955011005129737034087784054414418131671493865
189127442806258634585180356559491969414353788999545708391278049387573326621819
533038439482397043327062874783137883118520013787562952637147370981280505496904
553788329650160508764049788443986739208308063850830063405739028760390238467895
045556495258638996226969784643101414515447964349012792365485109220459742866654
279470234153985014826586828841118045487239505791394436159662847285896739389749
136509059158509448351542517982664447362935138781979882413338351489446982071453
828958394265604059194389789272104961510631975710340121184599943160464789548435
468824072509736135538552506801505495447526930134305692152690902036024552515116
923082109585503041310410532556881064041200012010991361660551813053751074326636
448199883756343888138134224948141506543736205328917880098955489390126221182962
914767054103068078334982471556921422692021991023064118035779445607911371002326
029627640134231052326717392326922236601853814763877143111771686911441930940706
527837247402154732401679848423742571711871790095185711071618453580073298482251
062276447217208141854508273111320816124149060740368066751379417131165786805715
640220456620481412554696964489619528417302081848994140861173741332440850764821
301635650511092317213223203345313182123219847646419905255266394708730797475745
175746754661622367315418319921092345040744650388792515362099516965769524118039
516035181201307897531635030763544808523484291060613026002400720878326643006191
205255573187932915491508856427879685603111011318435408072971088111544624041175
372705481403987079642804193674465862083594850955754443062371886058946738247086
739744217720465596336640176912256577744448515039496598926193993179738803751049
289871857409343914409129368267543273141981313918115670464911813124753457921454
569407933726029010189198615086808318989292005504550636546208239042899471538910
732315716250077866742126400931703335830973140272120124666450698467447668748695
446627697930166395372063317716987944430973982790673748847135831517533392533034
702229419478574620966715818590225628513175144311714620475936230771768982002113
336654926360965956961674592681636969941561368137659826874671210394501582001539
757923827660642611251754646875886161047536382518803489655630522335876074960932
490312897385737731126785533531070483968605320377813622554569961555028172037036
329877539047846938566660973276841262201356797642704272245005525393684746286155
094992282130934617433662782114868401939995884709446171589663850434502841808546
754891994586316475342379919135126532381503754527795362853545587123673299231785
175448860910977672784015140453720822786996436824839583634321720085535761694102
392297694916834629258942529191010832747258702396914780750276833407348559010534
576897392663415565216517357810804891989118289979182123210154515076889005435934
649870234903682371604743127661069843844154398567626537888321832576117740178984
936439145032447073582683259421993269281562036527716481843611663897395104010623
708330882920095034797471931863568134330101407271791638317908098534747202510157
511930464794495391082563568306775808398464373054930997861860554748732011424357
500873816334329201235990581775878343354997506605055988610880273547867254756955
926549950232729263228947552939325701575284677578263694811671968802435103856416
192062885874809080998754846743510338783666422272129369296515666362394755495617
226287608771338606320938800220980217704973717120758703364279381184469624737195
926802301639169595620404736868278501401799098724371179780873521954753532673387
672154950092222268018256974701918573660053168605062509065337651345525450401873
038367956247670437431872446113363313498783132159320323253859996484536640091555
810417378674922368558905637553457672204521429838441721576775967266896051520248
560153235958210461202779161506215453577374969275111121587666723506927122506328
913341252954622472437597782982556997054399596505910102980057223473968632901727
353812676496015144577427445622544340982398372803994623220761150028079416100868
799041637537094953617561875528172957085725125296048997337609860683874733409910
494602951753518142957753987606835994318265795108643309921209616216701671342859
981113500742301205582432186143855736419644251233512417172775462463918114214894
771428388089105875416072693305060021952446377683488807774948889718894822273000
609772112797752257308857429151399949666052358151198885112449652414993411321778
080242449495333133077820103046388005837788526189642909587277047736545498272938
934395963799995839412081324630672040451843435146052438603140415864261413036682
524523994559862122240980044706277395411592929367019010084565063642148611272569
691974048076701587037565374678876474762145146500456559248695719404772307711488
634120172646328501832682581501224687496426996713145364280083366659002190475446
889599773398205393299714882089447232504026424198399985995434431312932705916791
064486242324196127365545259567173077639971090815295894738013891912840037140830
644118848248905168277564544846530660630796021734391846750951299937095429288981
179261781658217547066074915032927105382980339351373620742586907575706620485420
929925297891489946672939981263075948990992400957642219101884611378603426401246
746071519388547324009165660487267851464923443672816065326692167461893691398144
987942754665394057694709834980242081955374031415880200114675722088323692614694
203453686822619601138910191091465486666782158756851106955386067105822439231542
171416793797488119939529381696576886889456519099966057062554167228804369083549
164781364851769553399923071595978181556576088265631462154336588271806049616218
218501975148933688930529219598208152336141755317966186577802177901765723853084
898655523806749757743392446392077019937852006170397878579545875464310845267964
255584692120549040323236066024646928678133185772700866757479052643548349814772
608087589947205732549932555220346767086851072995082043923163450204496209736573
051652226993135716907681245265191491472492738226332886207660600085318807396721
794403483236499202454577325908424535264456446633853123117247695098788395868425
099610113106977281999509043742251192130008000709013459571016623642365510955247
597494398204489872544337967176092206804584554258973507432663601773722658400688
751962599350084610024851185909655603299085507289759808641324769414523357375637
656806887432182388909378394387253679266615502515168714809756903775807277900616
991938009845595324731979528921182058240140038545339284777825557370459022623314
342759252945310791708159747427273591885282936200909965734898834102119459452811
260702449475196552681049973300210071646582995943646904886126353790900964347909
410144869023250540083511628319953647914770777522014667364316849500648177547083
025856122321482785499122567472774207188372313469828657226868182348709472953493
504533296936051981599139996146047709598621350326179274070588529062594851773943
992066691154194609907524318336384139338746592718283996033264078052542801651172
130009400328339594426475244022606187059219043179086736710580576190306491639549
365512562334170558296410267149193980496870607589466073782596609723968026014625
012813149307721459944671340167367984323646151690021759414577136416735545915343
352086244154348395915657196906831557418458515168619253356638644142894876555317
126200949309364024182650655282412995029528641706417984084215507703766302007820
211969972943339322020117246578971235945827694701352352409442853120379823496420
204069963113933161781587067928544627049510066727217511786170011032049898786875
461522335902211576263096908185540719665854449825734903037433303338293496041276
065361038093793775987896698151087370796200023607251251457828251254139444445744
219305921373742942409122864051007397230942450096778437752569655719614933511721
275663163540183400889169285567790803436835466820379820566353740765060025101286
749535127687192467201308139456622346507423912210322052429595436915170289198102
990230026742725973343682205744139438232863867868741694642428957892377135516495
986727901898281225525131906996179285268808836201916778425555051058178058085742
273711929796596420470926995204875702866289465915309679311195164823953698144816
383823091550135133884398854303873182759820408232440148431576212877401847320835
315248918622498259721196991962882705729785242652259131548113365632785600467039
634054196311672101684305468049154017662993287009628165977387873173139582074585
417392599166959114883973019997986665869819095385997151000848785393480524693431
565515167501357002468893376816121283976987406208125276344090140410083860105798
528789688258296717115354770841533916111178348500931511063684443301000405094872
898174721249021780376721284501377800312588333674027422661452864129036320141380
359229615255778515178655292326845943590959954678627672284174076794152932524383
584961973754230282643652626451218539665696787598645487996339757223086724575281
029514079841740152474932598414115762827818179146087557457486730128767715190549
379389603845307857053950626805459814294538064505053797782718727626065199939621
776913929103615792956997494374006100144394729980450117546440412039450507241824
418681726779060254058534594249432301544971015563345696638969011382350263253441
411974002490728474023851338398135177892394144782818839190160864528559172175165
035470731877552235135506545281180638365038381526695447881891270849744867815997
359335233797526840375826318938417632291554456959076605814899510409240984825633
059518189984612577591259366654037663386120220617094340902729962458815772604156
774233858169359004057403183898825057415827960754927418999413517762339111201136
697272834210689908177574280095474013667304785459997935750096854985890665185629
841237846225912385882141657594338517508079334002246273465943283882321040537969
258045656641000732499481642595881335971083359233970342800478491523811452244962
452957527804095720031843482251374917473186679024919109205858246247015623616604
920684661551775793613783158194070020208705594467649703090529462305943425038044
310156718789508929180604785244755392168104662050591749421695915738611061775762
866215050756698791418178461223774620440799105544778161516457212770569360463023
836918875717623417198440283003883375961391358478545017959665350427755964921979
471226765595218090919916324146056657717516915500930334667588351378978728729739
310347453228785166264678138642746127965684709038158335149883190437561321546648
961770254388200061997502440580883306618618286787447208257723765139002884139066
460490503933504813299069151186179460382519809622642257333843143905587958041162
359635191549063025173105873219608506140381690610496240567790278477054694491388
357018112722257430917818157068781055512482417794313429709527193062290593751863
735761791088702984751963204615840254299431019562039070094133043026128125701109
927248078533671997810127720801433066673598124565784704240135740809483934426279
012728829071757891185413966902617612446705411752000217243916768063020817120973
299028418614883072301329360203696025854875818344996017474323614459349581891650
040482582467245505197707149814731455372911976136906457027726251422903703521685
599341507165727261467513098992504316951983931407964295790972967940705893761915
297016188584143100450226692331741100951096862133516224522233157767096114972196
240913476489190658692318030258298729143465511537389527726517777395747544472521
909308800322997812911232419051902683839480864456453387656225798054210474812527
521061531933254375592286236977921681696458202502175766546517009927678548125269
616273286687833856913530120109079455945654473716473106700093392674344340089193
203995608580968998794332635502215291418428878874503457780161265531631038178623
444668600618614378151461305708947428638338629171208132445462898383741118605659
546314614507678281743123159934185309500831113444964442276963627968965427083479
393581442353213334172307195746798559527315026065301296485609558433652045904051
136817010073147377051212630273366386096096045125615805610524124909550258940932
336473365800746364448233065165064847183005080259147139992321349940347811203801
096067848603496210839275616739381158598416640484339252190993163204119155712532
573252678636807096938661871091413830754981427288195907717361090913963827150474
443056924533008763720739598854149780863574257090208827043633537626919633088830
250758440640674103305152423189976309097206332646620511757333116030793362827115
915981629346051333160865989306320934600865939542403957488987221398499945753291
454159103424881336005447437181617018926954650625081465952557048666994370343137
231462176023685698597610995711049343710836113865762761841744162508468275328466
770857526617486351538909318942882938942713053912330258861987873271818978211818
980169282165876717644195833704044260552123107946770736877051516920064772330472
201908233078773652564661736622060731826969936428651457308971213891825376483505
713500462956599664245623285441917864844090474704746606332426132039041987731737
102508458344405857297105352419493507776435009133429835509938685430017534540129
806712899895452870497351015295638859838156474731846064530919034260623069065511
636325236635567928015023666440568342853648499087270384368785581212832775863836
887109416269138578963910232935730034236697412543188643302433128469570485227592
410862046063479162368424662946390094515989389437748396322662891715997639508753
591176056681425455560508157480497344956033604314066922997323633356899269205334
608960293655115910743477304428049188290300326750764205757906469464074343102191
352646826186161566707657698798096174576454493398061495890503769443300638846830
873512241847216921936161954184808230250300810579285945065099811037067537053085
207480856316257584886006482670999259434795944710896371385079827483398463723173
393461396920525425533820252965321595219375321058290460808026232315121447066606
193710564602865100799125248341630638072798872777091955811602040891408704801606
931418322406467629449874662291190834521765518841769652891394092630558461121812
172216466144417836542476628543403065623989524936173880691859746023049496404122
132746871444131353848853929467771162004106131023317586512433118867465743671846
262775921662571334697211064531930929098356365630735573263989286411248962526903
837485751543637760592379449665063771669367607359532359925945838401429259613189
766307973935965021245196944337559051433135774355535899361901770993170725248858
435421646417751617694078300875810891416733318696200499104737467306373102513159
822866585384513534266740602204157362148903454563946161292876375937214938256470
733259755848641820103622941281360008848507909575229864077720577555705185306333
784905600320025587792545613038092186848752809501655702825777755154670017992713
959824070900894310742361495760485618764454265721538734279355143355365737530869
434624762680030506592960532188200266517823314668407648236257519515157807060018
384702371825671237458708747322895623233567988312173984439108641440928239610579
769527264888998305085489660306717709711396552673498688310252359769970728355853
407313442989235504081384044998400878934924378136122098215134443493299206965489
406414873160763524927678095012246243592673988981083850259372425737287419390849
858758445840853482162633697604962119823460743722042916571848230469427246865094
230815048870297521788508655437881950649873832762473209491674080290427403260596
179988417288685022216250971997121628302879048282756577703383037306405687742421
031527143957425105319399353757636665024578906575383558285858773669676677471260
214396138442399404473698008840997929894091142230270328733449239961147675676061
109074212698414472295981987711299849607920653030987536441703602429594448210731
995034968050115797893016706425506706714628367370143765239829218668735212525182
302155215609421482651216914424165663233039771245170403359758339468541341136954
549823103797422359673089959508579762956943694066145521639146825553586381354733
757632455350200510028414643093313197542808539185864111991307684718199129431217
371116476567069626721918990084092239015839348192372683591415741303194657498611
308546647781118664380806670653473773671059637805313173748833190249204460151015
896307162666502210305652696328454680217877190152241004282191516636312915934061
401456909849079657086667475936546344588618307700736153017495306589886257806086
645749580588016019426402338072375120254574057622471886454217589285438515819898
608282183165990745629606505999006147370375868244537200647499706744002044154959
604487261983819765319045845225073361644367726490281554954949636678657092998740
789744140407090965600239392431137888499106597382142736961970273701638608318772
282501618550856469355010379497926880975213295717204438196080109740685522882135
146728664450067489316226965435425686377577273263688729729144197692612915431616
293652669407981322127269086683279445162114519177279857795669317948593916822794
021680405337442491336693961362875729754307750258627925096640718588931866142777
803693127651928433110445946708665617847357762137495013606442928189007035258985
373439013713289371004222766950909349747661890866030123724953751047641999783210
220351237678705817011331158007968827902258534883659768215488968667804000668088
083126344838572679035723327648089627265532627811819188589052439913685605894814
729397894697744737583279997477436687417959309230135741991500338315608142235008
705185095637133342499101287949746855526843304595392069770645788452150533611471
179816361970683954296928093723842508188612412878665172973010284406866812023099
296343047261677944414628422174988758767206431089317215113782077053303511842420
193383555239705124214252340920377858394376800362464849539674731424462448932387
056309398283876346236532090798053917538879029634451969159763716737124212798002
518256561974281315980860221199590183422468001689120653543619648268867653659085
422121167412955552394833365718179031280291421280407045048139957765145674054021
788452198713593631151980355444489130530756706079406407516034262584599800551429
265556266262323059815658467126144177463132414982605972264479064988658232815787
312051101870701522813229201941922061730574866586322111103666650869739433616921
630199521370559736631656255680302215420352768858223204622800704094709610796270
789027527301853956153906022968739919685584118191279375689763364657556935467179
290125902492332966363119798913741570620191272850919772207588723964361294841621
368881108269779500322808319603856754306426476820982571438207131654228231187892
293685102966254656665322455980457335908915198380552225369268857066554568120757
078514515135182736595648005261193234277385734081826382444556304853119213424415
713592089996109366448057356325732639770376739456167101357741922104418582286543
978425904873663411749558853957093815022141476723364099046314693743684500279559
700544251993350203331506170157567898685518410080088640819386050501570993761499
412479395127562666446434846231413117079246394338921702582622983010106798993841
669299274298389039836128503324608359480597878042632580773112078064668328299349
070012041577006684114028987017046518583924141848772829181530172602014018155311
218132841170611508462947942894507906527753886592677602120497054072589095275114
865345171571964077826360237163494478063607340831499373967858346825673270531094
934907347469375460184502871810079369918842571384752929794619975420196597419110
578888864204425743380051221406135824614849829783504406854468917120847998248059
365389443331226811899791673451698133750191011260777585996327424033303734272593
959070334997691210985905560306285458915211584598391736750446679816441523911971
575144167647058954565016076412793909259005282091563121122089128277197571936236
137561607110872035592697014301492357214304026061661138966525275659146584936647
460823460512188171375305827177134321761277066298162410136431536582537991467401
030197180466479755961098552248489759509950984721788355780912213689735845268627
685082525288091803821649164104919380881869536320019162422371065035201021988545
085883001718456566277040839824734706908666518701687178762018267300940674106984
889161678200086575946707303017563309396485011207464507447380776098559298799903
512700771166199900909650031015783785724328865498308866813600469337663850668054
765940861950286678084365766663895520768588445753437057362791362570683813825763
319594347191960166927569123738600290206349721732020889597268103641706455326293
860046271052019003401496676898885128254718491982478972487864967081775862650009
441228155421384602436737755226820441312940984831585041566146836771599148270811
896536018521285558653497391162410284494454552468231075278453111886808732139413
906552613858200667290949125762191377606399000591615774657423251250124535046668
796221980150274323102422315388983852087829267665755714317806456233135528685355
039014402290693098891206635540127896445806291466493837557337710310614469309238
962751148873163626813317886500812091092549232402536649240323277933365325807907
080495572174515446573431806744300284973723676097488691662854519435686056983666
755117516562713700183541278820430031485607597302474262936722362273681243875703
111314767912045984190668387512866518080535198963400113635935273472997532492441
798996448906888050984797959304184596811858305698139074829097957959280148653713
664120138124516704419044128312819479980063073478493909058791659858501722121461
408300937468512190410173152156161605655997586394678554539137473701304617380878
155349918628840306158308968128821584036779472469108776911399277012547762837025
228648273829044252002881054066721405357310724838648474975825000024984417402170
352052487486096971536079701081209317115872043798167714148918344635962394518681
124426303190633389688918246760385156430514050019367827359447647502644264325384
159456384841732156524436697234957204828061378522460453954939738479361873749700
662191631303970836617852157762549033724147056503220351022981944882920995291141
697419491424023465234016913855681066176734462709246508874364355290752774320290
425831456938103190482445753895505442602347571622801231118098723876941000996912
418700695657895321291798712706637092977166104839318780059669128639914004898823
528328843999048181754977695132318043723705561607566937421379791308388494531360
505175810983804135072378386844929096301147642960509459766335177683619560559469
324355638059422603279163121779656816643725514932907118430526758559363993746429
632777286335497123815334048584385860617752925106621292605173760510805731056993
159013081164181301813377776648713352218713249394256196454200343502571191549871
595553697167452182013122358361086381442930140702202210070592046915454226014944
358980352471288965409185269306441635759921245911137049768169856216681781133059
508709780524219846450306925482830365366112903027198658561488946472217813034924
642859669235829485022451167065055171869730409404921101446191710056807413972853
120484922884389883694593488961554117874034316397653871186094671892257200817737
795371646539173373588582533070134834935389851255650930037629934468415682241705
515154047087513104505651934350979487346059388162698948037278360776291996061632
886471447478970137688331362059438621380755293497772097171638668999811734006769
044277755127223483053682021974512559456930437584543193839798793196874486506836
669259985024417839075610148521759524277699722901198855587555565363780391807491
070084759950421970859175655703295868636304472131831579019265448833651912634262
439274824019810145276705549291955117684434787180776197963310194957582077815203
464778727507883925103713431452185319515205162544787631923702901215149022723945
740626418983030430849817560051343383210163955857384447045271461263773940334501
246338719931899196007345716385031352843258195657276780964740453203196187066732
642920872305236131646266770127327436978750620342632189103112484401883155676876
469005864049653604907479725768837581309633590927678949389395709955270217364119
083492868628989354237887841487014700574925115471658787707667732132595179931902
762540138087873682591186602565726928877280460004565891888250448296690657886891
740640064878468937225703200136195543773405897915059483369453957298906051042455
388748115443922712065145772858859125852808453487025987228256206347041631694399
279738801676491080256167205249154901142696856639035701700591723617599505629253
723503242783630720460013275664383612338169146558518964959474507383555653164113
