91835632914273906894629087988101274779910950112815
84870649175596366349630089907596411733717220363994
43200014795283386116031028304088183365911657960397
86867952446018518118014475336162366337569568738810
35237948985831186158644928346811369101730192386617
83004929570500841038785352108554401144010632762377
32651197087034865471504312721948482724929574382289
99329043581229043196061690156783539574638004920440
15258976668857628702987386488621532847563450291129
35618270052617119164335393225598317902666462717305
98761561106220165415632019653493284116790699334913
88561016095935907163380737724507534516955947511403
79333386258085288548356940437342803514748626409483
25141904501274563326621892380576178862513827107065
21184693029653249858773327794008279924140552210854
48607397144501840229347624307528456678067147486798
98833871564758345378960594532568718594136509251785
44552329946537341133252758183825087324218916692112
25140830029355596205000328330691923738754717502251
85089820035745733123600831002444344423879204879866
34890485369990470516276082615067278796196540248196
42339247959229352543218019465861395245520408542513
26593996713427789896704477584906534360252936359025
54629121037283770618101915625068407221976104162231
44124152346388159859845094921057077365990900923370
45951333860141280860590573456690190737240511755685
88220833796438743810952157921464525755183985056162
19192474060696583080666412678665976049011250598541
07989046272388295795160001681702577722819555008245
69565517916777911749151165031372919063710949175309
33102041233467501203197418687868501612332803785736
92396789020895083657706880776291830527029815519754
99581501170833564373451663181353624013355170541473
83995519340829612734322844504097349721833896897784
82172832264244553736550607087551621517096836752655
27064252964131242168378939459736053501345323262059
15591610327964548835056737437619070126563354327058
62596558237818410819323427960699645274493147813928
74265721646511981961566228684570985146396697412231
67697402109600226234919720261557308715704906389654
00231416517542882155848973106609293042157146051417
89035782446650561602832027292388810577618299331950
98433361331981934175642840146448599626915681939376
12488648611141653070390980610964485364179649758234
86704246284944312269192374692737986149048488240050
97432331879397527531921607596879616099629158531547
24678069326911929903607531246231526312533892343358
98622671291795989737787150755442112095010575964227
22470943348286187790892354799884903323324831955275
12465813211320048417867039547064872936767317811843
82777303511067554661198236211139529600663064987320
50925214033746645678893473359661015464810002056884
97977691334387646173241989158942063911066542731554
91730567236237840125710522777258008702204432437991
70424076265585350578207336004250917390605054471161
35115952030469138357004199893075264495853562965304
88789133896226261684256716820344681464270031384396
36974217804686452335805398279563823765700306750750
04026476077119889899627736413386958536578706174657
82563628625595589840221992087040272732628113553953
50144646501567255252664955729040602114090541868683
28269875712698645525803928839211605933121038622137
48273911434956836923867130285681964238705214947479
25513710427624943393330566139065555647418862837759
09775277419687483834356395684256662740400016749786
24645361493196190753295843050975214210410250017927
68496991404970471318451213770900256195101363255136
09557712889266282897511271983689969530833089965667
23921786394400615191459514932138986976648361076698
22756649627895787953520714271566172055498170428851
38722043299487826300777294828934372759718489830012
68199762994251417056491441318413506591691425939361
94100594587121155359087606860676386892431381076322
99107610087259816694449738893758429475382224348078
45482576593145755265087780465556559918968810098585
08872939813973247389684260027303488664116494767947
71981371612650906028894647552134236716901266690361
34256389385826176110703998737038600180443416099539
27847776236259341976398683680478819604445553636903
84797938565455621015706030772466805416399486877021
93566258212674054273491728787111144395272758045953
42437529502159841357044200568615951414761945262899
06060881551485654792912873741506344568665388918381
49797693619291384624262547231825620127994291276337
99185452897955083351754773550668200600525170548654
64554321231936562032523784556635994871631154445203
87421702836960133147775283023037182487706954123228
79053996946972738280514212439077257879485202267953
22486961026184669071064764694587295893403821611293
49240717218644521533431511011360530686038325599040
60313773660012694627502574127035052178391491631998
23440733995845324992156879591582871070378379692191
35241726025473995677232332883078076317550151706001
87593289642088009752358904510170702376632092392454
57171380438410592426401022985757368480092367389705
66478690061292481687236768974116374731714633298430
01645445850768345710367438812649211597303780987862
44215536499966776706728086538580323433766070635485
01644946140298665681233291519328925632717306773006
86758580375691615462556216428604526165713430063455
12006416954978584057650769979318255200850096623979
99310121605180113014231525083290073338667697440830
66205299999838082426858222312222221832850796076900
85450528104597466606125949611472169794098133472415
22252275618951523778455377184046313162234334394237
47887475683340470143737503630225533979037345906826
48500509433836503079616664081807983533908941356053
84327214259981036120243257651917478816470045849891
05493290258448004589217449734788545862746066557556
45352487496266226304592015575206578713344448448334
94110773132867823167676099062356257545465813648862
51139539458372568093394285868356536160539224761892
48382884153999074539760145297961797506553079757969
47397719983439050080341967602007081300226616100052
66594155739122551019620755691797630145626404178231
26343671863550711235853492203756218297592590473776
49220009515375211357206110341457418778797142568183
04901993750888206459280480870111403336389054564929
70605378382098915726824328159414084125388766050433
80371339051260139010740719672724421321948733925598
37094955966964637122031821260546013265553404799841
31195242501136490616718697349738570054035710554830
80149048774214661645735073306463129781130517100933
79369066213554909471138731237030724609797470703853
87862322965907431018130420352125514238682147082483
32046548811286110904649684344823950435920964733270
84218155239089151230256364942927424677984759594984
16892080023219116433234925151553391367229558032914
42698584258332188411940209931886973695021536615282
74694769458431674808487032274217326778132505241898
51428362849005073992702869148730494533369315773110
08533678797012134542871553916958338551278877124396
20323239016538419861969302136107394828014993516820
61708069916439305429393879442809378651575880003261
26988200138210793790038190915501116240109429874299
85922124855133282965824456653102719035793153912130
97235363775894902325943057332529141198881929366664
26994674572571383423624434093334630842961343184540
99127605466400467541352647522660324774753545795863
38339412886948482170650309775775627939627139594239
41600896236711325669950685623995055907037216561661
15451089850381152026843981830075071131855627326722
93309512234948162562272359626145507556822188564824
18313990447168285080996329573189153414674957301141
26415802029777535163137065056326363578278098914410
52527435754595199897438944622566872252983514649290
09662275905422359380041883169912638283187251852310
02872425980995183759781027321886183569193142280119
95977761820830380502955363581899466223421146080051
35299299623270402202994194703523390251293244796094
68411051429448396792671450334739453452209960911144
77796029301343210868871706813718273413200337142627
99966154873997690043858199420096712465132329535224
18492840715932619208048192358257739320908281667589
04289422345960266753477938370661484108870106662685
80340508343497510745813690794516632470687869772675
70793424264159608904962567731899013623273022267572
63715318668571145043409218451789208819407670449800
86042295053920547958262167494472270503671847086836
27069689228212064161226486469473549317312188761952
80002598374432390305626218587602397747604246674889
01848497573391249908707895761725878082489298378903
04271713384429460365320898720479292494190398649857
38222680811342272850801678942529823084829690068543
05369681769547207420291998186867097506319126351599
93362999884992625727659854813995821685759034976553
41363430897293171452421673114299039278347463029009
12626212082093028622377664849140507640905661163191
74670065824616020449774835970906768509581661537368
00385386589068614035716282124336909815695045477119
52305260081474882507962139658112056955228972330196
68865655321329903101727574487083453932078147899895
84715196563011535588537404454138321341296842022397
83791896900124189999242493501095920287319580434112
32846354972986248809263593070387253725643832638881
88169959274752848203425885183401293557695140654437
94475146255513801068859408161950337091684114989721
50579793807534578069990412151106514575657602148155
48697755361959425910248238557794096894900076805990
34100861130082697123417749026938325201718315156723
69906405120405069931264790611509034926426814931538
76836388511279591906534128526849801871640650902399
04343235091095354299469489457312056303683341415447
14925510069628977738221453584498742240540216831627
55625871856236288399587479307138684006993698353636
38856580247515059644582539503990567215743704954751
95878473349891380151340367938484062860744823892263
49991826533910849583922855279741398411337929943153
34466675874659573368811248480027481442919819729504
34832405890039350955912548448426620034319964302438
94372534584894976217473680094164967194521985456216
15760921728560215840731410181845332547410009759287
74824402882695300080011084992007405049969330701701
18463562869943820599727047412019797929079515871343
98703356172374870541844333703624480541226647071421
99965285371677636299818227380460401642180559221235
69561227177543814294117335935217366902112453451211
04500308206003352319102610019864976782776985379925
78374701975577073234182417524474665138058268571031
92137565056447169048535979486882346884963133544953
00983646951360714599325701743050669387661574793628
61201678981966233036915876167006624465070466034092
31822959388858374075704768709890076967845584350082
26590530125874907356456842113078401993667403512862
59735331095234390752557017038672932105579865366168
94236123929497700842946430650970197533909306978539
53822318131275350907830584799624959902123084706485
30669347301658954690679013417557028269826325107985
96564557877971116941488256078608504790719762654675
03079009753872550745743264032390232308189805105804
92858740835754652406667595902874451780631476945128
53833265686241656267487320066436355069496833575997
99227211011833638122916229786711680655276660200284
85213285051813691899377336862731578204163837852293
79223030183977304265992884918521594769124980829588
82086441723862022759171795337308170845414837994228
68074074912138872699882603140123627829213815779829
50449183695781323531589986089374750430460056892387
91824705787073098959467092424794556818290891636204
16009738139707864115337946403241323152547767824541
24845426543949431038874740079041427391769183833400
27832661415535679674518058449937965810427548111941
62815932218529938448558282748930818185129596396214
81562743768970068892963370167084366600066473260813
11408171333098581126821925209025986926407154224690
29511557443465353635609355196036895462115382049740
58619265439024050162820192324745527433081942580915
52707726813492232861168883292172436995579470484770
32510020374781751896034936844167118717170738484502
74590309568839256182051661066949251081407261141305
77750355567070758219344183300552238316222757612723
02997412040059843975944812570258719948652713349253
05888080141134622463903117458464231978480106616011
00271491090619261882577825606525281357101872880591
74626573242147404213744595931320321271114195574906
09963368722661496443615686467967561676300610360598
73865502374078571304109888545224446193846890993067
81558372320049592618242593613089331414908087351151
40038825512528084502024523161943393112299507605622
44549374834967810818711333367268589931889264592554
13938003269547575852847195563839927344812473995725
59698439957340684806541091652318964236929744162404
66237150890470927129565309604076317159705769676192
99838789988768335905185930448420092481752484910566
71695211716248655680949228777449467856677514218029
66458161455044201624205505005272698424621593225768
47878572119747901602856188710512593155758475784930
42032102292306408104852499295641505122878673228776
93903655690106607664642342475541943308226803485751
42138807615830453689161528666271243268776241181208
82202926573297742534349696746770778957971741993798
94604403046702831663319295711926703263452871389238
86566475389563892380390401786139652209809335962598
28641328616293761241702698582999335046723409252321
83196699728813816072707039976596930259210651894192
91168608107395717178228993430885880038502870189577
92442337791828001934881052244580222775387308326872
68519078270690263792130681631508157389687537272827
13515968672430615789579408605645207882660437255469
05054469729320197948400975693667151672843265217652
29260933895502171967332725269984660928348652167763
68077418041168644515889271081957746627971721896029
94574596591230496052890103695511871128947288166850
78355069248349509838298462800542695246066408477947
48270119660308692737770033328464748817765104449894
13782160123782087410956345218874637922760366898869
95814342932737140936138395471991689935225027654073
24128247402462532654103849581559324181897376544385
00528784843795634302174284981128614108952265373586
71543277441713405702419519289613824846227689056770
95415566785750716671458749948412557384834341699688
69017320984942065437956058360101444976542994591998
90732251444434692683947728022315292819115795469704
76905616215509321001460689343318881034926833996047
18729644946948909968450826932827952616336846084422
21503162381181905894995923499375966031856651658915
56486526471296294905462719755916257255530771245967
20757637005918427740747803080446389044350075706869
10934200556978322719054265486236529738273645448114
53389244332424282920213967435381684347627422127877
68038453163406127995279187068312772105856579745456
55110357133675140251548694537039433032721306080446
89467579761187563718578916611739859615740100867865
75258669489551248453669393740611185614860864215323
08027549457523383886771450819234943784355786434222
50501734828611797055191045947943964561912381789781
48942744923369438644382500681808026126920757008012
72087905333691156404421231216744698948553872864985
11811444066139573244885277362422773903388522900495
97776834644964171219470421297963967554231460610154
98830472883208092052717381500515812344549759136423
56469496378493172801585025134347796465113561673738
96000092116966105123175878989367758919640859638001
29983023898562436904174027853133506002553375772955
40811592410187001064237613737776574064740806698734
04012447475667177442711863268326073759396156297291
03746928884612536765477238497714035993441616269718
97320052570256854156741761912422120778929248513152
33992581324007865203376346528905913204823333361801
10255701421778905272650867975573409752595769168676
87354079644232641913615699657423468863743598248087
78559919577745259248013326832243246473982330419893
12431261973312771046569369783457172365882519765545
80573255182916598493146337132128612143227995065378
68659545050514659100733579261031717242042687092107
59654042238080993529157601092083924011408270569558
83281388980217907439039837828177870849495575317918
64674088969349871723984993272652968641783995632201
19936907644543466283767881053287435194110066803498
63388375857696543872335119967165007464290795075240
56725746351425888218205595879686284936532542139856
04099535170386331691526137756835123819285427539637
65445227705582400887518355149797216498867256810124
27553559358489076785985588344645117431702535113550
24310597906046040004070705645942509989504709682220
99680840323419469024095550457039833613500973072785
24187185110518543933202103175209036803040277535373
58564891524029183747332658033109929189852889935500
92771214059230525687028353549152603464079104976961
46476428731479615536722161808045213371530921056373
29257791517768625364578008148406538776942634334687
95952594324250487739668253630629326166086688257571
86946827912808124938456974109940375566118332022357
00049901781446320067731736672696080223485156128931
41427947812836843424042942206976066488283026212136
38143613440685500080677828464960324118935580196876
99520029617581073927808927082416370940760280843015
33242925573400539825169685592391669972272627558583
16996683814854133852951604444649422067280193892808
32812464224886399924465504418644630972713569341870
39903635967583101692325179013167123664327024243441
17372838675419905219768705748340613926204854755726
96779010407881789851430261071833236550312258013672
91368166539229667486990542486342224647084106845026
81747800416848326254568442138863293111468010437048
15110610223579427750781495200647339172824369472623
90725079210640200903373829870848113851388484373420
12449757910228749708955470168001056877493123975242
29987643647414179791927341471219561163371138740524
22462915816584649553870598731191764649686063558694
34813645224736569328636788449939998610473256147874
59800651463159381208966465274464478631236715644089
21330379980164355684825579264291019573360769892569
71775850980084680189723782185447687944458353188864
53338699668400496047543072316703998326953169388499
65470705307122672516971727418073443631391902602168
91295986091277213430107863453901761556654997693389
16733621734070780163831652363152552384519173877048
92376287406861879579894955442147932812938708485719
40313235481217931516377494230202448949059947492889
84231830114906496890313585635332560495402743556676
09962787073658832367083302047410397763194646028889
53983964749848775780042536231446127165334001212782
83247145480822725972158470877096302067239936702917
08143422591613206024686984791755080539583343167071
88464111040207287382482189616177773149742612169607
76836852393064578411961403309792773833174093276310
89079906949256765808063017646302715989897147109048
78139402521381589926096692681438263841453540581901
45183096896603718373937636847410168072442227236862
37399099574248915306791972095043645252391224232621
87737882158368007794347167676831374315528152894681
90085575054889144658802602019103187413589045871271
39682998222197550816132988599995243704797554829340
61736595242026322226413639298850243614917074646275
88165873420870475162084807834129660082880368646219
92494427604222813646452123529003549662516847862015
42125570614620015830915776048633209404106451497653
69460817368433631824905947446981261066124547550377
32841152697089187469312019226476901488258302310207
19107554206237300997204612847585849301587501164971
68985776572873841560812228848440169659618319957408
35691461665300131933983488717114065727332954151291
46443770896501728284410152544660110261253544226339
28852310052974057714180347818956172379762247483860
76733984331211467019331095589142498441721402413199
37993345938910712683532693259295584277651596526817
53556330760313770099177294478098109730589414151614
24312093309287396312987241343490686845542358575132
14510572879766560976165406423384138267395776470380
65943894512963396171396887304123653422407572206039
67242348670665482498039495652618009339200258729815
50026478258748528886339885256867436145066471410124
54526106323334134381008683486677381852051194864077
52943363225032183553287869807208467349767516420854
31687101788230059464913346045554884445438916104609
32593658748768260715017784380778220219033916553075
50170985806669190453406640596615533338079345458118
02274154969313774022419202391026067146115400253834
22321595981560238349144867825112640520758118060478
31655202251020783889258249515080485854536912155249
33780657104426835777638092259692061660302109566458
71562007625364217180435365121152972032221690281969
69760660556948167222919033400959044498797515578881
72750011798859205496724260255678225453118220883050
06434735853193531768082783505635763582849080521987
95239189705012477472637631587997393054121378007570
74444600699992185127748980574902668620631221867175
45899771674705723086090476594770614530270219666850
39353216824264471246840353058193884218675097236393
54297455072841210336857037841778534777948998792517
54861337222500611626337453967306158309897420246732
78993533586817174928421090558066263630393902850624
90420836924714542122987824239840042538040674048850
79532139644334153208687570293798910241209464123797
67635174281471744593033592308490889380440757436990
71459316487225315427947088488123482236633599532845
34093174017136145177875327093230714766141941948812
09107343991702897216854320255118255338201186498985
27423964122588192125010938032790185376683680389054
17168953862654611879362952399283244084133407869755
82475023572872103752050806915757155469345359025096
10255997787868525816588956706274555237666224642497
40119827273018449121660637902449200042089178998294
52507301751170008775372654954139052110738062845254
53169626669497513240139973125448658913788745056902
08388844307761910112293080215140665905335061119154
97695628013803808347299089415123738444737996507554
77024374492396765081561465567962711417502120138635
79410711893666555518206384216646799688313692436307
18305958782373429701934506988605807539866736276980
94159216607057438303017060514834167801586871913070
58030130738199831967936782896564497851323654263456
92452108920584050510183772225411778751982215567454
77814047249712386045966704368407759917804500765474
09808812920347905034570896598506761441365799293502
59935329038822261396112362633440576948418965306944
60174870904201851232409750395326876808679452274851
38217110923256001348293420874298811292353773942746
93181091556783543027087274721458326537196440723026
60230252709202123912065142603246293540015816731566
68878108114678542001354326588834628425153960125149
86324124622141800587109913679903267551351000522108
98611876712267156621121165435045909806616649140931
95467118887842310616872384158676869059042962666689
32804761700569028507236089391728831812506734835254
29542888088252204072054965787170960711490781711175
35913458200179477659028883322728932850948228045165
45866428375881400085331727741161451490136450135346
50741342062525094218627572074721544677745602292579
39764001021649393795093166869719498397569351313652
14443674213921197027979207716709113200619878832097
42140881746885572024481831123577392334113023054412
83881200264482023469744664968594283436184243448628
01696470843736760851998479329513639792693093132507
45437537028350758091089077310575677821533857988854
87604680784938247853720981311069001893669746270039
67724550088234213397864452032855622038662350826464
75209075995669018620970087693255329201304155371468
68142228469745725142924861038036561383275719583471
44973168938963057050280937534169616208017610078935
20928725918318756936593437806801740251698263717799
95045809138763216506553253239853727301984529933844
51826882333523703469357027873005904196864889284561
51977592736718319218814541045484424927459674687259
44760906853868093972094244693333702799449059656243
98882825118643334309178470067264358784637836945020
81994994463307103464575168851578725640391889093796
74764552884458526415905825004426852271891447625964
23757217714287844818495899277006489178387365262994
20576420406868598294948829211093195214991095555757
83136216365910422491481861088191711262136318875190
56351070960501079885713844602568311363815373760840
32582768213958932659458870778157783881313405335525
40436466554236282588182247720520797629649661016307
62131844719025751780775627685126322270246533092377
23645268923863022326396119790624178765310876792605
11619830807472464489419184242623902650856758799684
25444576959319027975652182214490310636787899642179
28142444707737954522834227860824562576528542644271
98504953468973639368058773306915858393518431293065
36407547753903450672753854966278793933341063463783
99057658799305419944948760247339131624666573804069
76192963452847883960561324464261060408220950770908
83209758901536057873542857692923920306412376789090
02653525736136195104382697333861598590580168990785
24720855420557975333577854911355925927698137174923
06178484857844326759179422829914484504632562458866
77880047123121122120269600142686323104360521572685
37252620895198270376570438284865453970052791347764
98489990711055763644359412421230390610402665141514
55228121907222615023786214271207463307668626695238
86195453602088020310882564135301777025177652828186
82757255576493360135426323556277824704284239849560
29783574270115581370599748931397353652120727201063
27768238326252040387411635552736046289051382215518
44289583026392926012955680385937024736946410015429
92853752186890962923528325223332228167012623130345
10595694306796593991001448772585312639729574269218
82374492690722145846093598392683908958579398335289
35997641896035759983633216500715942557330458197527
46303271721651851437913440497420633488510171077166
20261514430442752605522103173115055939952900578310
69306429529005704311655637844810106018192221805871
86242687960728719217310161824398461288366524581384
27242987015550816256440440718167873423985938059939
56291440892945015300408414955104052258829783613052
89124014542066892056397658059898422741557265325984
