81084060229378217829418960726778281756179816548851130749902069608278004959180585
18082740721073582229139799029941218992730042536953787679536726282792754627115723
01440026481149924422079550932031865557749878707419333790803986611806972775750058
53500059026226277328559658334403753918134078762911503590974226896351182598363697
03828868878607349961078957150075482182163591128383175072431217895628823235706684
14717021095882209227810368665710636088211645789797880309146388492996499396328396
57039648470530728392675966471223992567094488830177981853822227997853873912108852
97081460265181521476225048525766707937084044783047231522552268305529415695591447
21674651190041893256806706611433652941884758882166967324834308341220990329538748
93665814690334671708563878265585704366922972126193387049092956968278179486903054
02374986628799356881688915186294781937880111469360032993005043201486331442477601
04976571453226642871970342758141433486336124318839420140087384042610634123085980
90179487765788485019234947548686733125976347097457675231340158435538187689724741
13774238343656958575335309915709561478232770552485127488744088937950361648179727
31212975751726107224955024078797892515126189026122292231721444717380774161231063
04483394825230853635806555898134099633341815250311327732528333984835868955263497
41958045446892421016271447190262508077164772563020043053718079755792392299452821
75112594482650749781692851043663295769343702189367919855322815969206646501828025
88663718428195276872499480045695050222542227292806830147774715168854213290430169
55834811658336421578581858637486480949902315332431790540470636561974919318078795
02320656079863534415373550038860189502742191712790375863369932078263775010920879
26422433378136866030080843363093965816926347186353353671658475727766403399216612
83930041358376345544860753004701850990507813900565245926507116538994243203251022
57501991321720028483219132575850143617798195666976867233819638448316109856027348
43384143449966463424432795618165025511851871857016481902523370611742178595026946
01223231530581982024716543200161580056712796190910092410014418904700838650878256
62708066819011510897486926834316605102231249549875953529783892630509702581743790
42347303155766600867067007809190363435259970918300412091306948541760369756010776
55353959735528548639717149754458787831728914503368476055278015887050034033587823
62797370036419023068930330638307540168900484581694177410632537628865543251143230
58005072050440416476271532278714505820024597077334446290648653577465106857874837
35749662143643933546620147957766537274909616886995483701220700977232042333022812
94910421790198460421051127333901245199913916838209393210599264492088550981310661
03553876971925856836966996630590353756370270949042188967544473702797943898655185
15042619452233694652827407090325096593861655761765398403601444083882503238379694
27747056294433116308731719701175393744928939923452714347613185360649690063146433
45946193183640300704661739351059993691601288178929229948719594377260023902973442
03623267794651293656568723009532203177078505893712122613449033336886268730175195
53046156687575381746325058107560214200188577636635696051625575732936707149828722
85837823732921682360497378730018372793472546809516644099122120169789396585290542
90924313520502891487804384358936931241003994062970138594064476161599878278614757
76566091486510532780162534732730297891722640348804502203255348478566514514711523
26009306218032307485059365049310359177589119363650509386804137522059582834481755
26883642896461414102363588449173560643092742493646922573066258034653931910818334
04715396358614812703856391327731388093488907261395233705337519424861619607226907
69283914202093360971328986760337137589161618193513761305162648297488257580961988
04101474072560446013859136901095662238167161326777736934035349408080900494944440
88249681275015146735696677020724672246916860754257035816142085882090436201069810
18731913376768328823506228259637411261734453952618239101344829912371227051521472
14640920585631683338297461968533199494321011475650113834041317591848500769046427
06568522368753064112852728722288589968636170577435471653464121256097067730462798
51463154179489273173716639663694406647696784020295907369818703749514980694670438
84527894431002079725937093095715692072305391942124779692855826530033568687171535
69522102341777247945668629096812938833749412957927073646892667909247791475287037
80583952166162153189543485632927514978178461662616191872661068763589325626218403
47981459174043874115013953450546808201352219401888512065517627221368707360839108
94023758740842500794363134257882149295083536085153289019923411963319769794681945
22743090166038119190285483059003061208261550483442960424511505330718424037729095
68287685502244608153069693688747518415304877653154035592268947044698225241284764
30953138384344767167241769393434723419830720201229155715753435965932012145988885
21854835209956090404776065798806423170468347378568015832182297502824448767182652
94601561590631091235132603804204802512212291447791809782090268861637332124985388
08433900189195181017098570518460114460978494540104316592034068415725905114650377
57651256093659441125412262736070611982620155187242211162286533287647057729985502
95973565864111659273213395305002299931888263158652819530511217207574396485249220
63071083211830883535434570000568944455173016211253103701503244522632820530705346
78595711284582706761223582857069400888789151098792271775752600008121543210240683
35025672253817594969285833702418881173933893730376288166328958261914036515292686
63671285237120885291960240216563635194445219834271033809794324040759786501254952
90537559463729905583989000464899358228857185497405896185513230705126568729447894
80140067323700395324269017808210578379894117190120748642021391758509405572596291
66172780132246546321932657732920565973723804863502588359446056835067205733820597
81753778720472930299325858325185482870074010929376837453842619603769295482749819
62963676519337880114770792907763368448129206038401803410899867336605709924342722
20509160204120805056857268197650297273807855776850023950989796219403245924966557
88369814440446560367681296064329327487073637600989338308304786210774485237900343
81182674810792618157261389306477594230168428738956552012508233581600817348001850
14209894917259399764925000654280771078790018837301950378022788866237917626366954
97520448303372205458235729670891848869964258916887584066722556227778540389816704
45749036653313294329353585235513341838985819773372995074901593007462229161720806
74734955963876619418843803249704894585270493571919701874583826201009629599996292
86111328791296673452684634164805731355407246756085480183243626304230364986990370
16303314381315801192620050999006674788910890695347976679849069723750573849220982
51925550755990721824905617598357682598374919485210422436150599551407011327778876
61768518032437010845728298924214340200489173403555270918640464494379556079685258
75489725695669350424665728155215291889133632807890611369347455294892486965689278
19564504247229019862184423556703306966207364748565189358202493908335821120859462
37638116681829507209432559077179706847621643368496540362165368888363479951324389
08939235875886278704112274269513376109519663183424932958855355885655040967876939
04059771677407709397907677338522447464973659443276692636302391870179074227778367
09633043750379804524602558969758161977184239578409900002987461039958875570861689
83643941873753780789260886592407036530595170223935300478202357689431262750049886
83300609346858171888696444695129003635592860088318146807155995117695523007453584
30659473714536745289667139605589993068789829393243844353709806165643262782392276
51969797095445522439650309590568610344570261332711435370910446622437612005992595
95903117077156060672341723329777300390304070884592941446600784369642675556625973
92550380391679099481769754744983383891254051527672656840929994133902692303785782
15827842469955786755291459028058609014971634943468361400361460532078157800936731
30234912445585792459004116904014942792642569122078106363210485544270304754622940
47731138828197444264421618282561710274124488737822341212935897072159664130761640
58270230877171389815527000976048469991646398784768672853336979398805233726778411
06136070985216573484578511343475678920025079710636444969086032947573184725058773
34724725572849825296410157123878809199323877672381786072595000595943474410430104
41767609890712448935528922861413282039204291939174309652343171882058665889146529
03667898623662686436232989374493513429577378710203419904078389213055899316993909
30900468826171757070637525246996126668259085624126358623385571454133129714027264
60688821849067692151341003663780314884833390507879642586580992811898695352548067
43373930703653313416456656249890417426709656420170699778916459965773680750276929
66647479398670821971728396743930063376115765699662510969177807849483621266185292
06727381429699827015980880337996373273583746451611583966425258284977771419493314
92855604567032657086718421721069596675967744062739642802337318370897161538856270
49753569228689091411494516963407475425989812240392011978569099330719103945367818
56960615675381155689927656307340724268769563813695212073881002759562947391547474
36784532632032921415137609158829906578826852549268924224501617835994067109008670
28528702113221573639858021924451042793154951121008002468411633897081321166954359
78161561871510143296363391794891642589443018046526694302746600162250975326736609
39794809142965926073913976314707904772092285948584387039369266081025124173514854
34892070414223889758328906982908871146834923510058223284790438639273195610480272
74123148475964822360665704012066733585201797500038334155834126972988147123578936
55256458954482663624913162660453251083484688509763899656579986308465530953763215
66645223033115754188815052858396699427114828241924859420618734583985896615085089
83935612332949583943151488231824563526639685112103877295889631933489063246352556
84913782561824496457020314320121614559820979309362797329877602632533855442159908
86346008931301130367675683910410655906934886904052888443707714828237038832505028
79350198112497048031514562685800486888900364318624728464855823078542469510940444
84874877634517782821898612325995479297062158805294506905806692345286161097081527
76200719571609233885160225624106113754542929112994824577637081839673866525488983
25390826978722894466888869661330208461739389489780711442889682665215848512673666
05378381187677937439683202471788498698165153040809277377013006541963865072108438
42487052954917937930218916993531056402698211350106957477818838679468002378227758
62894541106054660507978262642623580018662256139632027777910587546672995876607568
33563969697085710229072328073055892306626852835320380988660129497840963580063685
35169563889873136994684691758677513643758304203813503213763256033480973529216783
93838998062977467340505101382635066363066703030746889930409706799458987437988485
25485322089287813224231002305268187778887794137743340295902129931035017704261882
49861427728335008027132347648539632781199551511030166788584582623707580252664367
08548812895615358653140929734964137154614220553176828940619959384585315845983628
63077243257130701576664073640972758753381741259683525117745530906391170723933242
38085227678069163899361994364900774873835294789669095066788976501255109308476791
41197716110029769758816140822521145754058723757772669119422479485185566832886637
84603974570734077077955999010506527385307269719876028400241101821393417090057396
73883662723490532522222444536278792955857482587694554467008057246450856242504293
05055898250687557050403459747289292980081676409884846121345212406322081433376966
50145353351947853026702648214701809286957368532773419117518360844630672320829852
87930585928994860236544222849952149948932062588172634677189453133994111105503657
57814956663058207877674018329754299117006271867172956017708783462637703897024626
52451630975713460102474654669689116357250831768804220269970569289446684069160305
80907793156303885601907485402883280813706250609239364885069629874839848308861485
09750831055277701328515397386788048566421007944238797802149046688560631193884878
33823837271083827240927777238813851343330290555708608033254494714526385816051278
62456990493712865830092552546087607897254264849148388558029154872667818674463273
04223598394872878637078393733947403172402405903163297486822292800341697071514278
35450026672157087036596356704630679413485282909575230190187132801090815710231010
98571120555989802560397650013594513023521046753452730939832009444503634768040142
42347811856739958385207722529057879169916607763724169938372512659757119301582874
10843866352549434316061223041928822809066584828099055673860298823840667175363736
30909729197007518608686154437946763349604446469632793489366782693963516396018109
27710562305215954276000156695925049797538268331425310067981478349750707460316447
01611151101090621642116824579137510753668580756565756174214445990187818561638661
35363420229857059562392698728615682906733207053299464552271287987506823474619169
72660373275215827898642389935739871326798410673629520270090250856433935921957656
90822908369507789303025381479907164484088745180108329960089903951486653476346085
90623242728800767589414440542513876989972235031395628505002793986430294174160202
52884915124094357816592913220060533377053476339695374700490091036906666378230954
20089247079299732559571963694654706598673698581862764160847957286224111439308764
20834885015881379496897324415564080465548977948512351232420238921723673911294417
79610475064257600761832867546604624707571029769970546669348193563663446913107293
40302727633942482910140170354065511773301173000944991738581985554680268389349744
91743846673926258399062907807147838502670222972971163814283584736968137584910611
25291104765142909794940209774894500567205640143118979716030412511706450124437980
03321673032370348564800830949898772624597796209184994690520740291803064684016233
02496234499566777670517300086367147730438543137878561218021696249765938021426568
28876539970330233703982843489666887467072984356501193929497972157895303493950133
75527880970860805112380670571371993714665727665939481457280703941206052423153259
05079011557237982160652353603859887827552710611544656690541652286493347108630768
51915861217745277988582867804111230067367524489555237649000585699811986943091537
22856372796530538151155743121757095197468543978336928875178830058517502256360025
98222807682669659788383371725736948479861562503677814774913992871726845222287271
26562332393480059186747604534516463247579686248720816420838844876567194642958950
70275223608676064179024672783671670196952128666699812992927765389961541633135853
03117770244499379413891377433634512803400716271320514979096441560531388658289014
79427389707999310803373746689580490227344190980082264639655956385046680222028332
04288723451342681961511244038719727575073172146331204559304348060221835144101394
68786130017550597056776532938668257947501049040013276579053883306380061230507488
63851275024542364218973117296701475303562052189298464009154660655176546400160923
17667154939266940765762543725570698092592035002402405809694072227869306396066176
98403204725803356003227700645794898400080621314329315062382075563696302688483951
28861877152984265121518556825540004740593622559064454118426348299150034106019660
61794750084321143563352234509523602365872620297648345991397491168043921671352457
65225073572624979047689432313868690080660177687646832979011662066253117063166057
91189887254372654394890278832279681184516896540656890039600439452936800575660643
11243225884962798620641283253266134267238929776890677715435133259738505891156095
67680406977251105787368473031511177932985825885873642838294305414428993436950066
41208833470778996418076695886015772554748245921054405957576005015734485395781628
54852881277307892746479659752572072413414167264429543225460618016276806254906820
60184452903957750033765162969163771364184757801535794081027407524653318250781623
54250573765796601749796647336915707402319200684326493677296046937012309523785596
96317541596841778487065028880705398966705237918141664361958054986049340706192227
91318177901655117696200521249761214513813514778470215938249021932591401348324768
34752472756055764014167956613253141957844960776949845218883408930330050250951191
75222047776546476312697837777259339998708300539309825700587459121491070955558698
31017549737111029309208984423333448559228082527247580827765659484938054187537779
20122947883267287323082560436846125500845631703844079682601348580574413111904851
00760698179111357362121929380546989882569787816117663240812672083796561314444780
02435859061117916861673023409409496657132067139730501070728709256288564439947781
32889984743372560936012954216280657647318707401858289055149783741006135626536883
66836097999690584687570477139063954935638879798751808318718863492230104843558204
16025032766343028862617860167038531111451122886492787794013034231980397276312452
73468764422888316872949820999071810455138521712363648660735776472676877921493899
50068038610191489573240137584928103069308807816881596959445942758009367770296904
06212939424684641408118238472236757430843785479194003626953787313598799203352238
85620060316424382955130697854064681483279292493563981769269241454707931723695893
90277001649154057156639607538856297876084012582695514206658949596272202714584718
43832903889771042231478935749590250760579811240776765908017960172843529861339707
29848634611479395962020373379775344618646105358021727136744181327193555564380540
02403962703944449384856375740328813379082978721178637854322368943164353720757524
81763196754350423254566033678857732307722953573502429072303337824517953322921764
42489068464879582605852072916651943255086790349315500745458291147171441364250563
14448446370845418017365113422461225124921067638594348173142393019051359871444556
21446679527349947958263461511620905684977849117482217752360653281618679705126115
84981277131266333017498675802900175878346464363816898071268096197812191181956939
88654983057202075825297442856249360731934201620453812684724577397849265715904141
67177657647424576593224958897701933453535151882062229297867651305979207008080236
98532272541035845573743536768272776875638818405352277088381408275505747389430248
37349301558154490439970313426753285076289246261348342722410022271997008367434048
76134113503520624637866061391313109693193108935303340192580030899282233245659173
70606269016994342026536748990797350519219310338608270443631245345643512598541222
04957275949106942970453469666241317742783947165312247070145518515666569091784322
21618868336921221671521848848643192643729820807168413525821864143279541790363505
48957666202951653508346456705570398093610580773335784476757311228344079302380946
28081051239190124026924795409531854916633340718025231713440525320450024239282141
34013943511817965458877484443979902695910838022344008600472672435656848364047484
91995613457869395037572964371156608350338769201420499356502843176259634331391648
80487418456935946767439038870690901341279751558355807390575810484066333157050326
28034400446086586171469655443412577485021237231079541591514081033261622051458584
91736893023102344388745091308178929034329644173127188227231095282563429291122236
27401322588258293108412273516642059167158705153440027208634218911179411755560276
72848579140415618934045982874096531924879272415276303303633056794682796362097471
11465186762857692619383379932716879391399612181768510509575957993489917066248728
05252332639229076422004705000111570152255812231353344867322152128215653645330982
08173845536331863761149632430224786325415951041369899378853846952507412097873446
77085951710679707953033577792698933565240124540329506196823124252529057437440010
92232522978550563295838405786518365797985691407529802996752641675707355032624000
83591495798837602963495008944226583634555464583057169832244722326629095298296242
80678178333904605520631981061050109915451912964311737962033466958747417455733415
88443006157589446019521807679820456074960193101136150797967003017616474578432826
31521835573775413771935684020404100335565569105395141689365097101943594300999996
85856661380716024575546609208832202132934637536371870448424204275893237561104637
53431056416981395414814971094872276087494152609088030103617701229436683639069579
48608078660367774832800950350480395510691756187397749670885446710799282456190060
02569761161775600968180395191762957936384662042826379987737847079575026831544652
73785337020538386586793373088250279347664931856103682678906838251018418173668406
15733604141606163848580058953713308800887404715703566604282355730115686880667883
30091275951471410760579280195917791414427221132463201168591129364955347251722380
44011066288005236140061520469916832613777112169024578163678491631762116982895280
80467716328521556402069756131364864780197094976456734477719569079190390585979233
42822849107757749751663101265401497683739460689165275289173448323229837807207014
38475953227033919630022564636525458083221225780329334424138927947606912674977797
40255708076187721964049812683795053284302915383630028435904870371348066224610254
45036508693893686520674199030576830626795370773971570748381447152821573680148493
63065873964333993404575778052706849793627049518686300403128652648490711113859223
41922394785898388640127243234882113255222310372199148165365671362877515302777952
06458158320121755222252264904383043748179540508027142104490091989309281357436299
27642337555806966968270074245552643082132318603924400669729232114890019409549010
15657358672300570800099859077880723502396530965523419563274343989721374657163160
49092009758363728380789497719082754194937128481934883310240052383409265391617324
87496296174357951090469480763304742050549449400575025824006819501667004245646017
31142395116202263642669311319119808959428369904929627226535087091415175407239648
66406503844176101477411720309480953840787091628246380137301424648729753821240489
15282797598701665282805968721794203519130539853560121642294400265763714859361759
24013727783739465325203088193127723412185033358504025905233688691187855234187984
61411418163698558677894029355646942096141414943899276789139250777268924377125957
74122034474620682220306710763159991120920396521925937967350725856061474153519349
88925182151603974189187027967542892248188108393541362202145615065184339440984308
55393547274574976712516467955517992778017507462807644198710056405910195378872854
77132979091360639249049351610638182962527798008898472867513378757693636713348166
11311668925523243948714308478937810392764958089595770752693198968850351940619747
66081403137742069894879991685761404187784794241388462320261068974499571033499520
30102746672999284913163841395934095719112472906580587579521491310384299412761033
40289362180761548819288028959512287460917751262981673257888785900695627708429985
70859292164826911172119726183633233773087143880601142277740152592414060236850976
48700522094879237631736560900924090716521434218853757682130747265083851465743030
83005097280551542142312573769800382842257692232610399150891092127740469707719633
54286482564001101690789874736226597191659586345045880465437448584172498155174906
85979431575017976887832352014411160159696243960161717590542417142209193239217689
48651296236430320431327770973229340683848296739828759728725510747414947567782694
08779148325700479674368763154499748918232265291063262809714583409347629595847042
58561094591906867784842229146885401054866816963395482360342039758026844680875066
80244591225429157330678035159102286452204303493093772535514455227228220435629169
76989806647144397172455834353363436632611232748004373562629419123515279251988778
61824636214244032237903433110027575944701358341629878927743637619292366931154378
26836596301038408024040966041476149080501055972508906297461302134270908773181607
08290259438175776426412763092136783726419107972909089948971806645875401131812160
35214911684455194704647039542644726857069096646298633711390528439550948750694936
72920743794609825333222671150658516572674075075097261114005445495457355386048363
74271386814643458366424902179167704113873453085733957486216215162006360237916967
98500451272076423169857003150870805060069455667102798910826564480620200087917607
23998383660738255161727640957470280921534791328621371016683079880050326193307331
16897563672252680643385640006356990524963447219960479658501916313581231049266787
76019752904575414751197273841218587908671740152214376519669565270288351557019753
24763139746203400616847134896540667851866890671611887637918853067024083508823883
05903463178333786106670992636750972906068321977799706070578502648401153779283231
35082478368170385536840765776409348555577060787720808292581713047485373033160119
39439466134988592486334376627696926005357741736406138311324482651149970526064662
83095918517036060681556407574760846183168583923241522168643221400844877735638911
50866420612022660179732093629072769052412127515482885466236506580542447787737306
12450524168623732145655424939024848252438861790742525203232628509544438467647884
10960824592295500572332637479481238105863101711037010511682549845836927150741797
06980538226150375910456235974434809518488163747948654261652349040036207678179653
38378869515174939638200609427219118939010169602643691871734265826603409087463202
75007469612446064637575977910626911728467883607942280910459573212275166339899880
92640327079411008792281393379447890433415708654415849685242446500610112532624090
09287030181993986403608624494037038303599888693638394113032388861328467149933191
69486149323042681873219396209638269348822551786880065804067838091561992619107828
13100361122139402640464383643496576195957922733215611459669019382669513048331857
28788039353140951796961704548967090590982050740220567894040711860060068690968032
74678257545422542931466368998817204453177428933756774531383414078668494713911384
19786643559598388596027855721273604774559775911123182282103529827625674365135245
42325247738581218387441306579080634523270446782573853100849633253751458006290704
31867964243243748159788584317322883574135678837123027357811024359843355390039038
63835395785728793182374728184997166989698339416159598643415419615504970876087506
73922384300170499720587655371906670298579084796749789269103851214824191906089786
39108874031209975865554240487170429153648355737110991911562155666663494440959214
99295370856503846163339568098331822371223378493894759023249725637407571175738718
68344340455825022593765431974818732852784163029141563269667595242313435205092656
52449600723989504454639027190278127206553619205784025546757301205992446739906269
45233339764680687278456487392399730764093804673897460407918642345281918733539989
80386274945540921485256905040581699611035104434200474997494956748176751711870534
54162554241561021338983558892239121973355800710515256883793633239908717895354689
81738872546080470174356811999154755221315364922579593680590081894740659226500772
48753534712128388627100742155353402037985449774982824466487229527327903901344690
50918754838869165724865954827889043633390680353110974713795981276707193967037863
37072132739476793753670177913309468803206406737270068117812383036248933214726429
61717902574615229980834655604397183897330128848611313036281424342629166352073900
52156797211351159290405856835074452174147219306775492047077603960260689450235094
05298945241299939532549101041064835913161959854555298855569697658858658951589752
49396648449494705261767865348406701803116817242157518632862519940867279216474977
16195583007785758031076313022632792363084134723202667964896600344107367993177275
87683050637289250434195550063003077247105905042233754721321394006364487118505722
12864419552227094515265540555746182200058783732343815750465241029009091512279276
20938837617611193615597229717010520452606501353375655293497422900619742649488419
71649516635911604172689673568360994624513784819903827115836764561637918810549293
38084671432052547545401706562777070194509335606754719194129457193022672782792647
80591304842914427330469511784028774158010441220442905225684121970764759321935836
61089744677217697342505692100466184199343378727928015558524252580437955921907300
08789542161102306470869316246247243063356147988531893838587575459588475586767444
60400063529727785550587033802864358209698736542552725937239152988018527599759376
27006689398417476025456212748799703040345027289548068847505004433386116032366711
18731049746162519946941815936032319874484461754182368398187500178410485712348691
78308667714327490059548554682896416448053696767526549209502206469456322319171389
25728668118168431715217013236563698285829475111847557733382224289491827004335370
54942295415862783222972739386991525166685804189486878449202242725646510459936905
66639781003723861210820173467794182151128889950748483362730989638038463019495964
75834386592639044940554961203477861248727798888111620764556843270657695976920197
68019199328589169945345729969221889514266095424672762304676609255093073586601548
36317627499882826056776801353718510365604652879885477506024336871727915220298600
62683517669955524284392989658533438080261610331347894475045915820655354601310034
34408782309762224866424015645119291217121814742054789275941958932345634174382411
24708079543081378735995813732421873271656404534133884534473700946743996427022869
52646130547950886959796520896482116243658812456169803186874945676905933362612311
23051058235752443110046346026073235455818816401857668259309511850250444318154202
96604033818398787827983644393229496234435835930306797306845465505736914961690871
37020415651400261635288524460086619728104507967169749184423268060437139814054568
97156978677967014664917710151832476397502867842844843299705419440153108792948784
37659562653528296928961611628523677637802530542345579877971998377176132407061806
98494974869078696809253108762903067772095296839332165590958687455053275104446081
17886903519385611550510680041884549708422931318634049409149648358037679188396360
72530123154368292461514323402641610820462366959652856322673584033030932591981873
49475465872797803004305606412175360543584844159926637604755420981993323171162679
28043684722285064658957284092566252326026992624464018455964042300712436174681621
36744930295340532021280278252675375431554266611306734390051575419519394828563827
66541406116307220105182435350709969483881765193128916031701442417254495205926323
81571951835179259364602850862770522561386424770163110373183390380286472523550412
55741399506320347845073782000765028352187032482043511736282370580664995595166673
10231127124687345568235166836366154695238788514235029811683227274381135398698022
88951768799891742727277790489975123176926107369383885124401138270447030664813890
71664792804795904262424827451300392332455444189744436049964180033921924786684768
97857780307796080896040289865792881486185571783593282294520642370057666105544801
95168744536306584915702688559437422110705351090612875427250544323301541230518848
50472985736666750372365249332906351133302909326140124614903061437101232175880615
53361798762960703184895113394043196094267785015165103691332199064268116387536999
89516723967930021871923834891287176350404030375589754121263785416766318478699498
86005595254131647638367667233372938220073237464424229208065388482463222413315844
44586461233374825719482078346621702795996557629370093535252284231254984160268945
63973352437414523174389979133958233778033913239699671268305045559221913721038780
22607266865179932995227142433702376994609586179372971509895173166456895109373668
32856127714814495214261505033046010810467562535828977779097878120173639180676307
78753811384096923866514600806975126974809151410016324070492281066848794977063107
02176637961419254275952354485670982306721633484749462578981370832891835924045042
19598538548930808530290988760538500124076157358439952263978446195718497969589400
47806658282119903396155543131456297374774365741350195555663983449657720468814591
66273783150456923871464591719701313866711943402564118331968300378235582867374520
53326877555688670512335332583821163423368284510474383111778553424676913530382080
33602823032166949479688798815679521651165848096788511612039141376073808945798201
19911240621811418355623598927611251059707452838140799340334422524393185083479440
21852820570398105264729484943498254102977606121954818278622893275338205760440733
50146802017665392359918111302589421507057431631567972847031812556931519884705890
70455189956902324805345652816887014254054088827821499944134334600297732433597722
76883514401192169792989765159785717377716908215852995545127673589442702589190544
64571359857275532715332106566561795827020808692775885874526129379968744819779312
09161184392919098494991348754319950854510342701840400181435752682186279068574564
09586134457391694438250600932295237828665002560200921858103045285764934147544883
97775799883571539975895382751474776327542065147036743984887457482739339389323862
49608946230420184766035991291731435444218012542656939515430325327733444684497345
46825684954893417781143265635252586652875488011733553225990435863417131863669301
17049065555504159932840167369152686438134713119490576159486308717864098227608508
61993420485840728600377669225185660442060443797016717429955240836843991101640290
26620617653196661070218900551235425617510296584107917254727139795089505269792987
97819394316399122581003372640991255830444613342259776608862339528564703168527732
67073155746053694910056109312554928318133626913934551155660313948780310974295437
99888552102128604680298960456657345766173842786059797078182022331565637199233102
21691591938675756011737130206745272205977039503135446549048025665334912329712410
22354409639416694849092612369806601967617649025758187751748990392788988012399926
14471853084732145964238294693052098363445992352705151985896936954607429872125196
75825898929555780992408420154180694206255247925086374037148362183525873478868018
82564455518475507327314660562447279566294650359700887787721283619931257767842255
38144901937549744070640048351489294410133186705578236182773012638065283312235695
57457240678824331826868060770221376806263710429044692981169293204459178623454635
66460284581846025330049894534377813218245757036367085882614058452209924930401309
46139035016749870828930180775708014348614754076016273693251575181340308117824685
68069750528776664069083569681019733435480478154412613039222157086529342937591174
34569277679790186418061242902944094834472350849463760706824294327453275308421019
00639825259014096900787149439124576093510726147499241914569450849390620503217989
80688302524120759691832055608503664028799694979091992835198923178275528687712008
46393535856290847716171915681672044394048811837660603358366111052833105568132062
08915409286994971088609106090208232372977442849462247433298317171287145488942839
42761302181965413091157078647552703892778848058270346984226085168840210297068215
56516774027786890551139352361571451142304228678329184837191349688094977646525726
43522537899776265786496846668460851227323888935411396848058911652478911715992678
15189674825327040454628347778110780713023339175201856636650661800626385240826360
