5916520055167383158922400486128739977249726236354738468036532667283720083951543
434880992597829033564904575040629182418739065389001/30

Bernoulli(430)
7914524280003950529904636743674087746412992771694493822757974183849636667436477
0619996814172657769987153562064787727168037101136364172587501644180400316270621
6814077280766553803448788712737779201122868425785256450531121303233116813021906
6030988710816323962615879055772089552175666584932038858773124183980608460911209
7516576700934489467968314826515803529642096964263218833244496832402516981197500
4853721487927435823390089679208323886268818820308870377103259885100640557295098
4843581122951856007335032111838654325703645437152885183322555451409949723469032
47999234036372815320143622542006284391778075614230370915/28446

Bernoulli(432)
-147505779907070690908926406436278903967905880575979328703613127976053398772185
5531829048369792753364764715262020778670531278719586898583459593792675810769220
8298403338603695989231215167692521223914659443461688651180043473122600527834618
9290525699807735955670609548302870777798193704759001480201366969220331449776023
1626716237756589664196158222675357100037925904943800700371426399878695434900165
6043288757745179230747108219268158244213583535560775121257993743283335146172958
8124096418513143986522076710718000261210002513185598345638932384376831530998916
46143428578083417759291169439869395337214083816200847999672131739013721/
112409792943630

Bernoulli(434)
3747779487230132491900784839670360702621969953197210049501251358419118141986190
1154935641027008546909556202455368041926442105482839592034823295762392294606422
9211025115849670614254096564246170554453262384472539133699367436058609043489926
4849404330015359243509766947985382840962057755044491819343032537950612194324352
6000974261450590008850917078837302467933873245496565785065204106007831658266597
8147857775596653790453928593902453563143158355566291115657291683041742729879139
2192762504813321994018595884981406242206002171583618182559028568019214315784771
237935918859841167713230012475726056827372638626381963585567/6

Bernoulli(436)
-900243602303872329265137769673233267946975216990147426234959786986060151151172
7516393803644992519491684872247791181863964919358601704066033642419071781422277
9195576374240102808595115759449145109628358599211511306846046027111627976699604
2964660386482546289139684757837536311357656096827258440550754675128600333196327
4190240110951409706914769967025394576318908047435738192455517402263703943233793
2007567967360013189225484557699891500723386807516891972255376800483482791579348
9413809041270634364043598707162852538269286762820911322569741700752509372014089
37099856598602948280585945432968199829410867368026769199252595801/30

Bernoulli(438)
2682553612463371263677782288152595450458684310294378496455891789256387958434974
1427294516074951471408416542656112772500549303981007948045251729020749818520071
7509668055892683546318815665341535697032808106797631781867079778636900617376382
0546408175983940386761535170339585979099748305443112494908531222700980457835630
2689956605786207696547850856758744987704156772907613971863685498106666450789705
3160317558190734639340443419436918626125596334898307900637096349388220502296543
1308486565872027108829681366042321045122010752931260079598639441305519860190104
34312311477565523149656237135607816533477227160969517648113475415388407/18438

Bernoulli(440)
-197154956151549804594528170778135872520205241882046921028710037512440863505288
9958528421462206148998040363604314916692108315970766317682360194568697651597939
9929426086078632404364406705872638988259004550091480475956798374617998494653436
8713859104804496078924036828289801429087908262185896123790192838236667102003718
9395193173411370422088058940123720113875828797411348581899556685938975754080936
7751356391407473035208862841761173489205172040416753626411623999255765766532917
8324774498757343671042959459209681531380792635229266276286167506525705611552103
6077036706726455044401225578559120921795944351508096992367201543994966078858397
/27695910

Bernoulli(442)
9342178443946398621218761611821257826296629667988748410479166853105216715539623
2610399180964719827511795300213145685398405836047275350386767520049744736486147
3654065939291320525986944570166180778722315422080724702421323386482784126733369
1187218152039848812669714975734486140861915546256936177239716838501417890645654
0237260779734863124701759417935044463305149634047250637472301993656496128255814
0233726105870589191017887960191293607258806456016263231512800235871497605920995
6414498759585918694608327746767340175147792837359361046463801079861043896043273
78999649850427118391694149262577932479289635308490619974233553612397882181813/
2658

Bernoulli(444)
-158845135682583637310050414378214595799174539534413035558457927180260655307343
9389459507761417572615243777557855783897943907134004242049552240642874217142103
0870594907474492959693263224135868826281372617495874832002579718819122430353590
8875129465586234092629175800592249211106320935394054787272761311671502199224520
4430988791515738888017716231928835263289271298076227925283357927003187056895409
3329059834770705552249125131464080432069390028121522426230921738743843126866687
5059083616022905739177343532424279695920452691897028237708410245697642781733124
3040621040701066692022628883455777535731782517692198800045655789245002604555941
31928657/90709710

Bernoulli(446)
5282098855091280407145188449187370707761139767908470444178614860655230503705033
0902476831330763618274617948135285949957728028695870688501651855365293214261665
7630240045555650852028977769229887492311638629018181531082647907342532515592291
9315003819465461683667370129539963984271161088262323838585415747715042052968614
0635722118527587063478286467506193498289348590140209058848431175257465051090606
5640811404322762111072202575605528360242466263121322238792071710641904217309338
2970222046874611811668759017297732677780722614847363482896458529432256036122389
6420954749054906526495733099883401725824247665659378641424764700866014787892724
263/6

Bernoulli(448)
-335099695603109510776733003851829391731202182334648782942521938802161744895931
7350582383824661705614558588255570686045188731367535784206070621778205976288528
7365030658978615168275599290138352468354789757259008089648541137547348110439089
8156727683273131804735347968888158518563133946444270622614225242653995114517210
6907340929315838278176817225635404777288904422523050751081148273763467321038114
2106400974943160605739571810507050337114409751599167906471400307782233953490003
3526228997931514228020666307907732719590786764708834322230980119991972979670485
0728984223819905175418923101449857176257365526643718796966245182132806035007560
8863875769571341/750400230

Bernoulli(450)
9391055572765375337084396117314557817718180166181509161271561059129443589397485
0815130184247050714742061741666390823561814548294440724918778705520626940593788
4977095844232222346382927098990175046814460917151621964890278463871213037256971
3998758894226403154437364546237046936234486878313444740508912905759996491085406
3135296744002251884712439458506415686597106704022709694308050018948429224404426
1855801654249436066126886759733117654755483194526394048285540977346778871657194
6235493331362953065136196925332392537268524281812660120686916907551456071718059
0049005629401265156556384588380171797824335512033857360319946216406263295844866
25252298313721425/41089818

Bernoulli(452)
-803678860032978963755490540860643475115176334382763699923937359545818908801222
6087443084910869936431803106244357312755090962116368482475276694252905815888538
0840632238599715260765992393585071636995085421789432768541505622906828564235089
0079877711278718562344587074715061515078217242260421384373068872143319719392765
4307261557625517124764287228841421171512634534585391620401335799765458353101463
7436039830627861311450176556119145347557042759154627656338570661854115739997895
3540519064105497083798244644631424564183925814524610202130350793316678712650811
9006984137728812640057612823780541560848078401500756860998000273851310662643557
278203530509156427/6810

Bernoulli(454)
3688765109519035939597863170745089770155218010432667512091960969482056064803047
4979171133539537862210662044736026621541679008373532300695155313150561362479551
9044102404320708564462639239792995000924445160289688035381048786725398149812361
9885445047817539101033800035379175138326867307200093894424651527738613214058325
7856132696558562847161814996976075174769694748695438632575090586824991284249542
6514041322052136702614252272224862643041825606799630387209499955794229337966949
8601113538567738331854253050624173101847623079680844557469933252136613293574494
2092063737117719972419446305379041821531028902499051591918182645467840089773846
410376436748099927/6

Bernoulli(456)
-923125149720533778680528010662703536561423742473016010860492465173697618007579
8896215248792654225922031690989989936814428616639799004585592248516552105228745
1156007720904696186499491108648744373648708182228984933645850279283745566527687
4998136092905829824320579449565672374816440378174873057908633563875241743127759
3473211309077070359896017274789066550552469547698979828077256389389589765286385
1502639463221374357034893227010574133394097159074204010157455592807699978993507
5594929357019481159561753977543230087794813108450046976680374590533187183911817
8605120693482483577762003279580322707699760471279269534859347690610372106577357
727353920929624706796074041823/285702690

Bernoulli(458)
1027825635381261025084137509518564962560728450132223539521526948817353636181702
6569285838288287174399415824498776226697074299069342885522782914715189138245709
5255323436878972460344283856731814144161565525767681218723995255421790894843807
6178377910225560489116748839886969453337695309781684455928141552611581080216941
9301929685234168971950637625385574092875399806612568940093924080893589154969775
7662722514885923646850536934200348042836679856933469870621958339639775704742246
6674537196192952267180837549901710490935337309113676890484857602521544773316821
2750846479275096027317879898547831700811485138730854440587419393609265846843555
44622280387129474006982319/6

Bernoulli(460)
-655076015411350995532251952032468976281834530933031937204434394691120639774531
6500483812442237014438941335293944750087907405849513426436624910542114024406950
0569194474345240967233524480174462973588737102486174212455700152251212621356120
2797228419792215371833177653294508516961085108843787713487800891934198063153121
4431991715959299563428081327762284421994333768251921757188656927704213872171465
9255018616038851101990624959298172448640467652403003727820709423068089313532982
3732919310402364852372713502561327286031248575977609780892556172664687462208612
0677449738708016595010877049123286575216517173385795826972669505322466175106064
791167244415577645190187783109558537/7150110

Bernoulli(462)
6368886588855890529015573157270243329857473927510055032448029799766753973277733
4907438024811312496845744805165367073960643414011348316887165278129554686424979
9561246957096519581716048742198568078879341109614035666197614674515022810207552
9102340373723482996983265766606390143860966670113764902836475227042342140853703
9026909536537380710986179870523394940084372942587439537091354986020906075076936
9033081150234380435180592172958769468894953076792547254749408568798780541041050
5963373499481785590861551304643751957929639863906451583045448988420712969430083
3689195485549034896739048772957452300802540981140313950402803786459212279023896
59674535661931328259201472684713522055433/1288550298

Bernoulli(464)
-188572988301799749241127705615416162812212213841895020766690762649760470928083
2704445528505726439561144972157526110477873041093751758478056951517845321848516
2032064757985570592549670176144846580835479581397377968080888816781876496470092
5538842134054390992956001669225520942778629366261309269472085949866705644243058
8222290699114010502748358004031631058971889186924165168406867382344461715876142
0516419921212830316201380950669071896202429509916122408216700391529207614337322
2944136866167556404170101140178710147326875675233494871699877286279336655831877
3029316918707270291960609378731785895750339539090979626138323805240974987194179
90532304114093172036385627503846689476887699/7010970
