963432653794114872819975508180838640324527722157944351533382547739462892393580
328650729819143647337429520845343097486917001310783452169600143434715016462682
600297768302940379998072942577098282749130361173664452469465644695202192691033
254250198223997860356038441510984993117251223041634403056892541147154563656789
582836986233888870883695949094290331239010726719110889794620039379579355147539
679975652715666100107252870246245039417263504443507491929390213808007454116413
489136945008680929229922510816968613502768864720151506743074122246269278214864
734680851626905963376248775179553692517674923064765351207515263156680692110054
813162512119920412543044666091347769093190862248317052097442782069672263267997
435565072937876967050948641202355956781576926685844361175149203461712432081756
495999816715360056353514387230780750319715121546374770534068836992733709003321
134240246170223462145314890259012281356711882235045242096845118399660968792741
314626975346346533181374711055914620068368811430232106928027022022224055953283
560811249748727901258421660212557541915201017775673538177704692143530570676955
692817540370282205439766397476260937840858085472412858904768500770877655386884
548063898502986738927837683779285008140895369107786146879663531363010903768618
974187831094270714995901108075277283803752296923107953633868908644153161359495
284512530139666279335598369295286326715127668015029558943981181309462067261242
246170170387412542118762917683023287564234007472790300109349514932938473985146
966799106969250367662806233029455484676840159370925310199039294213557219608686
676728067509618989855163066028842825647394618378081794103749705300936562204465
464288482720064177992341910698549448395231691432312419948795034464804007387973
048051384659814976770967375368505689815986098011213557243094088390275379719584
749522345140460706140829211287105990654918128987922134119609162995304672351354
567565190503327557890249797805087531071725157021279422583519314693596930097300
485094544899996339242587282144769160087506546267089961813755040622349893569530
557826976585726380867158515052865074095579760518248454462277545910467334311907
479731152839351527324267393831927859192333569832451192830684539559226793198375
558879697319034553550089364158846525887138658587927335176140939299944024973960
028884413929380280711444107144651974793419545620933088181423763512031150228807
652587733347144420771407901813664612828082808236446723784492940985002005663109
818338407173334966434931532310062431761838651720855294369200082349608423588396
905145645124916003853744740482564026102276472718492894735113641156628280705624
120534302143544194992821644587495169023969144062751021260455539457065364260172
927609207137600886254258291913148931144070014216384532285389824039340015490035
361830798048419341959858101670659724171298461237102501815975331496483392415929
648871098410713055616944656532525207283917632227054858138895121907678798021567
148889413261585874236550819773916859421632926678843858821048246873845242031198
280156841180311309018463249171265871835738685459373047501578863102060020056102
507222960163085953418587037075925283276084318880726322419046976963457699838064
687711318947696140215840594409911772426550567208612814036893005701618586360030
910683076254209095942808731967845569935475258136840942432396252734911366562106
181897245946249572547515665523611882718451986485276778014060491683718449439756
894742867719471614680656178364064752495724546626582502007509647596181941263505
067720885886319591449150450133222153891732969169085376318710134466326970036776
880447797824779363605326221198859721111709242329899426424661305697327662789230
409170396716417160618400009790141890754449726174160006511583217122954711418995
165517550065127919911446670903334121855606132777411206316155151902865439475511
206807998404039477427620067000509714895643365496438430677488341126816851713087
831301171847420918632331472379303455916682931088530742954833669602015413115799
911057970632656458084933547469950795918626666424584332351764835729500652923852
005077976323425750908146842731680901264003945091328010127999972278724359438055
256653574359217229643964275147814799995979568179070563718139290515658873936292
512306689588519504694491499142146424583350100469549910852771505910323060876396
182777737136265087147075550681466466125064219427902501964683070918647056798509
383009908421133164120684080928291368280480983357883773722302439068447340298223
295492930448599108015264387471797897291582748129406857367306546736039016828898
073007954723447036956504409289604735298657952197769882826789957081916183363096
761889866607791294616249771445650098174864512935416542853140786426125795551715
130273067384108042400330240568048411780684174038570612900368281282664483761770
332164908544199199677915923139274923738953279302829716167201779588370526657796
251870765621343886581376942517590850029347309273491765140123454159966019837281
817186818134176052303398202977593866970173568001356667491735852478610454729281
382656739530286276464414652396094215467596061977994859736912879525856637166203
404417743024948535720297647969676320372453698907409333151139616038425679672369
281064347728307618977490837413007091055075889870172918604060774438250379562603
185514836097612016081392922474887202480176235448976401964637558661034629945111
364970504183835074522892267331934993804136064778818238109961642163456647804912
018680953302954552938782107502251297799957485450752745774965326843964696543046
477905506847787819003926995933195512938840015466827706541200118493387930675469
815189733739716478648528832820099138998168640400756500247023302054818642087818
600925748222538199967194011430795725440087278414883775398114146939851530126331
782468129361471492407970933737529678070922136997572842348168877286901955332642
243753803386741518166972584280959634756021639717444139157596992980186464715599
441557689887060959813592306669434083829998634416051996280538544715614765204280
824771715507207099393558786156006075300199954034879972633074804900162357759080
260236858000266249857700382417186998072447408629977035083744685840054883572080
040579185593521383897064684929770360140651556034876057050886629024113046030528
339892301978559511672966056773554815449653167213771610487915091301976751951844
307896627655530416294350655447539607235336311356785616462947609238507086024545
062208551814031101353148772012357147750704464663209937353207561357015644452331
369481951777118251676457751710857937340026086068957456503951916016209762098523
875187037790792717383988962167045339408393790994240951164543409101089936061947
792646305876099535914744758633472804842850516142590744336471951381117982632044
666577193557680188538129943521768611818496603920256388999024563483077460619867
557867551230945269231751903665685615627817626359115814559785865229577875907037
467182998722100142903699072939199273999378030637353410895089929293154360950172
419728458748278810397933264911639258173009220258309994414269131011653146024608
751525655395587713371841160475870985507155184727240174539793534855096344431860
620891284377775644423034984730100075528606527036412284745486864711048458644330
627745480311825770745624939973542137516627364431944936676904950044284383221926
871903017586705354490490767962961782376894760035070360361082910756308948786269
303290347644755653048256159552615800026169442273388385529908333271914476653281
652216424075257358617692825142484563675165147037529896408622733783564438495307
149383774649254105437039918964172436802488863273437115956791683948395621813096
833054477250907904795595533289401472245917593999154909606113947281024306565890
230325512188644715830607349155426445849206805994316516185072354448079151563117
120672663569171997133249625818028949608217003537539735786629368260953300034734
639916772987496541113210795575707636588623628675742826695101281504122860993297
266069686679013177265181222864478695311411990931305192592814994348838597316604
787428958654267897426484252914007338124531442314361065333001824368859551943167
278818773055248317287294121563765539682946549210312665042108254527005342335115
771812174028332659199815778346677505955746290425738752597696644017509463373765
197305028900060252944104256163249843815526568200259516853032460913099964991952
432934890005635399925762371873180608009494415957842591276914041611825863821893
033655803816925590065550134810379355305242951096928899689782266190821720425057
063128515577530509341174902943284742015491429280161866249005652173732373922471
485895685395956508381548626230073999647782536136849680444270578172312544654850
510695498151891443187460437544691500414663345142990607777762377907915685485197
302204853024959350026922038771159809093289351980743000471177264924237321046669
206550282235256604162298663394877224348063915144455196345000121899491322295292
856046448281919371560285315385098670482063924795771115663318294404775333383597
764457244236464718709563326156918581802478285871363676657565973765558684651095
175246961195295741621494764683533187989831644764821479555884055830454357557204
141220667589883439910547275958685398728302983668755731874438395571330068478401
473239186334865603853205643299970675017320431890185425799204475543428517291584
225903448987667908380395832465047844415924574990176600291789819257227993136342
374930930176667517290533690705928772489071927837688066858218818516169777263735
782171524173899836507868846609505602157678559328900098198157187243897360193050
196297458158326118894519940807949809591055882973418788337765446003051992838144
541994208388323095163791273607685245600532150988325124470576178135298219626191
023463418335943979466497987991527175041103956116809858728414140281810709088485
534630002333420282050902633446218648581413718557189778284801516804508048567761
446011333140953533215233643964773145379766084353547118450510456420599681291940
044576174445258654796110046506459089975898564575535534522160936019603172168261
336129268533683829237813860422746173447532746111586194640569424581034133268526
027477914805130532389582349026355829647908555771965121267147368483860814495840
491079237742678200034609036561492304112918607424774463651163786960709923807788
111739531931436657755625542130735297714987926957886083745905428239841414419965
504444809374338473700618135583847381790491836698439949052595370328214477520285
329636876708725153432199457517432330365465025017672623615141076430033363786982
851366749701657534349210680390183385773934054626629468660448586574352597797080
088163031353362848694464519103559000316947267155410014798062178110251226055156
935226105486323608373246853993254943362006666057223754741534903819506775415842
946420075977132973739253807440922330135162324839848667287973731576535059254348
851709872822707299568839908607027359869824680253182503045070611840195176830236
059811829629706118726519137443702530800315447349427016856695564427026774489314
674030387764937377301549500130829329037920540366636083699659834030791760713604
152526873486768298520409158233077986053589506570993806255415441690255840838441
790878396294152947430889321387772464477904485633717802393650918210526967501338
962368509672114798308018373516484716607331740699688036567595326666300559951935
878681198104504577493482529148601543718687050480651566250242964166070948659764
417253720585510070224041448019673488603599334612436074306352633675520470901868
624682753412953227053650767325924227109149839032651306991068539148026754555122
542532947557272407287435767314018350320345143923504877344787303252460107384840
038691470348080350771435221457597233060354806313123234522406335671568798257562
293846289043568290683317340463760123146182169403368352136126226927950855514352
760734511665228719114990886566703994440822505156067462106462257281950201258890
065077709640724626834102704302525490968624564512770398260214054455409337666258
643237080800134768030654412085141144819025715336793149884273181523908190433645
175968973663603973913904570331876855952925930281327297344592467514963764244600
644549585356949402070806659396392448157528360299466625660562729096902769193400
657528965132226459056105505963082479889004822320618265969373369156818676655441
696506670982232288380548881498297880841976241034350912578098409112048757348063
673529789114204953230878644239533961936850610908746480544929154088406189916494
690087148988745383915055644096315941540534075890401669806181556868273532657678
802516126451560017196581466982768820488233123621087665887193286874825816929614
698423399404365133134590378923920987976482330398675277610373050500510250948167
188903420070943715200019925710286950574236300938624483512094034439750007872514
330282617520993923287625363962133725211788389380746311619137510318297327037470
570051304816006652557746014002830981045418488877590477103170090861133244379917
234197759315070598997282451431510942350541139716140821506062084941043032105087
412003319795182468756724817842970698615258180363377419807132195398608985275114
605083290463865321718690233764519237292874596507312097526783951626111487714210
646711428040621678503741850501568584154743303201473917261397795574231402738624
427954983369013114266776446316714422326439297873964803895146459473765019564692
036709759596047364393970052330643968396781359369101509284413439513634518178081
225205158183916742445691145615184258728226262371978145715361208289285949399839
273273625988157003387506964669146485360042881912366472323978326994489542635337
032894070810495461332581191940738933690831262222272679727240712574044419386413
722436460025454428606059535260904079051767278521784870563002004863684327263369
892992582425207763444903638163579943336675303672392899704135950292173981551477
910951021519481766697725402398790913912397162042185402805154508733328417702001
804006847577858213857276683818230710047453005139139667716341306846389704882211
117330337891046685700506116338365517710330952377858373682588581561493590356344
396615051617659058390060840420221784948809638987742061119872596341489814894850
682537496220161689151332305430100742745867895743003847994242185002188956372058
780559518499748421767468643675436697489802127870638082382460072192174671962449
318377002421176012310579561143050248487724452807210827378608253930922575465609
758232443911916706760808513538640881874978514734826761835172048385846943603855
492604597682529008518600935800180777004671628952498382276819169232922537939142
186998550798886072679608622812833220176771217948864207778983279777751697813331
232099637965603366861664865610547336462901383745545144356489624776408248314464
339101850244064471948525720138876878300104477326958210877235272001106010483470
930900990598518246218184425433035562808550083560402087756845383897745312486058
528150281771683301576713280687872391095257700346591679009673900302250802058661
917169523769110122112471142310540935558528536471363517498724369350569334738615
747997631292958965267333373751888488026002820293562764577315306825910370964708
297537913728399579248051866053916626676649592441954748728966620218401203946225
011341880799419103111125228444671024580516907096231552663631623898145815131533
836155572975118570719962112188717985381314193242745544442801424090451144033806
615364809891502916939128661257109876061569591542922664401747924762369072245509
900082796895047488592305271263346587638894530388959868846963948411219765905478
433916513968654296761311525869659907649570571364299979687845385495978005613359
745290983265601808454958791821559179646022964847233793727713098715190581560884
053711886737896157633309380527887600550785704041875407070634338684112450828053
771249043094420026745704022696397445917911540888380588361834671463648035951554
374702378324099471845247722224971016511253799016888548116206331882714702631078
046380074438074798499848283569671849385491563692664009015645799967101273253010
398375941486678625491256140645360425655119230608084562418047555621891690372569
657744144680941510618907861951128628718801282982813226199457545387492835436925
706684958604115351439648893541225069203848090544026077291677802092511594512559
180997663001278020376065270183054152557203319743179999298027747113743056955551
659822841678942684649735230554403204571710240618342362833575417878408710702548
331733396791296011706400252283863198848949893645707210454431506776960334516286
709827009004833637240751763944002067842807553305741779604693373960389530669090
915425475236550326867655760540413804262558730636374822550799207764849725049696
592811365758565355607435970846158060378788180541284643786877059788843126564513
799180512905994478164228258696246557614688476148935774184289241248051709167443
497008110685036577659415573363361098571867434611732656232025830852906763976144
748526954824929204198276006556579257207279115188903169773863796089163100617531
201743283471415631847012532779548922436967271301440896586346030896854556566078
784439188708853674239310107516826468692940407632032476582476539845470337298002
385726816367464308548619864479015411607072537142242217756734597869633016003589
793298639050275220656022570522877273115619123738703009151732022748103274307457
479194946352552533589945698107984231069889529288891592308227165049543689880703
236719477407867374142756976764142138886986075417133469259008647621128949630790
136787469492672586917588543016642690893298169502980942218290377936093380354078
398300649807766183225344446105719477254695037052834166381963394826783035631306
978892182674559282895085778554630999352049304816798961538107852255431956750004
667185735438004472690554083827903095481579924843258767887479166015874788243190
959656141081025521914511971825615402062385888876187619147277497152268757735181
824022809172523646449870295128225323110895031221788590107870128295815224684376
599632633121771698412924846689663888305417762872607841409651809528122002278385
749566125869351267299313361111727596648951553723626624813453868356713686192739
424422570624860682710788101034490838780018840222147986037693779808132338493698
702774868290070083500937429304411149055279242577793985742645432999319441015788
815447939443872313233494213841430152241438122584690853060865702644311780041392
024589904156252028006002240597004472134282184325614165050574066651497217305092
429889397924349645109720269738907375450330197311047839788156916648393101692386
719277358052338509733767073648501294082694113124178838845051927793559231593819
210905341892884942676604469758966453428201949747326908392955577386784022243279
697887145437015664198896618245989675166097288069391278120857298977368125971189
504501099013173632809763634338901588645249713202903176514601751403977809268521
097532689923819857423946419065085060581389666233947168140618842386662694254338
570832811061038230117752723938800831127515150684500415215299506472996816981811
326884513276638165161636266057834818686447499614754097992428283137816834911865
813183456538966442614140388287727827262808108586778475321261416036288490579057
013020545376997723091423774803546847281734702283485462965917660577843037885751
985391808164778238431435140596183792565835037318111334313001873751292868576084
296238133305714598114650148090163255928507947033009581577682111324279207691760
183224036444439011418881708298634760146645299843559058599750788702415258068852
420529180001954670956604746412280321052959406336150599977001077088955036483888
957636120557134035917987358937124465629334736918563365323269647502471859585614
339289238434746382567732266927592730061306345323047232260888672561703617602925
457249410236310156391056895270907387628022190054811318985525734027716668777166
144725887500151759258326905371188133051009177809599836754450761274400881095583
889237859633670216348193101224472975717385908508184951152246321054126546637491
545913476548696484330907341255056400379852269268301140975428992237343827963801
117508782797811882087020228221190091775080561337540857273393109206363045614230
415631199157231034427151975129265512845129892610577861275669210599747039695953
255159849765305806660479779302934543263607314921824181301764030252120240643280
482255947541765648694114859574168636115573032122225853115406011400819566408065
536406321076734284729449272593060415079187959255519406136768195794265276337775
826204857326705763295262317968457948527192070871277466840692824843443938415193
557629237132175641062704413168370194740149689735129627493993283563958796367349
986089453825954706472938071487029005045950804296303555483908243370880712588792
762026445432638045134424576525742344454305275891557292802716519666215506681749
554390549404966644367482125926722581828209390423255984713566271416081792155448
834717539701433582071139030777241679137074480339769982660099341282881662511865
320413837702719722023559707754373050737675609973765354556818257864673614740984
738061327016738319630329779869182068427210471165417185125397357967550386171510
999325727652770059561663678346181982121275392032903359370322988321454735166485
282930682065358537214888034740688982415360138295283682097559509626079535463705
463067917865004693673823497425962498860181304954378548783084275525521147227773
245857202615390621479459577382441422806862733812058325472326047842634742711848
085161245152808031578485050262371677093959893808417167478859234992038973910283
933313561293849764524840730124582815138417858699174157121855235061130899872072
629428477535741578591819694430092400055115437267092948234362569749679661183338
230028953090688589067081733647008254367132167878333024654945774623582217104273
407635814694502901566916621607299529619812894175349147189586749568162093998965
053276762835938781344866406231054948135007596975978135811940183099625532569829
907595946578239515619764026288013169129852618761278751915355261176835259850045
869865196647913672988433653776933898866641072826702999462581869239541873350148
885344091447797214889395008503533874399166200147699501338781954735116637574743
709401752450944969390441180060258425470012323654532811415663006623312012920673
245095013753022508457735985225861094514094420511263298904078993513914246400230
185914812308776753031289408178019598089519120861710410344615986314640288093976
642419149969827953122051935164279007539267502825817357894612968295594887185320
423299345104008201730829833722003188393156656409803009949134501180960230841741
156170805235596471246209792119459751954818949068044360360239374887205240405884
682009213275122715210837996206422066717855407098213587403471848681852466221022
513910728870134017411162687778062574670832999156880716713600986016994604701689
949272128951877204040114249858065044250591565426846460866807873912954749995906
767057457422007738835891829961789577338784155971215084953427608700721652320198
735921011963853298244194646858521829376262661426338895261008645572343728199524
733654360516166949431421004631125254551960785517599038126298198378707212686822
681235567842687165135481622367186124092222159782790749152120941160029115655142
915253194208948023300914431512353614610338025319822974898179379280479144686788
167636997518157324746717199446980815077861125595419434834359063011866929241629
421296611138999514547264543114943040069092314106194125681046792650228382794472
843926254441496858782072185596670125718764360246985160378899569469717878889607
089266565528044732614706406687976643749993874509965496334782662710310659082177
461726924240894938224735579230822865902105967853253890545615632940346348295210
903358818548212508010915974131823637243700538159154244509849553541338494205971
377461026711738555896575165313294827754264437949160328926398675672441722524625
681540260212308957916140464458511059719039736964267892818014672871699595632663
337681917440209047941931064049711505555507021906873261150363039041119148245172
269987877213925775820516001116098980085213355594435891936118573160154021153713
084826574423370716767921516518366370896093520814877190526295586794994083706385
875149503541222546035113580941460370585185616965361228441712813176487761966030
527217465602256864752376011055352354577792784745946813131410394825505665512972
930883451186955028017775578508589047913705008877938872528749103873016513691015
658230775692155858730517252874447381991198330854100682249498100369916830685257
737559631506799292232119517254429532097995493224292520270246396889131407280167
407285149090237810835393147880318385593400998806766531605374568006367073373496
785859512192702588266314504645498239943003252155486726873420820696424777621789
862421649717239922761477336688338367622764213594840955689693472404971067566479
796996332090821258467541540412814675787402963387031287372205529592813437644966
535789096882191063596752410680685113933164877220449029308613314394153198042872
253400589039065107886774743091937596733352055147530222241643058497441354391810
045797818421090561031630657409038020532031095033255622446875418866958316480685
325027280359289677124088442923777138931543469486126782136807496370769206089019
986596115479542302059286063127783442371070821925427064010760143155819100161456
573361354515975843741566108291206190973648833052500328215106641851753700970635
868648109379923488498949026932826942163339629056910609908498601895253794990879
950711960230496180633284302425859826787287100917025763789950157309998397766050
055876877352111717843669514415527077472122723010185497003868877902785414651847
702129304313636495459575928513256937132470794597354861032491748981268819300923
586546768198795250281150543031938791906984819067193817966880844225556212915367
031916242267873744971014638237188886017989536857373976988645142350077552115415
731521394930738716129729344929341352348611635042542555769265604519385879255583
355869216798084311699628822391834112677146123142748623536555270780258452635104
712634055250746318501387073760419917801047971604860129982895785916224841658142
548170980658861227047473579918871548713051106495161867415485998829665183835505
926791429288773273258181586087970458052280191206402041775492300867176689140407
500509260099127805735937291895807752594618401860613890723511074395228342983390
783201709033479643609338029880080335087191734112175751473284920580643486775174
780426276788112860806246641033912063988952606684450003085942167306497187385446
277085247342417769508642484218586655854352090114851829980141270848602964449939
504832643454958479659293039975830058624115220102741723329805009570603333236760
333740095798478213031336877844591748435668767890255938034088935578076482036563
288562733647326993800284965249177312526859743943202067555959392118805991889499
047787552357018802507039557931603274528609024539359812378376423903309707259467
904764865076850583545775041142523569171285426520377353921089916493318811728797
981939366555555874663651988224232274928069493485272534832741301363483259381439
877695720592596124200136061378651517322158188424917801259613896247364509956059
488998842339937749850028811151059807688308971162388937178592754443068669533381
732635710804437728762827059922058418029002816176615385190174795327447514115300
629869091855829635465508303996707753664945903179925278628671276708998209969418
064179069006472888112236345049458522195064686137801698461100220762831161960797
905832068857880485785115058322470738132797311818755919522909608665506857274612
407779508089723483658088615140823778463857570745704765524847366296413853571933
292365396249486329703631076533361085795762730457297569691006359250037956530592
954519666609838989031906175884943214476360867578440537256721348288534608856858
891306744353364826140317960978087990741415931655932422267237908662209199545854
926489803189505275553734767731503621237041326460660893368291912273736035861504
901989910773390915794853335051178470969983346805742605686415298180333548313312
431611866567664064849076889059676015322375618873556454249811032422545415894510
872098474833265466388282504131458488254571787757646982207069238213320773548117
367535818532553742749811499844911062146665089816292351392649411499695301247410
819685996243832388671174843459935773573452928511741956575016048648744453775735
414524016287825693769515710927041342312171021075037732148615360420723865927357
751894478576303493731519873118266556033723634176922959738228410012858298660744
727681350786663047138141363927965997014929801791214768917798297680503465917502
942153586999954499726193982689624109226208343066560821874529558493908804739619
401209123888624322683421951844868439024084091830981220341500531333028880791624
005304359721136971654918485186493217416599547469341988841882152108393015076848
819000805778226184940831833048997535558265441377465501609017457524354866510496
416233412211834739811443545787517784802483882984351907936552921875176998774830
237597189927855841895966276061717377384791468362733426852733830063688478269072
923874417371433816849870063448193237708804077285900157012443589218367986886260
320509544449706172081607751452619169882280017437271960601833829986075178796729
946795914387650977909661490242108950407596849064139436972859489209610461919312
318558329651287441658303174648989754668650265213757365705811391277814816860171
589051761603063707995426899456773082003128723325453427905322791671805132006156
944448998755938474482311808417519200804822510455273667613198816092493021333727
151309964497817280383354899535761088532766120687570197335961465186771758908355
184884435220921203270355273135683339143109455088029550821872360616832787849781
001692950828798754748426966149199856764494381719014718650763550922365492730194
912131591025984904699101896369668532032936551667111053255504626078489760355216
898622094853705151813120763889352193098852598654733700166670536444493600094988
201765542359356430737144439131257157782836748833003330174085730861190719454610
960215459310125829846316737761506071728163021096228094962825593050416986114904
408206682335852947319380935916349007174199838803077825375288732193634119859456
528319340079615381371504188768245781327632252602997322954073405350026213122486
204168661665620724727974322331762189261600103530389224628491179390016649683663
137785679756232288016092066145473994850772963383893670123625824209674140574909
732563344503701964498253593615607626330313663751043972887986779245061216833201
307978061098540925680662579503264600547050949858764259104770004206759174003376
182247108904269248328985496421113810453811094687760469519652288182936856212848
070372527863906471267027669585800745551154253646186459289445822477066929982900
105161218071863706641375344664646006521493646246734238702715688332896313343304
799378656194655434979319227639796889622531635141178947280145013890739365317293
828514202086814353242598112837599727818897172100667997600712164559045284979068
965556367936416652869058675553173031542714964442511464977195002375155975723251
041109734397231011519362820089372918301861998966393551534655939625963355233930
127507875627317845546704942648653748211525750872172943657056866810475299439126
723965991726704701049708409244029953916328239001306172006038413742626864038927
120627909141551462154935130373981769673290822337083384653861948287201094828104
345433302802589574150370571389982642538138403022353969794576767410611517984785
716986380995220962146309853754267411721193271891658398014229102442972199524651
332792636201391401115078484944644733082293443503916751604032522278574040693025
429017671137640328208395618985486441179154103018027358206573390158967677609470
312763802445958290822565929928156393423689102635900819136433647475188069453228
627778119428293740433074263149745264835014045084989488346752644715027724251813
965964953493144490857072311327209943300475610543724787670853387026389938293862
621472455497337670099902455782991879721259918926241888106314974364206530695723
129627579556367080260877899014308972913311759803729644397968907975848988492675
556945067136749116114471104336719852175910987922417457025867551265184046923312
216333133936710949034659808982254113281757827841536952153717648123830082116043
226669470415005613724347399181877065544963034148208069490309704360557452723218
480502259735986782189706240821692836139942625828231806714355145346314641028709
099107346335321936409346223678038207442145560803210288393345894547929682127363
273128883309256209155528999832537773777842859334820907202925423245023887816215
169102161859997359940465206341616672718858645065444836922480257728706993114565
143326627759538260656025340333924841209233217637055700237202420291617058794220
845347676162849265387116226443782458849600080279182545061387090117597252473098
276046114859070767403696955965887423816049796791997493765292315911963215736460
091079201787464594726367042022553112918776298318413547865852772139172660374905
413401078511547303963830569132699812646607685837323626461923644333630476656169
896362161479279545305574970613829312782768471865378107168581744466687156595773
568092043900802311624380330593013699434743868953632109848316104842448878581664
025630212534468519978079980293712080849369372847972977860581144081868426712796
397340672110382124963373761928516431184331684418171202175068040639181605372630
908299847465712748292149781901548888164037869887536017816170125311707908109112
153100636667987655881979441080976364381275808077081403295021187148778434708966
127769990707463717536578642868950338253614314056796419866755708469573997875758
389103504328671008759880504787325420026632826138940434251345307667224334409050
075811710373083914150197361724848700785481399962958014231229257480936866550738
712432358563407706367052028993942583352102409352023339615198536180129572736531
581661610961047192612761358914730649058441968797094647254676240495319571676239
611662286261674236734877745355893910300715959585765262776116036350570899849613
238634241760731630139000574231285985811884981445333749697981221913057144839247
106925711157904546511019741992394947740932812170834893775147560116357080954778
369865792814752414216818087608034831136827546821910165322829550008509412431787
607885278435757783381352977471105418619879424507565654710693425589032867716370
869653052864877892431696716205517769401448344132436023293054530254996178452252
922857232953044855510816052991147036868495847023376560841022319420442141549523
101628429977091705828318307177912613249921417536606677699312993620932375376318
