7216 59090 26920 25960 43912 83224 23308 79807 51068 9
912  (191 digits) :
17670 25861 88649 75009 25833 94165 37971 76001 26751 83748 67018 38432 30539
84534 70743 01607 36232 62110 14092 32030 11550 64788 14149 56643 28603 29878
63909 04066 43763 0
6280 79431 52553 02360 22705 23307 16732 80212 74694 4
913  (191 digits) :
28591 07903 53243 03452 48015 04887 45826 64144 79827 58987 02103 64079 73755
76763 07534 79676 74361 64736 93722 14656 09619 06879 77691 87663 01016 12457
03079 80590 32601 3
3497 38521 79473 28320 66618 06531 40041 60020 25763 3
914  (191 digits) :
46261 33765 41892 78461 73848 99052 83798 40146 06579 42735 69122 02512 04295
61297 78277 81284 10594 26847 07814 46686 21169 71667 91841 44306 29619 42335
66988 84656 76364 3
9778 17953 32026 30680 89323 29838 56774 40233 00457 7
915  (191 digits) :
74852 41668 95135 81914 21864 03940 29625 04290 86407 01722 71225 66591 78051
38060 85812 60960 84955 91584 01536 61342 30788 78547 69533 31969 30635 54792
70068 65247 08965 7
3275 56475 11499 59001 55941 36369 96816 00253 26221 0
916  (192 digits) :
12111 37543 43702 86037 59571 30299 31342 34443 69298 64445 84034 76910 38234
69935 86409 04224 49555 01843 10935 10802 85195 85021 56137 47627 56025 49712
83705 74990 38533 0
1305 37442 84352 58968 24526 46620 85359 04048 62667 87
917  (192 digits) :
19596 61710 33216 44229 01757 70693 34304 84872 77939 34618 11157 33569 56039
83741 94990 30320 58050 61001 51088 76937 08274 72876 33090 80824 49089 05192
10712 61515 09429 5
8632 93090 35502 54868 40120 60257 85040 64073 95289 97
918  (192 digits) :
31707 99253 76919 30266 61329 00992 65647 19316 47237 99063 95192 10479 94274
53677 81399 34545 07605 62844 62023 87739 93470 57897 89228 28452 05114 54904
94418 36505 47962 5
9938 30533 19855 13836 64647 06878 70399 68122 57957 84
919  (192 digits) :
51304 60964 10135 74495 63086 71685 99952 04189 25177 33682 06349 44049 50314
37419 76389 64865 65656 23846 13112 64677 01745 30774 22319 09276 54203 60097
05130 98020 57392 1
8571 23623 55357 68705 04767 67136 55440 32196 53247 81
920  (192 digits) :
83012 60217 87055 04762 24415 72678 65599 23505 72415 32746 01541 54529 44588
91097 57788 99410 73261 86690 75136 52416 95215 88672 11547 37728 59318 15001
99549 34526 05354 7
8509 54156 75212 82541 69414 74015 25840 00319 11205 65
921  (193 digits) :
13431 72118 19719 07925 78750 24436 46555 12769 49759 26642 80789 09857 89490
32851 73417 86427 63891 81053 68824 91709 39696 11944 63386 64700 51352 17509
90468 03254 66274 6
9708 07778 03057 05124 67418 24115 18128 03251 56445 346
922  (193 digits) :
21732 98139 98424 58402 01191 81704 33115 05120 07000 79917 40943 25310 83949
21961 49196 76368 71217 99722 76338 56951 09217 70811 84541 38473 37283 99010
10422 96707 26810 1
7559 03193 70578 33378 84359 71516 70712 03283 47565 911
923  (193 digits) :
35164 70258 18143 66327 79942 06140 79670 17889 56760 06560 21732 35168 73439
54813 22614 62796 35109 80776 45163 48660 48913 82756 47928 03173 88636 16520
00890 99961 93084 8
7267 10971 73635 38503 51777 95631 88840 06535 04011 257
924  (193 digits) :
56897 68398 16568 24729 81133 87845 12785 23009 63760 86477 62675 60479 57388
76774 71811 39165 06327 80499 21502 05611 58131 53568 32469 41647 25920 15530
11313 96669 19895 0
4826 14165 44213 71882 36137 67148 59552 09818 51577 168
925  (193 digits) :
92062 38656 34711 91057 61075 93985 92455 40899 20520 93037 84407 95648 30828
31587 94426 01961 41437 61275 66665 54272 07045 36324 80397 44821 14556 32050
12204 96631 12979 9
2093 25137 17849 10385 87915 62780 48392 16353 55588 425
926  (194 digits) :
14896 00705 45128 01578 74220 98183 10524 06390 88428 17951 54708 35612 78821
70836 26623 74112 64776 54177 48816 75988 36517 68989 31286 68646 84047 64758
02351 89330 03287 4
9691 93930 26206 28226 82405 32992 90794 42617 20716 5593
927  (194 digits) :
24102 24571 08599 20684 50328 57581 69769 60480 80480 27255 33149 15177 61904
53995 06066 34308 78920 30305 05483 31415 57222 22621 79326 43128 95503 27963
03572 38993 14585 4
8901 26443 97991 19265 41196 89270 95633 64252 56275 4018
928  (194 digits) :
38998 25276 53727 22263 24549 55764 80293 66871 68908 45206 87857 50790 40726
24831 32690 08421 43696 84482 54300 07403 93739 91611 10613 11775 79550 92721
05924 28323 17872 9
8593 20374 24197 47492 23602 22263 86428 06869 76991 9611
929  (194 digits) :
63100 49847 62326 42947 74878 13346 50063 27352 49388 72462 21006 65968 02630
78826 38756 42730 22617 14787 59783 38819 50962 14232 89939 54904 75054 20684
09496 67316 32458 4
7494 46818 22188 66757 64799 11534 82061 71122 33267 3629
930  (195 digits) :
10209 87512 41605 36521 09942 76911 13035 69422 41829 71766 90886 41675 84335
70365 77144 65115 16631 39927 01408 34622 34470 20584 40055 26668 05460 51340
51542 09563 95033 14608 76719 24638 61424 98840 13379 86848 97799 21025 93240


931  (195 digits) :
16519 92497 17838 00815 87430 58245 78042 02157 66768 59013 12987 08272 64598
78248 41020 29388 18893 11405 77386 68504 29566 42007 69049 22158 52965 93408
92491 76295 58278 99358 21401 06857 48100 75320 04533 35055 14911 44352 66869


932  (195 digits) :
26729 80009 59443 37336 97373 35156 91077 71580 08598 30780 03873 49948 48934
48614 18164 94503 35524 51332 78795 03126 64036 62592 09104 48826 58426 44749
44033 85859 53312 13966 98120 31496 09525 74160 17913 21904 12710 65378 60109


933  (195 digits) :
43249 72506 77281 38152 84803 93402 69119 73737 75366 89793 16860 58221 13533
26862 59185 23891 54417 62738 56181 71630 93603 04599 78153 70985 11392 38158
36525 62155 11591 13325 19521 38353 57626 49480 22446 56959 27622 09731 26978


934  (195 digits) :
69979 52516 36724 75489 82177 28559 60197 45317 83965 20573 20734 08169 62467
75476 77350 18394 89942 14071 34976 74757 57639 67191 87258 19811 69818 82907
80559 48014 64903 27292 17641 69849 67152 23640 40359 78863 40332 75109 87087


935  (196 digits) :
11322 92502 31400 61364 26698 12196 22931 71905 55933 21036 63759 46639 07600
10233 93653 54228 64435 97680 99115 84638 85124 27179 16541 19079 68121 12106
61708 51016 97649 44061 73716 30820 32477 87312 06280 63582 26795 48484 11406
5

936  (196 digits) :
18320 87753 95073 08913 24915 85052 18951 46437 34329 73093 95832 87456 03846
87781 61388 56068 13430 19088 12613 52114 60888 23898 35267 01060 85103 00397
39764 45818 44139 76790 95480 47805 29193 09676 10316 61468 60828 75995 10115
2

937  (196 digits) :
29643 80256 26473 70277 51613 97248 41883 18342 90262 94130 59592 34095 11446
98015 55042 10296 77866 16769 11729 36753 46012 51077 51808 20140 53224 12504
01472 96835 41789 20852 69196 78625 61670 96988 16597 25050 87624 24479 21521
7

938  (196 digits) :
47964 68010 21546 79190 76529 82300 60834 64780 24592 67224 55425 21551 15293
85797 16430 66364 91296 35857 24342 88868 06900 74975 87075 21201 38327 12901
41237 42653 85928 97643 64677 26430 90864 06664 26913 86519 48453 00474 31636
9

939  (196 digits) :
77608 48266 48020 49468 28143 79549 02717 83123 14855 61355 15017 55646 26740
83812 71472 76661 69162 52626 36072 25621 52913 26053 38883 41341 91551 25405
42710 39489 27718 18496 33874 05056 52535 03652 43511 11570 36077 24953 53158
6

940  (197 digits) :
12557 31627 66956 72865 90467 36184 96355 24790 33944 82857 97044 27719 74203
46960 98790 34302 66045 88848 36041 51448 95981 40102 92595 86254 32987 83830
68394 78214 31364 71613 99855 13148 74339 91031 67042 49808 98453 02542 78479
55

941  (197 digits) :
20318 16454 31758 77812 73281 74139 86627 03102 65430 38993 48546 03284 36877
55342 25937 61968 82962 14110 99648 74011 11272 72708 26484 20388 52142 96371
22665 82163 24136 53463 63242 53654 39593 41396 91393 60966 02060 75038 13795
41

942  (197 digits) :
32875 48081 98715 50678 63749 10324 82982 27892 99375 21851 45590 31004 11081
02303 24727 96271 49008 02959 35690 25460 07254 12811 19080 06642 85130 80201
91060 60377 55501 25077 63097 66803 13933 32428 58436 10775 00513 77580 92274
96

943  (197 digits) :
53193 64536 30474 28491 37030 84464 69609 30995 64805 60844 94136 34288 47958
57645 50665 58240 31970 17070 35338 99471 18526 85519 45564 27031 37273 76573
13726 42540 79637 78541 26340 20457 53526 73825 49829 71741 02574 52619 06070
37

944  (197 digits) :
86069 12618 29189 79170 00779 94789 52591 58888 64180 82696 39726 65292 59039
59948 75393 54511 80978 20029 71029 24931 25780 98330 64644 33674 22404 56775
04787 02918 35139 03618 89437 87260 67460 06254 08265 82516 03088 30199 98345
33

945  (198 digits) :
13926 27715 45966 40766 13781 07925 42220 08988 42898 64354 13386 29958 10699
81759 42605 91275 21294 83710 00636 82440 24430 78385 01020 86070 55967 83334
81851 34545 91477 68216 01577 80771 82098 68007 95809 55425 70566 28281 90441
570

946  (198 digits) :
22533 18977 28885 38683 13859 07404 37479 24877 29316 72623 77358 96487 36603
77754 30145 26726 39392 65712 97739 74933 37008 88218 07485 29437 98208 29012
32330 04837 74991 58577 90521 59497 88844 68633 36636 13677 30875 11301 90276
103

947  (198 digits) :
36459 46692 74851 79449 27640 15329 79699 33865 72215 36977 90745 26445 47303
59513 72751 18001 60687 49422 98376 57373 61439 66603 08506 15508 54176 12347
14181 39383 66469 26793 92099 40269 70943 36641 32445 69103 01441 39583 80717
673

948  (198 digits) :
58992 65670 03737 18132 41499 22734 17178 58743 01532 09601 68104 22932 83907
37268 02896 44728 00080 15135 96116 32306 98448 54821 15991 44946 52384 41359
46511 44221 41460 85371 82620 99767 59788 05274 69081 82780 32316 50885 70993
776

949  (198 digits) :
95452 12362 78588 97581 69139 38063 96877 92608 73747 46579 58849 49378 31210
96781 75647 62729 60767 64558 94492 89680 59888 21424 24497 60455 06560 53706
60692 83605 07930 12165 74720 40037 30731 41916 01527 51883 33757 90469 51711
449

950  (199 digits) :
15444 47803 28232 61571 41063 86079 81405 65135 17527 95618 12695 37231 11511
83404 97854 40745 76084 77969 49060 92198 75833 67624 54048 90540 15894 49506
60720 42782 64939 09753 75734 13980 49051 94719 07060 93466 36607 44135 52270
5225

951  (199 digits) :
24989 69039 56091 51329 57977 79886 21093 44396 04902 70276 08580 32168 94632
93083 15419 17018 72161 54425 38510 21166 81822 49766 96498 66585 66550 54877
26789 71143 15732 10970 33206 17984 22125 08910 67213 68654 69983 23182 47441
6674

952  (199 digits) :
40434 16842 84324 12900 99041 65966 02499 09531 22430 65894 21275 69400 06144
76488 13273 57764 48246 32394 87571 13365 57656 17391 50547 57125 82445 04383
87510 13925 80671 20724 08940 31964 71177 03629 74274 62121 06590 67317 99712
1899

953  (199 digits) :
65423 85882 40415 64230 57019 45852 23592 53927 27333 36170 29856 01569 00777
69571 28692 74783 20407 86820 26081 34532 39478 67158 47046 23711 48995 59261
14299 85068 96403 31694 42146 49948 93302 12540 41488 30775 76573 90500 47153
8573

954  (200 digits) :
10585 80272 52473 97713 15606 11181 82609 16345 84976 40206 45113 17096 90692
24605 94196 63254 76865 41921 51365 24789 79713 48454 99759 38083 73144 06364
50180 99899 47707 45241 85108 68191 36447 91617 01576 29289 68316 45781 84686
60472

955  (200 digits) :
17128 18860 76515 54136 21308 05767 04968 41738 57709 73823 48098 77253 80770
01563 07065 90733 08906 20603 53973 38243 03661 35170 84464 00454 88043 62290
61610 98406 37347 78411 29323 33186 25778 12871 05725 12367 25973 84831 89401
99045

956  (200 digits) :
27713 99133 28989 51849 36914 16948 87577 58084 42686 14029 93211 94350 71462
26169 01262 53987 85771 62525 05338 63032 83374 83625 84223 38538 61187 68655
11791 98305 85055 23653 14432 01377 62226 04488 07301 41656 94290 30613 74088
59517

957  (200 digits) :
44842 17994 05505 05985 58222 22715 92545 99823 00395 87853 41310 71604 52232
27732 08328 44720 94677 83128 59312 01275 87036 18796 68687 38993 49231 30945
73402 96712 22403 02064 43755 34563 88004 17359 13026 54024 20264 15445 63490
58562

958  (200 digits) :
72556 17127 34494 57834 95136 39664 80123 57907 43082 01883 34522 65955 23694
53901 09590 98708 80449 45653 64650 64308 70411 02422 52910 77532 10418 99600
85194 95018 07458 25717 58187 35941 50230 21847 20327 95681 14554 46059 37579
18079

959  (201 digits) :
11739 83512 13999 96382 05335 86238 07266 95773 04347 78973 67583 33755 97592
68163 31791 94342 97512 72878 22396 26558 45744 72121 92159 81652 55965 03054
65859 79173 02986 12778 20194 27050 53823 43920 63335 44970 53481 86150 50106
97664 1

960  (201 digits) :
18995 45224 87449 42165 54849 50204 55279 31563 78655 99162 01035 60351 49962
13553 42751 04213 85557 67443 58861 32989 32785 82364 17450 89405 77006 93014
74379 28674 83731 95349 96013 00644 68846 46105 35368 24538 64937 30756 43864
89472 0

961  (201 digits) :
30735 28737 01449 38547 60185 36442 62546 27336 83003 78135 68618 94107 47554
81716 74542 98556 83070 40321 81257 59547 78530 54486 09610 71058 32971 96069
40239 07847 86718 08128 16207 27695 22669 90025 98703 69509 18419 16906 93971
87136 1

962  (201 digits) :
49730 73961 88898 80713 15034 86647 17825 58900 61659 77297 69654 54458 97516
95270 17294 02770 68628 07765 40118 92537 11316 36850 27061 60464 09978 89084
14618 36522 70450 03478 12220 28339 91516 36131 34071 94047 83356 47663 37836
76608 1

963  (201 digits) :
80466 02698 90348 19260 75220 23089 80371 86237 44663 55433 38273 48566 45071
76986 91837 01327 51698 48087 21376 52084 89846 91336 36672 31522 42950 85153
54857 44370 57168 11606 28427 56035 14186 26157 32775 63557 01775 64570 31808
63744 2

964  (202 digits) :
13019 67666 07924 69997 39025 50973 69819 74513 80632 33273 10792 80302 54258
87225 70913 10409 82032 65585 26149 54462 20116 32818 66373 39198 65292 97423
76947 58089 32761 81508 44064 78437 50570 26228 86684 75760 48513 21223 36964
54035 23

965  (202 digits) :
21066 27935 96959 51923 46547 53282 67856 93137 55098 68816 44620 15159 18766
04924 40096 80542 57202 50393 98287 19670 69101 01952 30040 62350 89588 05939
12433 32526 38478 62669 06907 54041 01988 88844 59962 32116 18690 77680 40145
40409 65

966  (202 digits) :
34085 95602 04884 21920 85573 04256 37676 67651 35731 02089 55412 95461 73024
92150 11009 90952 39235 15979 24436 74132 89217 34770 96414 01549 54881 03362
89380 90615 71240 44177 50972 32478 52559 15073 46647 07876 67203 98903 77109
94444 88

967  (202 digits) :
55152 23538 01843 73844 32120 57539 05533 60788 90829 70906 00033 10620 91790
97074 51106 71494 96437 66373 22723 93803 58318 36723 26454 63900 44469 09302
01814 23142 09719 06846 57879 86519 54548 03918 06609 39992 85894 76584 17255
34854 53

968  (202 digits) :
89238 19140 06727 95765 17693 61795 43210 28440 26560 72995 55446 06082 64815
89224 62116 62447 35672 82352 47160 67936 47535 71494 22868 65449 99350 12664
91195 13757 80959 51024 08852 18998 07107 18991 53256 47869 53098 75487 94365
29299 41

969  (203 digits) :
14439 04267 80857 16960 94981 41933 44874 38922 91739 04390 15547 91670 35660
68629 91322 33394 23211 04872 56988 46174 00585 40821 74932 32935 04381 92196
69300 93689 99067 85787 06673 20551 76165 52290 95986 58786 23899 35207 21162
06415 394

970  (203 digits) :
23362 86181 81529 96537 46750 78112 99195 41766 94395 11689 71092 52278 62142
27552 37533 99638 96778 33107 81704 52967 65338 97971 17219 19480 04316 93463
18420 45065 77163 80889 47558 42451 56876 24190 11312 23573 19209 22756 00598
59345 335

971  (203 digits) :
37801 90449 62387 13498 41732 20046 44069 80689 86134 16079 86640 43948 97802
96182 28856 33033 19989 37980 38692 99141 65924 38792 92151 52415 08698 85659
87721 38755 76231 66676 54231 63003 33041 76481 07298 82359 43108 57963 21760
65760 729

972  (203 digits) :
61164 76631 43917 10035 88482 98159 43265 22456 80529 27769 57732 96227 59945
23734 66390 32672 16767 71088 20397 52109 31263 36764 09370 71895 13015 79123
06141 83821 53395 47566 01790 05454 89918 00671 18611 05932 62317 80719 22359
25106 064

973  (203 digits) :
98966 67081 06304 23534 30215 18205 87335 03146 66663 43849 44373 40176 57748
19916 95246 65705 36757 09068 59090 51250 97187 75557 01522 24310 21714 64782
93863 22577 29627 14242 56021 68458 22959 77152 25909 88292 05426 38682 44119
90866 793

974  (204 digits) :
16013 14371 25022 13357 01869 81636 53060 02560 34719 27161 90210 63640 41769
34365 16163 69837 75352 48015 67948 80336 02845 11232 11089 29620 53473 04390
60000 50639 88302 26180 85781 17391 31287 77782 34452 09422 46774 41940 16647
91597 2857

975  (204 digits) :
25909 81079 35652 55710 44891 33457 11793 52875 01385 61546 84647 97658 07544
16356 85688 36408 29028 18922 53857 85461 12563 88787 81241 52051 55644 50868
89386 82897 61264 97605 11383 34237 13583 75497 57043 08251 67317 05808 41059
90683 9650

976  (204 digits) :
41922 95450 60674 69067 46761 15093 64853 55435 36104 88708 74858 61298 49313
50722 01852 06246 04380 66938 21806 65797 15409 00019 92330 81672 09117 55259
49387 33537 49567 23785 97164 51628 44871 53279 91495 17674 14091 47748 57707
82281 2507

977  (204 digits) :
67832 76529 96327 24777 91652 48550 76647 08310 37490 50255 59506 58956 56857
67078 87540 42654 33408 85860 75664 51258 27972 88807 73572 33723 64762 06128
38774 16435 10832 21391 08547 85865 58455 28777 48538 25925 81408 53556 98767
72965 2157

978  (205 digits) :
10975 57198 05700 19384 53841 36364 44150 06374 57359 53896 43436 52025 50617
11780 08939 24890 03778 95279 89747 11705 54338 18882 76590 31539 57387 96138
78816 14997 26039 94517 70571 23749 40332 68205 74003 34359 99550 00130 55647
55524 64664

979  (205 digits) :
17758 84851 05332 91862 33006 61219 51814 77205 61108 58921 99387 17921 16302
88487 97693 29155 47119 83865 97313 56831 37135 47763 53947 54911 93864 16751
62693 56640 77123 16656 81426 02335 96178 21083 48857 16952 57690 85486 25524
32821 16821

980  (205 digits) :
28734 42049 11033 11246 86847 97583 95964 83580 18468 12818 42823 69946 66920
00268 06632 54045 50898 79145 87060 68536 91473 66646 30537 86451 51252 12890
41509 71638 03163 11174 51997 26085 36510 89289 22860 51312 57240 85616 81171
88345 81485

981  (205 digits) :
46493 26900 16366 03109 19854 58803 47779 60785 79576 71740 42210 87867 83222
88756 04325 83200 98018 63011 84374 25368 28609 14409 84485 41363 45116 29642
04203 28278 80286 27831 33423 28421 32689 10372 71717 68265 14931 71103 06696
21166 98306

982  (205 digits) :
75227 68949 27399 14356 06702 56387 43744 44365 98044 84558 85034 57814 50142
89024 10958 37246 48917 42157 71434 93905 20082 81056 15023 27814 96368 42532
45712 99916 83449 39005 85420 54506 69199 99661 94578 19577 72172 56719 87868
09512 79791

983  (206 digits) :
12172 09584 94376 51746 52655 71519 09152 40515 17762 15629 92724 54568 23336
57778 01528 42044 74693 60516 95580 91927 34869 19546 59950 86917 84148 47217
44991 62819 56373 56683 71884 38292 80188 91003 46629 58784 28710 42782 29456
43067 97809 7

984  (206 digits) :
19694 86479 87116 43182 13325 97157 83526 84951 77566 64085 81228 00349 68350
86680 42624 25769 39585 34732 72724 41317 86877 47652 21453 19699 33785 31470
69562 92811 24718 50584 30426 43743 47108 90969 66087 40742 05927 68454 28243
24019 25788 8

985  (206 digits) :
31866 96064 81492 94928 65981 68676 92679 25466 95328 79715 73952 54917 91687
44458 44152 67814 14278 95249 68305 33245 21746 67198 81404 06617 17933 78688
14554 55630 81092 07268 02310 82036 27297 81973 12716 99526 34638 11236 57699
67087 23598 5

986  (206 digits) :
51561 82544 68609 38110 79307 65834 76206 10418 72895 43801 55180 55267 60038
31138 86776 93583 53864 29982 41029 74563 08624 14851 02857 26316 51719 10158
84117 48442 05810 57852 32737 25779 74406 72942 78804 40268 40565 79690 85942
91106 49387 3

987  (206 digits) :
83428 78609 50102 33039 45289 34511 68885 35885 68224 23517 29133 10185 51725
75597 30929 61397 68143 25232 09335 07808 30370 82049 84261 32933 69652 88846
98672 04072 86902 65120 35048 07816 01704 54915 91521 39794 75203 90927 43642
58193 72985 8

988  (207 digits) :
13499 06115 41871 17115 02459 70034 64509 14630 44111 96731 88431 36545 31176
40673 61770 65498 12200 75521 45036 48237 13899 49690 08711 85925 02137 19900
58278 95251 49271 32297 26778 53359 57611 12785 87032 58006 31576 97061 82958
54930 02237 31

989  (207 digits) :
21841 93976 36881 40418 96988 63485 81397 68219 00934 39083 61344 67563 86348
98233 34863 61637 89015 08044 65969 99017 96936 57895 07137 99218 39102 48785
28146 15658 77961 58809 30283 34141 17781 58277 46184 71985 79097 36154 57322
80749 39535 89

990  (207 digits) :
35341 00091 78752 57533 99448 33520 45906 82849 45046 35815 49776 04109 17525
38906 96634 27136 01215 83566 11006 47255 10836 07585 15849 85143 41239 68685
86425 10910 27232 91106 57061 87500 75392 71063 33217 29992 10674 33216 40281
35679 41773 20

991  (207 digits) :
57182 94068 15633 97952 96436 97006 27304 51068 45980 74899 11120 71673 03874
37140 31497 88773 90230 91610 76976 46273 07772 65480 22987 84361 80342 17471
