
7689261945 2758833587 5822194738 4320834578 6330528075
5745493828 9523900598 4568272914 1346432348 8171485846
0678305948 2601453596 8762159670 8124955323 0576378156
4934456525 7825522938 2496265751 1707494988 6687654410
3827053374 0898921040 3686773656 0454285845 1695031402
2323633757 0264179657 7852081754 4892465570 9924081323
6655786985 2645353888 0111889193 2862519259 2221355667
6815576092 7630615575 9306626473 9260898327 8347680214
6055571315 9391575134 1973623814 3794497888 8581196334
3728292321 9663203357 8012611307 7010857215 9898202801
2452701419 4405510821 1091262826 1670708062 7427106208
0737562374 7391179018 8063039151 9189825171 8666137575
7275971038 9811462813 2094118243 2120115782 8817875559
1908312841 6589810129 5993972458 2828850347 0905302829
2225178972 4313294878 9737432150 7341389531 9923645094
0330089444 1779949785 5061146956 1529485655 3112229462
3526306051 5601499246 4164694165 3581717906 5975346477
4747518944 9033886376 9454910133 8475379570 1243435328
3214492982 7573206494 6005703587 9741372847 3085568500
2414057806 9949444209 6564545420 6704067126 9177034205



5893545921 4751399465 8656379532 4498939480 7296345359
5989773250 3522425366 9755202625 9661902239 1137446470
1515637749 4681734403 7945328859 5394926777 6387559086
4797247808 8680068172 3558531314 3563297543 1766043925
3838540575 6899742985 0951712778 2488540660 9203265598
2812701957 1356428139 2540661309 8387251913 8828743230
3850700660 1992157068 8871565313 6986458667 1792836573
5525658627 1881440144 3171436793 7481059691 3709321216
8062424716 2372966171 5393439953 3680541456 9867938971
7848891015 9860309541 2935298746 1691091925 2380974294
4551488558 3184994985 9479590242 6366425548 6555633149
3468935615 0341488374 8846312946 5300565980 7467697736
0194559815 2863062761 2626766355 7735976758 1138421612
3733145970 8729860471 3841740124 8888918797 1332736362
6251131133 4676537629 2998408903 7789520000 8539399763
5847442819 7985767807 2104896345 9907780154 2669717456
7542617238 4022032773 3647639755 1754916653 3844727336
8535249669 1562976924 8343626504 7461988233 5945593854
2388739013 6417704694 5395798118 7527121597 7684425117
9958071694 5466861749 8200389141 3675742529 5199235363



0286409958 4773808066 7594169715 5808335426 2399667913
7191811974 5650950142 1574144502 4655942823 0866854834
5475504175 3280904924 3969757733 8340692003 6596269823
8063210584 2116831153 6080639600 0302983486 9862501418
9519615977 0985309893 4159069182 6447462124 2983607543
4644624346 4183758912 6993823538 0143849573 6433235890
8803400365 0356294509 8957173182 1193875360 6040337502
5733118252 5704669344 7027575665 7246020243 4358051761
7980430500 1576612206 8591071191 6447836787 7552875557
6514955386 4629003147 7843352420 1822322818 6288983604
9955671009 4713073625 1175046568 2887493345 1108004370
5700857207 3227508319 6736841092 1087264603 0862698701
2176044090 4028069794 9111839643 6605218431 4923073516
3158890444 5480567978 3225559628 5773250306 3907386237
0333133937 9486490735 5954685179 6504296661 8255310526
4598245173 5375632502 8373943551 0180592720 5309010514
2909243352 7312786900 1515130558 7405395535 9526490302
8131275892 6687850268 3802775398 0878419695 4244470759
8265277147 6368013445 1227046469 6586160140 5000598135
5426600455 5304125645 3856489931 6031280559 6469709727



7176477513 6237931869 5356428514 3044563012 7610428264
9403679748 0293301901 3443998609 2840586881 0026888328
7786069070 0575222916 3788459542 9511271236 4162904172
4925928703 3518121777 2457206347 4441407104 5798701168
3486538940 8608793464 2885814053 2372205220 3338827824
9160655075 1428498895 0267304733 8689414665 7715191706
7007154628 4933413054 5953261782 5762474557 7860528907
0556812093 9213636020 7948400190 4534822717 5019919985
0351721819 8291555373 9405244748 8160840114 2868298542
1981541739 9461519446 7566539911 0862570266 1728915721
1616708612 8078644225 9687806540 5524084076 9809262297
9890897438 8648718812 4121528586 2107144171 3146827394
1512454023 1527184641 6021045875 0969483759 4318073620
2192937400 1190274750 2717656734 3594247367 0661803986
7767305606 4018589905 3575123002 3066083708 7116869147
5791336384 0862325384 3492671860 6613904668 4337879651
6790070950 9607700445 4535563136 2405135816 1617384399
7008720780 0572797374 7669733000 1951815716 6514482156
3406218186 5695556952 3059973209 6135279604 3608491646
4544009853 4029608616 7453343809 6899823943 6938249495



5094716954 1670641283 9424517141 2601916247 3827086697
6931180696 0971015572 5814785319 4625746145 3503976260
5546512543 5021452414 3432982492 4138121771 3203403237
1867152062 7359281633 7441031547 1046396311 1770834535
0154482594 5760866597 7571739145 7660958775 3667249840
5172457008 2595821245 4852196164 3789313109 8824817003
8422332063 2885004325 4208492159 4423734706 9301246933
3391888763 9562414254 0683244296 1396568624 0316412840
3058782564 6523428183 3656651895 8550369909 4325953094
2506080824 6841425531 4370373906 6510989676 5398087358
7499377033 4589530194 9519517021 7522645207 3203602754
6394131137 1161162228 9900457080 2847540361 4063814770
8904136189 6398146793 6090582948 2054185806 7653745684
5215201141 4513584740 0424917141 8349791085 2675578692
3646084051 0296405685 4716291147 9605166051 2986011642
1892358470 6774478369 7916343692 2030219888 9638490152
4172648351 0873673134 5839534421 5022462615 5336633614
8347864323 3561380530 0749667620 8428757530 7448476761
2212952046 4026842561 5740219898 4963409036 1092184760
4312888296 9266380818 2477416243 2149180517 4576051652



7671485956 7236058544 8148544021 3290753231 1933789705
4213766925 9894146244 3758062516 1532179973 4696371796
4554733535 4924900140 5607436631 0647417667 9985725698
6302528399 4443463799 3051824259 8412579835 8649590627
8906953651 8549591816 0282523112 9648862454 6624741498
7802348961 9904934728 1966658307 1475772532 0158683554
7077836728 2575623992 4355463937 7454477973 3829602922
3953910136 3924842457 9908952046 5639804512 1789111868
3684611173 6749565952 3732158831 9222476966 4295949694
0073685050 2840377689 0626580850 0246717295 8976399152
8855287127 9469207921 2206720132 0528093964 5226322708
6822123147 5800660317 8586184106 9345045525 7909777395
6618012334 1874179413 6221578605 0078339034 5912525245
4048575436 3277089363 7348137625 0658388020 4845701532
9172877536 5851028430 4303738094 6458279446 3170347696
1344868288 0549387474 2078360720 9181966956 0779780786
5955740709 6044302978 6093090797 2073074960 7010815586
8501594809 7534353052 7293411617 1483174733 9661005175
2170023014 7990108690 3452297704 8775984057 2862989418
1021529690 0745556597 2433483618 5037771505 5086033011



1505317616 4169618772 3661381272 2787109865 1734520385
7378730216 6127222580 6239456342 3895118271 0638999382
8193946808 9089171426 8678748870 3236974236 9825435588
8832460845 8202840234 8362623588 3643493266 4801755904
6034282151 7219563963 4953043008 4841662178 2715144945
9540901179 4488525950 4947265569 1194579203 6793654037
6113867493 7619135288 3897654886 1213181153 0304716061
9686704364 4288434988 2255233129 6875029163 5458654268
6608894604 6929370596 4951284489 7404856780 0358527040
3993562604 8982822152 5557199699 3525794545 2617407432
7085989113 0014290671 4002259432 7469021898 2995179553
4427487181 1164211742 9343466185 8125957750 1754135341
1801559140 0125239948 3939017661 7521611923 0063203926
9350307440 8005564853 2173648116 8158330203 1705897646
7823292023 8182476764 4909239971 5748466900 6626848707
9269797454 3610502665 9791718725 6545818722 5995671847
1895396896 3563982739 1169454008 2867722083 9735648520
1960596067 2645551934 2925230681 8637594677 1657471639
8510375801 0266451314 9058946532 0117025939 0298092672
1553261881 1216870595 8416472932 2719691537 3233155149



8788130347 3988948962 5427170463 1085200203 0893497607
4748096952 3143814485 9523362875 9639315703 4764290005
2519090875 2531657407 9244929463 1761411281 6050060433
2367814921 7024471810 4090002523 5729074509 4008754190
9448501323 4277377902 8203768777 5988388910 2242894658
6307188578 3632584011 4004029582 0151572777 5055220497
6717418065 2296812814 4535963077 4683991974 3615077556
0849014830 4881526622 6168875496 8034628330 4068496724
8845831448 9610898411 1641853472 4679049542 9842336879
2950285053 5622738086 9303629064 3496106389 0273423981
6444371298 9675246221 3499807179 0983253853 7518245143
1822981701 4980471474 4052082067 7173482930 7574244607
1778472524 5946185748 9049305096 5097953905 4225306921
2360701703 8379108571 4698302257 7248525173 8459145607
9105588537 0470662930 5268611514 9625701677 7566050987
1522189311 9931908608 0409589327 2714652003 1599118043
6374064955 4498522211 6311079240 2530841208 5874327508
3025736046 7355905024 2876200960 5821782540 7072535881
9424274822 9061261156 5067099069 0000964622 8666919350
2613356980 4484990306 0697708791 7964203449 4706647343



5831304985 9323970595 8907652120 5938976976 1799954609
9025575012 9252950517 5646332819 3778481798 2728921626
8839791503 9028415489 2848405010 1832934301 6939308597
6918820760 9832728889 2113551698 2344564447 3332530729
6239857923 5645767684 4465574078 8184753280 0320620409
1248503790 7903369696 7998575698 5481175481 1838668849
2826248933 7313463656 2096236436 0176047562 8848255746
8798352316 6892032758 1208311926 7273870776 2830879194
4164060207 4628031822 1576402945 6583397476 0879869175
2555031704 9629196191 7121507212 4527733136 3754728630
4990037502 4593485960 0321151449 9284066215 8257436742
2744755010 6391222421 8890391206 8857149902 8125033222
9301019625 9879383127 4820795145 7466369086 9011102131
0530573875 0610287625 8248047297 8297597037 8866527021
7441124608 3737007276 4091503713 3336149717 4009051602
1354287018 6599060553 7125909298 9698875726 8780006791
5869091084 5740780273 9901018725 8340250270 6752349279
0845564584 7233838793 6948393212 1937056631 0273581109
6309442346 2935733587 4395461017 1509748417 6032594835
3621751671 2490048287 8786934431 7863407778 9561343147



6530447271 0158730835 9186544227 5335060945 0045427094
3829595234 5006179508 1549912226 0677053695 4034708723
1670377358 0038588820 1853606077 4078592030 9100130736
6861533205 1430948329 7128610836 6025245559 2697326600
1032976141 1191743742 7678278974 7510302954 6503081040
6048421266 2927492258 7131958043 7832558381 4279728206
1046716445 4539667827 5066337611 9561547180 8114106637
2890445086 0711216506 6033989238 5555376753 2053879934
6850503492 1858653621 5611625607 7378507833 6813948450
9250569703 4605431168 9014345656 2307724317 8045128441
4990211879 9309048288 9896661964 4774295261 4868975745
7320468170 1313930905 1170561296 8133624656 5767032752
9978842563 6726104684 5139557876 1745542614 0794992788
5159419323 4557306458 5536376766 6277904565 1946875235
9050707029 0264235937 6892174112 5833571439 8554727179
6933471669 9045245738 5765734636 3234020958 0112235447
6444172330 1996887594 8411158859 1938802652 0824126254
1577592395 3557139009 9406192578 8576243834 3967082535
9850867717 4520306477 1259716871 6292719811 0872264071
6731620311 9950574953 5335078557 9058055228 0567687094



0035886214 5084193945 1102129664 1803010250 7190041435
1802625839 1841696334 2871083924 4701121728 4273032774
7013437984 1173301244 6913775974 8817280837 8086328358
4806041092 4220865767 7287522099 6324008042 9944929304
9868849898 4582499837 1385891669 1314115948 0537977042
0015970689 3471118315 7338901047 4647987808 1565219264
4112417536 6266821681 7707694323 8146633641 9486790863
8258471341 4390786785 2662542025 5079875005 9834420864
3353203403 3854071697 0048589542 3819416463 2023644992
1869693519 7625148758 9536447516 3444940641 6198941671
1341044350 1482484379 8746391600 0978580071 4886541351
3572346046 6234792972 7283142415 5920800251 0346789545
4275219424 1325704026 3069769465 4016135485 4687985714
4294868030 3910184410 8638904144 8112375443 7128533082
3993732836 6819623130 2956918569 5856627411 3770338858
5366462274 7193167250 3361104073 3156570076 5207124240
7975699950 1517168219 0064511788 7028746352 2929808818
7710072903 3972992256 6421130560 1375775977 1901399412
3632672808 4538940031 9096154214 9931926133 6411225553
6011836627 3278385267 4019875478 1876353935 7339492847



1029582528 7103809975 6543973256 7129487558 2247836268
0745273903 4903745390 6581151941 9572645585 8788269618
8599474918 3952654963 5447571365 0412286059 3117832774
7043171702 1755542733 8113164461 2205777914 6073657791
4630762301 5698777942 7994708000 6669333908 0866312852
0372580428 7139455275 6934418643 8283216307 5424935767
4340668984 2924817540 7624563484 3585997894 7995073584
0897211272 6010980185 9131872698 5820436021 5449353734
2282099832 1512799675 4771510867 2556888219 8976906794
3231991850 0345646597 5468942090 8586518688 5415650053
0177043477 7447943867 2703930952 5080717481 1438806676
9440408803 3700276228 9229403949 5464568694 6736562765
1215744427 2755618547 2729709231 6077100833 0327612046
4400195010 8825543666 1183840175 0643307987 8960184957
2564092270 2645363838 4878282644 3778467646 7889452186
1373535543 6563776064 7667817089 8450543551 1469123142
7414164836 7976459749 6100751751 5958073916 4799319511
1269366016 4858482939 0733187973 9169087881 9561867435
8831373515 5390613140 9862755152 1295444877 1045808977
2191058276 3398947484 9102783391 6995225437 7681439407



4186682375 6712442332 3514823465 8676499645 1945247633
0870536440 6871414568 3260663976 9454801930 9437100867
9575123989 1190608598 0795618977 0286170467 1402026390
0407552116 9679039679 7200717133 5597714677 9184571361
1149407966 7124629229 9933147763 4216541227 7835748258
6275349900 6792111978 0603078857 4954697328 4196464487
2481549238 8450416874 8844032656 2774709529 6067748119
5278592514 8107028490 7091501865 2287534294 1836314061
1237085873 2629402433 9098198386 8089791860 1274620818
9395020988 7488319592 0209202041 9914311024 3288618404
3867214698 4472180588 2747761188 5531433454 7759499157
0811215472 4304881109 8267530850 1879271223 6067265424
7225549511 6778349951 3760704930 3136759892 2164576741
7615608894 8829950931 1427656818 7950445739 0726038660
1558121381 6955577135 8420435493 4789536420 2338974649
5492766853 5362013175 2865705505 8809440977 1668261877
8503565693 2488370061 9168688132 5769898892 1537701642
9415477035 2800561194 8422472985 1874877749 5354659986
4731283766 8102316847 8386420803 5715066104 3760802759
0099241762 6841020731 9104116864 7523492506 0364563867



7729618049 5366105618 1453874745 3647356295 5760076828
3850026539 0338220423 5925539829 3284193944 9420500089
9887248918 0621128704 9039130029 4855651474 9543445752
4482287158 3406545423 0746784942 7493096347 0015143263
1241612982 1109765779 7808646208 9636434720 8805915536
4232264831 2645150216 0519650265 8472066706 1301204933
8696992206 0721205507 4846983132 5044567903 6197937511
4510561099 4059722706 1024553164 3418423159 3135390530
7277364315 6367264580 1322676377 2668618633 4792960994
1243270017 7449539823 0432040025 4498544641 2582181492
0560149218 8788848500 4281841829 5383774717 0367919128
9376308701 0427207210 5279340761 5909556056 9028788415
4359370412 9448706773 7642712638 2152837911 4630861459
9688138515 4958969349 4777530091 0908956450 6288798749
4998791897 7330055395 5499696722 3113032996 2237357438
5677800288 4728964213 3583266974 7258346061 5280371262
7432217243 2529339257 5924924474 1154505859 7603142539
5401902732 7179534824 5344711818 3267533772 5688313193
5700208316 1783185793 4695550625 0987414808 5073837262
0144835846 4003533691 2705562119 5890629893 5556277917



8399088576 4956240379 7143088390 9711102642 2589746293
1766896722 3404012789 2499944003 0146467922 0203830421
6198807717 3466473516 4681098205 6584456771 8498749974
2916295695 2777441709 5631284596 1026901454 2233395364
4324790898 8275294511 6320992753 0749937938 1898314756
7944412459 5963726257 8848779824 5921701280 0557580271
6147579216 8773028767 7241427839 0459073912 7392942678
8438577192 3968052299 4034053347 0735733345 1836725155
4265826396 1999930983 6730795037 2448686461 1493730495
7612941570 7070662032 8918110723 8915527538 3366638170
8043033055 6707275261 6774194630 6060870155 5657445230
8746558396 1240503014 8057910614 5816309013 1489886188
2107938274 7513047641 2486827801 6019084967 8442189011
1018392559 6780158884 4050853939 7683873601 4191230960
6008688848 4095875909 3979887545 7125098902 7721154014
4019262217 2796546564 9895992143 7569114290 2020411115
7924873126 5080755959 7284727869 9682789162 6827869491
1524767458 5192281108 6526770098 1927943533 7913553500
5146898579 3823713882 7353572717 1789383014 2216485717
1410290069 9728235323 2884846219 2811289408 1707974024



4219054436 9303801749 2997032084 3401108733 2111453684
2359999320 9089515669 0859649152 2776672296 3969422424
2341883180 3521099116 4028064348 4735443798 3200003628
0819097685 5849256117 5239297741 6582041844 8109089512
6836470846 2474117396 1271488101 9329455867 3819432508
6126535883 7368559920 2590781539 6082128790 7306065333
5449059883 4747010168 0869637317 7373258291 3940201499
2329209692 7067831675 9681476696 6752080774 8268071111
6784929358 4619841862 6172110925 3221606852 5388159185
5988062776 8721643818 3516049553 8527936421 0903131036
0781624389 1471254331 6537004929 5435731311 9180428419
6503216157 8090425201 3312485605 3203608591 4481767170
5497669073 9276489514 0552152060 9254132916 5702491817
1664437203 6661368578 7673325110 8285903819 2154476652
8622524635 9219175013 0342843933 1954912297 2792697639
5317486223 2078789202 6844508352 0412496126 0947859764
7640505134 4616457799 5797419209 3941387311 2767240579
4054104620 7559701574 1827181915 6561183209 6658777408
1467691697 7483766418 3860817525 4785968515 2469480775
2817906293 9927065252 3129308948 6645014790 4547107615



1553997996 3895457354 9956164209 6460474745 9853772405
1945204244 6951551105 7601494221 4459850785 6289800520
0150144217 2360303944 2834244487 0888738111 7569548458
6881015884 7305082029 3605143013 7010450699 0268158198
9459515045 3748572348 7980716132 3689988928 6204993413
4778445964 8262388689 3449564130 6886939680 1624022569
6097259058 3690359144 7830464096 9184582654 7581534945
0077651607 5819566412 4007433611 7286666057 8064097906
8506843839 0865501366 0341715661 2177413653 5246662924
0385273163 1584292475 1071820737 6199742570 0526636287
3424852769 7091241463 2604391164 6825719384 4749765274
1279128833 2764753400 4587978756 7219728508 0251587765
4905655892 2047149620 5252104012 0166987644 5381749387
6153962176 2099818669 5643493775 2040786704 5502757495
4208283438 2652727990 6640404630 8555601579 3541580183
8870887714 0523005777 7479101336 0758346370 8160374140
3358166217 1052377954 7780310828 7893113898 9447958611
6939228137 7248209766 2231537416 5551870724 3003784468
3873444610 1858764966 2483023535 5290685620 8893670501
2914503374 7129770829 8592055240 5187831056 2165213224



6122880034 7547325593 2571175091 6176594166 4823949729
1335237054 3886272408 4837055281 7002962980 9058650804
7949546245 8224013571 4158490067 3308445738 8181196744
5142911521 4342793926 9965562257 1986439196 0677530383
7468667222 1703556890 8425034832 9476678415 0367836819
8974756263 6076056173 9594959045 3787288708 8011965418
7892476530 7820255412 3421527555 4653752784 8511642193
0021040069 6015444285 5007174370 3540070335 9356505398
6517857070 0658209980 4195744951 2358764478 1248610414
7556590450 0553778745 4257327663 1373882502 0172648969
6161291010 4812793263 7456731347 3871166387 7099845420
6702700296 0111722637 6272726745 2101811865 5910525861
4533881970 1289911963 8473502901 7400070680 6314623013
0805397545 7760287247 4099097506 9178826192 8319716472
1284958737 9180354955 9085450061 7988132119 8211429825
8375305635 0978991235 9405448601 7902486260 7671948351
8442349058 7190753372 9443395924 0918535280 2957201038
3942096233 4277562087 4772317011 7527568724 1012245302
8153879584 5096348579 8391045192 1318634956 9030391256
4113905964 1254019436 2929494919 2135307171 5344840968



4207106422 8228981186 4026763507 1607969350 4702100231
8781098561 3567910659 3066007897 7625531978 9825006631
5156298335 4439164449 2580570078 0106162803 2102201957
0475798656 5811680933 2423000560 6648967369 4876242617
2410119907 5962069434 6859404061 6410905711 5534545376
8092327128 7235399907 4435919539 8397372110 1334949165
6927142993 0280203147 7456050544 6618457532 3059017078
6156443038 1970179149 5676539404 5943560606 6050701739
3893132134 6258503810 7319503867 4483556019 4918228051
6773057685 0268843254 9589089560 8141995075 2565189355
4022636610 0848161462 0386544647 7107121879 5163069833
6202140746 1243273856 0733007417 2908534137 1467646620
8233265300 7577845780 1275507872 6278301618 2508700842
8187745332 0787977894 2964858597 5819284204 9964829620
4273540733 8531005469 9395412546 1947347217 0399527022
7035779385 8512968366 4406788983 7465656361 3544478066
6838466976 5176614999 6185439896 2350237176 7110274089
0919399583 1451468723 6128713849 7242069080 9504422367
8551028762 8680425188 1635840261 6298518072 1152833223
7580970905 7453569178 4019381600 2439654325 7825045445



1969403488 4092434085 7899982771 9151230309 4738055403
0823155608 1860716158 3433955617 2810637331 1060601526
4964148156 8404319462 3560436301 7431750920 7713049088
6856047273 8551730953 8084750144 8651760497 5677360783
3154472292 5343359638 4563021521 7104987385 9253102039
7895814333 6638415592 9925508944 6027807017 9622745210
5550671191 3163262652 7993669635 9892383006 0969816001
6708813443 0020391177 1916307016 3778003830 0371126418
2414601498 7041714805 6626033849 7751756038 4954919157
9141792953 6849597062 8632971745 2214945264 3640004011
6851275873 8794348666 8837572288 9961342993 8664023640
5894482452 9124282016 5800478166 9418478063 6604784838
1761856515 5840174603 7289782158 5659083148 9306511779
1985723171 6476472418 9304315319 9908815499 7137742072
1011833196 8619684944 0518471348 0510376244 8875818172
7723344272 1570874000 8524939194 9339810308 3199952288
5426263085 1814551410 4967489642 5768172031 4577419760
5540116651 4371933763 7218818650 6524854450 3999376609
2267777074 7939980142 2580866214 9871912470 1387469895
6765809816 3424079513 5703733486 8399460740 0148381880



9109122785 0498742256 3947102858 9036178924 8694551999
0491711623 1709297408 1951721636 2506237142 0825261190
7131791876 3800373820 9989415516 7362903105 4940290537
2537989577 3700088178 6588704904 3920910261 1278111129
3551942277 8192147007 4363737351 9008329473 3687322396
5494763299 2827531835 1812624007 1189203456 5885546809
5030263042 5192198797 7737443263 7260928911 1090052198
6875537228 1053055764 1476148246 3985863718 9772797761
9373087670 4264970441 1511412890 0621261138 8530603736
7229595816 1170213950 3007414176 6112848332 8860167367
1673203588 0470158024 7848646398 0799957676 4707923310
6445662603 3730736158 9922617875 2674260135 3600729527
8511447312 9927914524 5062334029 0963971759 2321979580
1119146699 2839606609 0546200798 2374521224 5036016910
4115632219 5329726954 4555151828 4094539550 7867404093
7185323660 3877962805 1431267662 7403643982 3983188176
0597852813 4663946956 0555811845 8939807050 1135751682
0680694894 3855291350 8828544734 8281517609 7154238595
2213273086 1322041292 3307765655 8692790957 0047843039
5568199401 5964223359 5945502281 0565437799 5470862448



5590800370 6950156080 1930721464 8972673163 9389255381
5995861702 2059139730 2709006385 8841495346 1627642604
4283738912 5191847819 8500254982 6303585100 6341034437
6334073346 9903127035 5830801124 3548158661 1646799047
0409954792 3812878971 8678010981 5204978806 0504766682
0366296725 0936939607 3136693374 7203672430 0318966620
4997506525 2017547135 7865734643 8364676379 2685019584
6151069676 5363902447 4899543219 9723190611 6932962287
7894612265 6683064351 8956163899 5745077221 0945127991
8853244493 7648778904 0544224233 4709795872 6521769377
7637079604 0732789702 4558295386 9616412632 4657549210
4481223808 9336380764 9499671963 4861554060 9091415949
7678087746 1912277082 8684460532 5727180192 3246319994
6676789260 3035979578 1182790004 7139409217 1939987407
6000999706 9581634479 2336051061 6646007787 5593954578
5813561911 7973484724 2756439544 4690018537 0303889947
2199830805 8834058367 2047301059 3371645853 7773337382
6188199786 0740674509 0629225548 8990834435 8447071868
3462839079 2947080116 9686394851 1850811643 8134602812
3477126650 0937086434 9808106119 2511699839 0691124112



7884922501 0740467001 0024987554 9803524056 3673715644
0483483522 4610219675 0403342268 0901960919 1836769753
9184488898 1030769313 6036846490 7518519208 9980796748
4952064252 8150398821 9929450163 1224441929 0790582175
5002124641 5643878011 4736353486 0323181769 7699256886
2342243651 1614137835 8486034572 9184564597 3101458014
4233910343 6619091211 7514143224 0043381471 4649570280
3681747815 7339925527 8767581363 3597536055 9539384017
6867674304 7462011227 9164213879 0162717829 3633202573
5406498294 3159500554 7141144066 3728022590 6499077297
2153184835 3962105920 7509481870 2230994825 4672970184
8378246112 1232263919 4350073177 7620066954 0599603740
3765441062 8719241786 6624208821 4648278279 4381136197
4467588435 9564005433 8403532921 2785957488 1400073749
7083250483 2785755627 8773866528 3977888843 0937242195
9455553543 6816532937 1988636343 6817907518 0196127350
9345804109 4465517258 8496802612 1015346697 2738116149
8560713593 3184212517 8208697644 1366280313 1959266299
8008004999 3801799153 4491839141 8600149176 5200955505
7429439030 6323540512 9132722852 8953318386 1280090024



2018592068 3012455768 8515998603 6670882144 0361799497
5769301015 8168404896 3695057071 9416181922 9869985461
8110664316 2421543438 8574483433 8880719947 6674230925
5414252204 6461326333 0219254123 3265542251 7900396237
0011877224 8801218997 3986745402 3278310111 5581388876
2532752346 6564979284 5609117583 9397247695 6922958164
7917057753 4606301700 7527431401 7131409347 0826207580
5563651383 6577977785 6686672314 3389971585 4051283817
5395172886 7267924335 1932427944 6404274845 5722042713
7038338428 2433585631 4255103756 9101814745 8356414678
9534508685 6290184867 6091677061 9988006592 3053443639
5717282508 8842599663 9289712477 5740130935 5439247332
4079182045 5538176637 2353322209 3512540132 4815902989
0264297425 9278789454 7500654994 6921212466 6206626082
1434932002 0805522405 7223984383 0449363282 8192284548
8932895874 0225793208 2077749921 2636085911 8902964660
9838958881 0029238820 4924622971 3322929703 7751993136
1009803526 7052448685 3226374478 0463843256 4630100081
4486291219 9457156447 9009944608 4293682847 9652744612
7653332448 8110332420 2517473862 2234490697 2367553788



0339959666 4030721437 5360233103 6965733231 5237722987
4426905668 9617796282 3218987189 0962510009 6673816079
9485616991 1256164664 5110175597 1637994994 8745173586
5867708404 7168447477 0849909769 9794470710 7221646280
1394627545 9233625336 1858445760 2386869037 3404023429
9795866218 8971415880 4575375650 7850426102 1206974369
7096921440 9411346899 4263087437 8569318126 9940438714
5948959983 5002482339 0435296021 4104347987 1030683534
2977082983 3207751807 1528480882 8337014599 5157366923
4089522074 6753110902 0004087766 7734520830 4107255415
9390052576 0346091208 1402841774 2037713070 0842437158
6729360593 4806649256 0890600621 4007352462 2034669434
0437762973 7141729565 7738443594 0054753577 8336478717
3858831995 7253806398 0996026454 0532720562 8731511229
7815716086 2957374684 5665423600 8290043057 6533154127
1689897462 2851338510 7670664275 1110612635 1131616092
4243466569 7007093299 5217809475 7112910514 8114698468
1636209949 1211915737 5909346546 6617608592 5249964296
4904995300 8495876078 1963600471 0267394007 4073208436
2442003461 4494703242 3951767853 2424534809 9377528028



0525924048 6576284671 4121867299 7407703083 9307426174
0145003221 0497262071 5170167184 9128134389 8195596976
6521920190 8137000367 2782082548 0844407705 4889497735
2900740939 6411521592 8130985243 2760682475 9522533080
2824831409 1145503496 4805588336 3143637880 8692685098
4022754356 1095303877 7070121200 0289803251 7901049232
5077885025 9083263414 3548516877 2200998294 7719960230
5243885580 4487383316 0358617226 9203006710 1878742606
9417860407 0699902507 5004932336 2692993214 0946580996
4653142858 9402950507 5993837424 6713892699 0433088969
6893171221 5225093296 1528322314 0401522472 0069622519
3121876948 3286742002 9173664435 6806635821 0533280417
6726151562 3021242888 5543250193 4774716280 4383419392
8479334861 2220573524 0128775008 9411533192 3097650828
1811189635 5024958467 1068452926 4484555742 7712134742
8588612865 5316929049 7678456625 9641824726 6927783440
0266072794 7414440837 0664575851 2376709200 0483121940
3483729208 5600229027 7977308648 5414746185 8811157024
0287314904 2337471022 0512254210 5996607035 3839506482
3345926097 1244250184 7780809771 7267392473 1940165503



9607867012 3047395765 3328065850 8348412526 0088946584
6731191572 9174574224 1779493354 9798919007 8206213086
1080386551 6223758124 6483554065 0724329292 9115450926
6713185929 6769309032 4380500504 7057980295 7471634654
6186859666 3348164737 5637582530 2952862923 7343678949
4660108835 2913613146 6638328071 1983717491 4550006429
8208172745 0617511533 1643178506 8605599580 4144705051
4513443466 1354349132 3777336900 0477575850 4046993549
5286508212 3106885520 9618997124 3934341116 8098795396
2481708529 3385576090 0270227949 7412417974 0475717835
8915130101 9483114208 8683249433 1481780233 7650953324
2995528594 4368343551 9727318517 8049465583 5099194309
3702256819 3180246844 8831867708 7309347278 0380591552
5023120406 4223609470 9885301607 5837054367 7837414644
1160534217 6004593264 8901251010 9436888394 9375010807
8235517849 5090823589 9540726474 6204374288 8105083964
5588426654 8692765048 4032831218 2091922525 4911472664
0636220307 9345506603 9883857248 6005108528 0789875092
2954152053 6859292619 8779168922 1592205220 5519853201
4792614710 8591884318 6865741159 6378993112 1609989761



1097963356 5444902734 3590983289 4786788397 4966109031
0579656789 8848146337 7937809720 6339058401 0251514800
1880401230 8861312975 5420721536 9649270580 1455275021
6146780869 1366074981 2251621634 3548510063 3443491035
3420533934 6945249747 6955086265 6936276212 6109157268
9185127730 3763839795 7159366930 6794929864 8386633844
5448631276 0855100518 1894581104 1464708454 0153629145
8227457290 1534105798 8169354055 2831867360 3825088352
3047392021 4607034933 1910672726 5127717991 4138372267
0503004288 9515491348 0292363239 2882422079 5773086577
3544300787 1499407960 6303257695 8992623920 5966013855
5418034196 6989324367 0285104942 8362179024 2444777381
9256545997 2644214164 5880183324 2657385618 7867895985
2363478423 5368090599 2711999559 7854014483 5966062156
3295163890 7300427568 2540019235 8883203001 9113497523
2861300651 0978769294 5531139668 9555834764 3708070331
5692464770 5668317087 3581839480 4538875307 5171478337
1195076879 7640772884 6486649791 8231845023 1538105517
5873407189 6253879853 7621437172 4368207104 6881420524
9239365508 7044891355 4165562666 6713154192 1763666664



4546134197 0658844048 0395862840 1161360336 8548134550
5093590314 1657252576 0552586987 8703051193 1907553636
3454402515 4523395823 3658716038 1608528218 5007141035
4993608466 2784075061 2368387644 6214589192 1779142593
0064973124 1854636559 9567512958 5020308227 8410326137
1511351983 9061241596 4633398239 0087897387 9933716728
8720356789 4869612784 6918029884 0007702404 6141684357
0964611623 7948458002 4369153446 2319297027 6370458105
4668618648 9200648185 7884470461 3762942820 6142107034
8036308441 1167800614 8150239136 9013966575 8030939659
0441591251 2096952973 5812730979 0325832927 4793996928
2438314920 6259029330 9286010332 3917403838 3427457113
5139845774 7832024488 3860219680 7671633165 3498673034
7454013999 2159822111 6711151254 4258537609 1673432769
9904005844 9743475905 5642063076 9469347283 5650649910
7776795892 6507983234 8108401822 4489117074 9665104061
8759184748 5769721036 7432681514 8420195697 2207473448
2208792869 9608362935 8763165389 0478390048 7427479351
5152841972 7078614321 9658284170 6939049681 5772568280
5012202075 1092363465 5176931515 7232381050 1802258551



7518247822 3413643178 8165206850 6613942262 6534469728
9359780575 5792607832 1667388980 6612519238 8000169534
3252262005 2889956108 6132879950 7595735547 4955247424
3083287019 1803056477 0827367014 3445393759 3763155017
5093518515 8798505069 4639052319 5829252309 7514074052
5459563140 0743663136 5318598857 5773788784 1902614118
6895445650 4216033706 4786252627 2470854341 7597795006
9264902695 1120275026 3095436740 5801647213 1592679453
7943694975 2610184466 0858000783 1271913160 2123509138
2970425870 2336416046 4484612847 0918634315 1986536546
6090267618 2247471801 2253559968 1323522386 6795597369
2580689597 5303712648 0244820458 1370182034 3286908637
1659833775 7108583301 0368743465 7741106218 1431765563
3962100638 5831674674 8091887170 7737653558 9866220294
9987382744 4255479241 1634654679 4060365024 7460245618
9525909349 9667359512 2712732052 4011111391 8523027067
6142772309 2229472881 0133192963 3399781855 0318293443
2632206469 8010129517 0455704300 6325015625 0431508365
7628326741 2300204950 6397173678 4188910051 4252530524
9688625673 8738477796 6286621649 7362402883 6930961735



4373373136 6775835835 7017944714 5747081249 0698022977
6815688257 2257089498 9089912066 0554025206 0801322450
4825120813 7567437661 9867964264 1298605943 1128300054
0888188123 3133472974 7312126744 4431186759 4320910668
1841781026 5573353262 1387737473 7553457827 9041511593
1321851828 5887774417 7229662046 9138660209 3496942560
5364506621 3331732596 1987682588 5942987942 6709380114
1054153993 9189608363 6192487418 7916930646 3578448072
1565839931 2037940118 3244802015 5671414285 9863727859
8469707404 7554361823 4815879601 1413662352 4548067203
4561475693 9780122895 6585216225 6169671298 3690085390
0438345103 6299591188 7655548585 0103824200 0728257383
1915399075 2707127241 2720139581 9955356637 3551289090
6976251070 3048920279 4525915565 0048553046 6782494374
1234171084 5111272716 0221094193 1455401579 9975257597
0623571196 5092077965 3514558284 9694641247 1272627520
2638568898 8076835163 4588214744 3822121862 9646612627
0826742263 5057195047 3923863507 5412116648 3026200971
2767100489 8267161324 5191035278 3620701285 4444670111
3052325226 9301508703 0633845197 4189270634 0692454588



0913768037 2957533468 0677935046 8647874587 7073762192
5305287481 3619851138 5757845429 2910766542 9283407134
3502250882 8188929152 4452778398 7472190081 3143807204
3020724546 7931758778 4666266568 4652886150 7688403122
3212187332 9607244268 4943391394 8234400487 9473181001
5672345261 7702576708 8679077948 8435759761 3518177223
3032469991 1665759663 5615488804 0497320129 7560095265
9882349602 2332949604 2355117872 7855292408 0285877667
8063370228 8000221810 3354707338 1937382622 6757192925
9335637095 4061572778 0572441483 1116404280 2001173781
0453773569 7122670282 2063493126 9054549816 7184995028
1156890107 9688029001 1256589179 0555923454 7229213785
2872328218 1212503451 8205954809 6772277660 7131017786
0343882957 3318206423 5872369934 1009810617 2349638246
8683009133 2565344923 4684068069 3901747353 2015044406
1138347551 9042887754 0607758191 6178115413 0039925740
3786443591 3019078461 1315598122 8743338330 9853783972
8020727286 8923202989 4397339481 9817757139 2474916946
4666678961 2342910937 0338793251 2337739713 8802549835
0706646550 1643565968 5314582650 7561070572 4702998374



0904860172 4376419814 2270431480 3738452936 8743600536
3912672650 7615680781 3142004122 4119594940 3929770163
4281240787 2080852166 6306459230 5670320709 8161722529
0269602306 3081292602 2797817743 5716138102 9192980622
5097290234 2140272119 1693803271 3298320083 7285066796
1628159235 8286686576 0999044159 9158720394 1836822473
0903669496 9071774570 1217771446 7268351119 4579923576
4378946935 6535420860 6297301046 7307198227 6607743930
2309468861 5482810951 5202159705 2550236156 4783557941
9688175556 0913857785 2192225964 7769941023 0570038366
7476235506 9788231896 5569824146 5028678631 8921131224
0606180938 6048832645 1730840169 5014208215 7326064292
2288691115 2502549936 0218005104 1932609690 7384748832
3914024155 8533260115 2850704306 6093224442 4825241441
7460744488 4453418552 8241403762 2464301160 8492948664
5829985520 5426715174 0545442020 6280703433 2941069337
2726429706 6891081535 8484014909 4569382462 1684799297
0706873787 7406289283 2545134226 0408837187 2199038355
5267472209 4123126765 9633815572 5024484611 2695927469
7523814493 2164044468 9895162240 0692837095 8627380688



8336291637 2400418759 5864552046 3746275695 8305079845
3815347152 3066411007 2569236293 4927639367 1091313512
7040305457 6969966845 5358471455 9181928377 1246258352
1412445812 0274966078 4771810569 9457043360 5081685095
8945374630 7951839500 3471725194 8443599494 8544685268
1297359019 0690653598 9033569560 3100644796 8263120457
3191011544 4965551122 6841732515 2277386303 0813597582
1722905976 6137627641 7661634769 0912507016 1999553759
6432115575 3439662168 8271084036 7511929996 0008862463
2199987541 8094360053 0874133962 6929982076 2966801548
8090523558 7186807616 9855606043 4175392524 0496799964
6517600026 9269165516 9875265250 6773950851 3040805388
4450609260 1096436881 0894202685 6159073899 8509908250
1549463918 2209700648 4553663668 9968589228 6382159711
0767179767 8975011542 8087230391 2887886996 1867893071
9828675499 1974326270 9341000268 5103259296 3268818524
1489579124 4327648721 8014529821 8574977142 9294366689
3783643822 2965859111 4179405184 9420735706 4528325988
4591225939 4927444557 1466776515 1145692903 1395253758
0463375857 9641581163 6218722766 1518982412 2053513224



2248825616 7742459676 5412540331 7844988384 1113760735
0077200856 9727762648 7365278338 9163614249 6421063088
3493089033 2084877942 8644049722 2682861859 9466893437
9485133485 5905828206 9646123946 4975741223 6283139773
3819087455 8033167517 2722386647 3603363229 4221653127
7635847730 6315342973 7277492314 9739427339 1681398751
7165017810 3261317455 0637765770 9788695976 7574221493
7163528845 6874197560 6953600393 3733202065 1649369708
1492295834 3311631037 2740909866 2574705051 4702272309
6296228767 6893693773 8712390204 6516729559 2539637570
4229682701 3721597849 6180362348 0433790639 7035855824
2210882352 9872394968 8535770504 5182895099 1937634747
3203519382 8111442092 5467393367 8229258496 5322008001
5263180291 4086468882 4845131277 3062679808 1559547648
2850417271 1392640315 5385040583 5488218720 6324982256
8308378114 4749672788 8333200287 1767003436 9690112633
3771406814 9248560992 2237095518 5473844571 7905417687
3927917178 5165931986 8288756418 1867768768 4101914918
0793996112 8907075158 8545524699 4765082176 7567721164
6636427681 9985224100 9652130504 6508340727 5744849661



9761614608 4059060741 0221444976 2236679944 8483777754
6120077234 9048346804 7995536374 9200222871 1271851356
0661682291 2323921800 5582781418 5815990440 6240526254
6367710924 4383173398 4763285147 0653500079 7831849158
2401175956 5900535027 0640384087 0712334125 4904300589
2552683369 1094710188 5680630974 8638940766 0730095765
9146215650 5019760734 4889921706 7459599010 0871084361
8344332778 7653682587 7230822334 4345432927 5264503508
2751036885 2787696779 2475290543 5163484717 7830600434
2306802510 4169270984 0429423261 5492831376 1218792561
5980554961 7993488223 4043222837 6565318861 2575026407
8045152954 1971941954 7797740615 5462426767 1433647051
0868155403 2166445251 6231071226 0123089371 0475506825
0860324046 3908671443 6907732441 3439849284 1467882847
1479332996 2152726567 6834010400 3538027202 5275418435
2253722834 4897065811 5608571059 9336667745 1985660472
2008416019 0860000788 0595268182 6691313841 7341819905
5901058235 9290201354 0514610372 9259840892 4440579962
9261209829 8196317512 1453533210 3905565185 4357550155
0633023039 3983217424 1638876581 4182837549 5738248135



7953537641 5648600199 1020976353 3920754849 3483886928
1611240904 2860516889 7241562593 7579583189 8950072924
5960467988 5544190931 1233298527 1844623356 7773599333
4804074703 7205328034 7069763700 2715728202 3073057696
1414871966 4204255727 5049195036 6323004651 3954181407
2510893070 9443978312 1107332766 8759280377 6507172513
6087557193 7648563674 4855888825 7887661339 1844930211
9188229270 9019500146 8423436369 9275319954 6115671386
8570450744 1432163390 4078029992 3490581446 5652044962
3351543572 0105541820 6044026298 9131818118 3565214801
3865548465 0393917442 2768998320 9599473453 2614851533
8090881844 0673726935 7842931940 8508180054 1112501203
4574453033 3139738044 6948852770 9899805696 0005191411
4142279477 6296903922 4152446159 8136812557 5139849403
0158908912 8390396906 8237159676 2282654375 5905616030
0204572745 6152794596 5191825007 1334871565 4510175277
2344850870 0166716220 8813471455 9577331251 8768056485
2910540739 2802221120 0328627810 5640243980 0380701905
6977396529 7877909880 0316200668 9840372155 1962433429
7992810095 6086160201 4910881911 5097937929 0036944991



2062176537 7482371955 3245806361 5013009808 6504424252
9347835698 5149428846 3384019650 8628261926 8181813314
5352271022 1617868856 3979618042 5572709401 9690419527
8221897237 1157604600 1639909088 8725718251 0468842834
6189131812 0296964133 4893176005 4804610495 0927989751
7631114740 2264219675 7645198488 7245324003 2533025182
4830774912 3252566884 7561695423 9348897784 6191575794
4227708558 2057854100 6163487982 6139855509 1924933763
4419693864 7024154343 2823282768 4568414269 9438372354
0254093937 3073804634 3438282071 9655314032 6715847016
9414833139 1499674109 0812530998 4316312073 1085050169
0632931910 1821105395 5855670398 2419629169 5207657199
9272307176 3730813642 3894014823 2626547055 0903841961
6639574583 6874762673 5252558119 9071918362 3735843687
1834305909 2217995449 9692223300 3428708226 9330565446
7683677675 5877960837 5718328106 8255595685 4316804574
7689684479 2012444397 4874700573 7572457408 7492178275
6424733258 5933827183 6011855063 7271168238 1424624589
0459076029 6921428081 8057785601 8865526909 9927922154
7127089592 4017947650 7844514414 6455171727 2454847694



1607662478 3260657354 1389446198 8583756749 8476780536
9839295763 2660226472 3992041365 2162373636 1466640323
1551854151 5481118581 0844339855 1504367348 0709801630
6252475101 9715046695 4597491414 1011308661 6816368604
2103388074 5651994932 4586116048 7111648627 9983802481
2539418990 1363772731 1133834266 7785325923 2453334485
3759664716 2083385374 1226355530 8937443901 9515415756
7994245323 8033408307 2168419947 8996812426 8884616597
0608333973 3717714436 4986798767 1879725126 1506319728
8554063191 5126103864 9620313740 0515441345 7210449044
6705194515 6922739366 7324976857 3916031054 3114816892
2251592576 6878095346 2048818191 3512012841 6258147210
2780965979 9919441603 4438418232 6231448081 6732189123
7994659746 9447371994 7344754614 4729069858 8542010162
5230641968 0597237228 4233732451 1406540283 7552630397
0784269804 5973210194 9345700252 5055959469 8145422107
0283690676 5111338008 2719704304 5192478092 5117856272
9103526279 1697425806 8402627307 5841902146 2844091789
8442561629 8673909100 5370029788 5506985823 1909288554
4099345771 7507878492 5479171378 5432263146 5566615358



7021169160 4317209842 6523231396 6065488930 8538301968
3401924136 8671420697 2763367197 5814778723 6143301726
1255520558 3002475666 5571711557 6955972073 1113661647
6492124100 0743253672 1117181902 6986473496 5813010136
7113732229 3076821469 8233095862 6017552721 6725842477
5944321583 4483251667 7179538137 4496444065 6738138326
6457517449 0574800465 0568402111 8589827064 6002549842
2293207274 9822069747 6980622608 2660110961 8485569352
1180662292 9940380157 2610103842 8296088987 4606563046
7985022929 9020929193 2461771606 1603848014 2250886912
3734248586 4417312671 8474663451 2149080855 3212758118
9474825178 5940175844 7229142593 8199664790 3390875103
6666615416 4686547007 2022022545 9753480984 2350136484
8574947885 5474592133 7509637678 2165427914 1354746700
6281276744 2222991188 2799813572 6907378546 9091101556
8104297173 0577884247 6385374026 7974152370 9462463943
4605121639 2451482105 0797603268 5986609400 8732341564
2353566766 6375312276 3480101077 0454890510 3240579565
9667413083 1157927974 8096695434 7260724741 0692015339
2090933458 2777447339 6165009357 5247112417 0750635032



0886771741 2193495146 6676387126 3737284611 6040877063
0158376001 1153364921 2190203318 0685003246 6637922173
7979268046 6363761955 8362047195 7455881725 5112000804
1991146136 3395552011 3003942391 5975356674 1136702232
5519019341 7645573146 9482202225 2295483332 9774556051
3730774251 7709774446 5980760759 4546606593 1031273487
1555326438 9083383702 7738220743 1456894458 6437175412
1066049337 7454249047 0014903959 4657459437 7123789728
0058429396 2105526750 3956632149 2376729814 0663500612
0236079359 5072500261 1882298817 0244093230 6066540097
2298243353 7652437799 4159185149 3390417225 0146997425
3353780504 3621410935 7723549008 8186907390 2695140166
9721483626 1672332385 1117638972 7375572281 1689919980
3995729374 6032217281 9284534093 3258441169 6304062383
0035426887 4290211824 2985645124 5795207347 9846273461
9510455242 5613736299 4330149839 3729111087 0529969519
1835336505 3484424284 8046310476 5220834208 5936517309
6584496130 2858336548 1954359818 6756220294 1613843211
6325768598 2562967201 8289067811 2418686878 4597313387
1404187297 0071191986 7701293106 2930969498 9935481392



1875928804 8398451387 4075864302 7656157147 3351835440
7350625531 2343664960 0531091488 1303238446 2652043513
6290262659 3330681205 1158885104 3585699456 4993886957
0706111923 5727571102 9419692899 4187655436 8842569280
6386143513 0310638444 3343133961 9697973356 1523242666
4170663902 4036236559 3574944251 0383568249 3854306636
9565628381 3497578319 0902427704 9909445141 1112412302
0604342232 8892597491 4382315759 0798442351 7784541128
7242594935 3333098571 0978755386 8398175482 5212175181
0308218176 5051555634 5242994845 3904577562 6744657855
1759148916 2251178070 5328811704 5974059759 8645830080
0561032233 2538430075 0981134310 1204508331 9042286546
8587799440 1229656165 6389081595 9223940343 9222600101
9722176573 6217116359 9025757529 0003386602 2749259421
9355961294 7551851369 9393249692 7866350652 3882676894
1167638908 9823146190 9596833861 2311858671 4957572705
7568639974 5427113036 5918183847 1780818084 1752010065
5662130476 3267524946 6820599746 3936880649 9907641342
5808930820 4090236323 8351783063 2217617206 4336320110
4034409940 9158405146 8783262604 7756804071 2615484260



3468338802 6809404479 3089193734 2390363864 4025492448
1157390763 1680266467 9967901755 6718706413 6332402887
0508745716 5871395916 4292536144 0259784029 0871343774
4417589566 5581130737 6296889347 5271737113 1377900031
0082729387 1224879869 1412428008 4502725122 5463527219
9201876242 3508027844 7967843370 2368073614 3992859048
1111125419 3110135095 9312727661 1248889546 8919453556
3621879329 9748845867 8348144862 6980470399 0091628952
8836891137 4616731561 7024100451 5775700160 3778370339
