523656958304423954305958839040433900003429124365834212063453679986085933600115
026726987276425339136045244189914566720565330742700800163539676645384158524453
902121798181106856664592281545615717428711781431717059587840271644553846804725
700216557934850656575047622409139646554678518324698896546478778338836605792199
165097411077055047055407167247958456599095305570996922291572016552226550885956
016639930351521767214444080171197524683387988650751633093581994702356736747854
291405104792495845044929129440642602808322257114315824408815064225730086291528
677548951207229726692413484453457683703278939108417303975535629424859857544639
082116207806065338944366998379118560027012164080208091118581260470001279755113
840151990648298995974198934759135118494916292670011223638356507812440313327047
278106714799091424117937558484850300574402692374770277220301008778571704642030
051789572742860597411616961707358483852020357625964209441154013626956305891309
177622027094310301362004265989138673858867048739811357385218019477576156931884
636992930747906447122783146298021001452146077360094140617240847301054431786320
695365194701154405842093749211165683094966079418755906132805465801982888808171
611431663501161100627970826058449077219676953005795806247628681003111271754631
861934096825869254943449782745793244641972838267361398983552763702542384580370
816231168233303557341539351198801699598934262061815596771611628616642901894770
780759989193089694385875109495644552710566866842576215684456564576756647323179
535376562910530973956601863715029025219078103772898375508751582894843263059916
696372582406793856460114852241519275534216434671462847161135005933096489305441
241470970117312519179296697526029778157980627679798822272835089571770661318468
680225732418215269777021837676566541485937617979801259984755977015169341038755
382881185636778685166539675998088318440367426232291443901231401385597307891974
552049072580458331552357901147260261418828359582707875084765815201730161337764
219035080579611830188658446689411611679986613253506679585701672972686601790409
521566048166807230401054133969304648508774193850532459057443793166656309941542
639562170227651412558215146970514823811884901320245267478230192715290526325463
006814540888531261134351925982447293368254079821488228140396422097729468374375
271951520274484320685179280768461892364996294554482775383910911288526245167523
388776042481030639302867905457031709938799717581768446564117355818311784512835
488783990745726600074741762302726881490419273487755471614822161241364673180853
123178202128078301882622452307257381837212432222252456345510593822647949569807
974937814571177603313955809908401922546127592976418812377418097424337478360845
596886122726012649666545347248000124771729154632692340812997423033008194309103
800539680512649313568677809360656575833963459309764814166620381480811740254717
504970964386038394413001025783382100911110021321773464050921519016831964255508
908869281504285086746168886309765355118369946253797296948695996325436923310567
338677512853118542969380944636263428678236925005529250601686247262161121832283
031268471668790554904144266510691975946134540740046964731085841954887610913541
127720733326062483515508581077768341205867175472552982454090957145952744134962
504139764794802324071936759892552251335292237218767187208481618110646510688724
142420196031781943868509125052287575780007996613181906697271932520808995384460
021136942628213526869305417374177335738473176307124222562489718110775245452426
294305182465296120862453146300815949902032628980221110178429668425592534125217
259337417278157403332061885427526940872463969746780482562206642238305331572706
156030338331389866335544588620830459660933502558845884858412511253667619046216
456535511868980146746765296910498410102796744271495514786127752510610498583814
394117094254420053942549051594167275219295554527880155577630815252688321609707
685284916305301870253251991842293363707436047775253233873583965707065132138802
928961947984220532394780125239076746754265075504263980198019670987478494910541
212424514806719939751534726588444093450427477084516492910508603943669884437927
864437328115847328392057345014179207399144494623249334575986872200864356250243
289595697823702672291484417754304259999990464824842639990974679215425063395730
107152301095894327244479714788339822503195053078514529665240114482426503737789
650658640346492654534030618596439863064387394422067360191343735728710341871761
852478675860844212220449757048525822185828233617346036129140734388077459079514
791908882507628475408301548938701807770701243351631470900786431498286649733928
755635469833604731376894185842821503496571480708949096039838277336420212437094
857611840334014984700908212515740239952770532862695874813305548532132030994384
203495965330827192922041027514897119028266778872833042695234214972773275541869
033305529768460270395786334625691503252224155846230205690837291289844067173854
284406200548465718753176572793677964201645265238305058197816658539775027388725
330424522686412685507475600393854978361022166957531780489660422704945231388480
628284203542555796478685742321044307607346833996487910930904045131745887716870
490350537552028644993939823341071532864268886702615610053026929810087672038902
763524821635036701804982066776954772098227347101158039449143956237718211700474
862767195472980690696638723970369584217064542647143266436321149686191801962893
598677614849862315911260586590790407623124736817998820080630399639739936038729
029404762731453235293358691064814322677981760722241122593973461453037267854591
133370001378217198110279747475128202979948143698930658265964391108158231171774
824364026978726235154494840952622043987932002056304482727770629451619859733954
953836689311196023744455535075792926000263058139397062521419272098397449121678
088412541046390147544908979609100201504740485607645664967533135838028749721043
561404984065989599564865183530457331828561863917614534116067256638029940411559
963580361044676008752101016357304717003739227475284076105953836301210206456512
097201847284351697477026035260844255886057008048182852786812627073522081589376
048855301278267299082565680828589370675839565527412676988254275369224386637433
086862897749864600096621155230825731989778970556314624487039578314299145489178
120121273677587384553456859946971882186018712598631684383684771448361842635420
579531463217227170312249195707344409421664751926755335068696577671959600268430
043067157083829551979745957577365008218314669910273477688550356784151554768905
249401852982739439794057519306865222377975866616976917231597627810805604491675
354017509832968013666737185446295792712557763510564363787620682209970414362392
436141031109755885984895683136864751366705331712249503822245016659287840313684
220217153754532668242999765140731215047986434623353140452849913225895487633020
900149493303185153175182808120971558276477130407376866011222466599596556927595
503953063025671495986830266797190898842750706781265979194646864502196892412179
087577492690050064157001854217244226970931155894770692074509198496185331995623
409122627014901763722592678170867493227566776041120490256513132505791206819995
271575442686559877532803594078206399058861566645753339411839670920100097312218
201685709422920513565987001014161628816950243257021728228688440359168400514025
137698196966609790292362454900969900221447408721418748906044210035311613404081
756392673609179046037530230773874349704780088246658703495176680242882523182440
294467682585134875402213985324104618687990621095084034217925800824932265403245
054358514585411415879052237699876649369332491759401064364518307541698770190326
684886693975744846055531976456970995663898891394267077309907755043487148731674
792069456070481017423172634977888243121775712495299106249437755612321279860354
493365246652517643204987571720083700992326058186950107363170072396628384133036
534271587318507074966879055308093536326521802815143335832103248224084148888927
641331176936722502169298343072889578402487394362045348811724362631742785818099
238597289288122039074421179295219340584058543440916741134302296006111645899204
863915507869990790274706735713543007210345829859759492334518573770259441310097
860884326006200362751824836580294212850332656072049107721159444150041723648717
077238577377347766697179939575303635331212576122603787972843669174807569767534
880275479874433273545707808526270929763698419768729075381000098134804435603587
064193143346191949311662180227187868998155719081281972774479263338573322119487
611718922899927555963807297619933091804997849345637743263951264856979480572723
841401183434754311297563259044525179235560943819791079589518346118940106391448
243649145818427462616460707293779306641466583019801155543548670676048405917695
130715447641480033019062788313165814540152488388482114389337339801818474956136
505346809808822209328834670006455442826783243555495452875474083441889674402242
156248678832515972563455617521723537380461370904833969335446909880253998186165
670040033356035332523188755124025751083758421687611742921841075646974162751310
602050465657312865107449157308419542345062054585008110448248920417886616451182
953984691207051506886589691048956738563249627983721602423079128083635489641662
527011170965402579093379908245558648440896059429515613060828267230067540766446
564094558905974021608315011730610096410062436598160712574639867128504583161933
596670406044108829702871292875851818616341807172342792564182878363091762103548
725375382040317332055219481968303353252001808799190158842023199035876326011522
713288661957839840281597581608851053725558251806914926670253051961197646490101
327805295133786484551420883062187465636529377408268979488934018814811284048462
117966279093465732020524421066647091576292622331880838109784251489970557447769
342451167266613087492253676336607864056267886337462260318341298840137579449218
094192690056869739214688176142457023755466559886273566451035210026409968572746
651615847756093623965584363406030592742337005288607772706451982521157618321505
652433699886780862843163953927987170354268722692392904519050992279657311551851
443347694041833462558286489812635865887074497346356284775318720492858174305592
076284667895723412316104137490895202373977758186754486311861050976787667199963
833835189306317074009470020607666477632398232031586668437554551914639703351314
625854511819707077296762785505424821770126106822209605177306412313780607891656
383173047174489259444877209158865545261230473196929900680064029507406767254257
946041002150688196798225530190424816120291174692198793966931738224370876348967
947860125330003823186200253758202139462536541597203487826504649587184623765093
577315461465582315373551815174330989332182419572685737392310347899779841834986
159043360071097223785573700581223549235865666525286384104050733821806846494660
200028644520661657063879616231760425982792877980152135920018211294292142125495
450338068963632568606637080501543482746911569572009960650254322326520897221371
143884040843530559690714839859657344324015057023679160308889476076795910170347
062642537112532804416064835381725551226415648088736394022485715674843675931528
820965587228960398518038247870524321404490195486218613067007614687071274530291
344181849628261870868361720683854875352662188612856181324240166484880342472700
184194198485958106576371794826950873266319448508413590639233021549575791014484
150516097639672670735601678442925616235026543533455707097077464849425859917377
505890727686853237257390857321570419990803731889229739825670291596603926008426
703923755600857895071109782229556284588405058786052907396375840592033741033263
910129761764717090700147571745553033268019135799657897212803967269469080839705
072792382256391812836278033005729856795301281213547987167557620477627231588766
514445339321870270865379778874668811096359091687480723921900851312027831672656
071684683160225593101226918091983761866338525753559911821590187082170060710215
219578605976842926272559801635557916902431377990127419221189091785152376968526
622515843692893318286989017299976587465274156608250077148008500091553566796848
472349978348346682440154101908831556151233797875574164611788078607755545234512
557014479755864211641184757659054212466036629027837653509597721981575876533073
724339157173027458672561522048185678446883255434171950673009490578326835260824
766991360717510838185212552953701710664876471058731452792378621863997851395294
539597664963141731132859211494925940843791210328769118050946305712352816291992
408188632983089344969407823678245324688435032319474161986863566329497050650076
021466418977109820534020047624625037616785599251901252120498427846158264124514
344107629312622922239384555892593968938578892709161987665065961114911697482534
362185148024740332094141968621390898164785483992150609113978995985397233854837
673633171013336126310545171382504703980982647054545456455984134267990937346169
279822275954698755757664346953419616889359101824622522346904196802317094911091
894968247500592130178191260694295093369147251409028221140885448782090660377904
557459534344261352949080787180500580933476752267110733689076581790861472159774
362185837446701272018562612196328139064161363838530029286670732242878281302295
142448896314185438380243362353407455946953191644299952500335024456393972062706
047070146897302860843527935641208494397150668370822700203573063552143170043013
170906033338452636442035089864255304357708424705475648533156649869821898815072
767524704443424652122693827991185805742793784678928550773577425983377451623491
547358609366359466810965505300733141042825237228574487658848628376266310450405
576685449565166837098813687699856370618799970367089709598931177484023210076796
863602079602587463768886972683079065693927258346171728230927018328880489372623
053550120757107562434017908747503346413659846082518772276583056772642536949523
267583080091728221680781755962513404476168152040572462819423493843294965135292
088523195930253283585653951327304916369463192019168151374164066533245754152439
088522334872518490294948729797090311671682938277698989702160955116528492333043
916721205106018965395597959160756213441923035945259355477553224871405166305893
760483407235375232017712853403956800416675394589549775558777122022699465945319
410268510565148840241954043949771950788218236236586719594377462158189745881449
736697893772010132159169498807978395871646082380866788240509529141604610217349
250363043296862092639888593476135926925141616026436907103052122354642895640705
717777022746487969868350691923552169166044052721852053606588579604273136343147
192375823275650036543816704037656784214899794385216228556642384401259907043158
404820998923375424320606349573635976658486933496415592176206443351282675779329
784673385168841771483187881782946808665014975042393525037969003612021250921990
991931612505446413189933359545189114581339118947420507181765923098121663970399
815296077416652248344945346850415986731332590278662934805744528714129249632334
487469326843394852137553005358703213346253438104493339002667852193229419294841
910611193831445512118286289497393675820770490968197176107280914799012009537946
175340319526269798581621700706731944593370678751446191904959411577810909886806
662878114967401595714406367067942811967879632198441728104922479449672989549788
944083081093887070942686470108208058032717045173922250829564733705898230018374
009698010368627554377109083791463869901723941852692262285720885001996842437007
841129811128607809228723032745174870418105544644797710899712708506285640091954
660747644175409118446737310418268230503331496127387593251347223295724760193043
901955418130565242581857790900233836428379216150662272530297048750638439206683
453983549024996871433156664499028363517520291786192851870950801010245989373546
305039911539248304326682763343027094815901585957259991977454345406007900544717
599666662917301075762692497651718912676367443656339057568540971280045300008417
093440675253248182450237244011100085454558417962128367444896597579670165730216
650886676526604671173960543441574086163255337640998119573055680483422087419067
094821518950819104890780877117557683670122358699549646751374899300298533362626
060961528524076588224511078533200467545807550327221767453804996154702732283316
817918232772807882048499948127884341740247480326536254457646991132208695560875
319040178232578798937222773262319164013918234233743487412536132004523596184078
517738338882499538049265180637440694315280295693018214358861376367157891757937
012397338854326506426741935006699978518568879344318214570910681161210763448181
036342585568807542282057177198552966659453919353518424840336367460640985680443
995780125291065506935556696657682824980745294866938007738048528775218360462905
557768768553870246051933784096147639194402806435984602510594078483822891194186
567787703273328160774037241763260472044277270072691009759242712779050103031507
789906646261315323437040452382078230720410005195175606478521051985617821083554
644722606567534207715343413793487192862990250224304292634310467473551571018359
451876798454241416845753356452486170242242485904146931834615256600014951205773
749118630767943300347016741609647425289957685927006343817704166020330995034449
759803158658686184304198651006636897199126099636889792698933919556098947275508
383090246625874430846170835999974146290249439715749676996437275120518723746035
868859485880085357295728798475267432366371377221845262312822739039605459946767
644705232704406869764139403399654281242757807252105045438403276287052945067554
457883271529440583786593115994199205103316808541093127250658225574429164292236
528171634407983328619348494569633522251633283267367743807076580701971958117351
649745984744404782016121380248163827617573463202421370752821404081220382774390
282451826896602786272061521357038262355912961180679457978472700338549869033242
984776108301777009221805395771830183363112236678093591879101756480372328610783
322154331802722996607334374731510090367739590666128615959224422377548593705867
973827574640857735132528604972121775777393911805888319999941774412363336053133
339563837536463937571607684926327296860362488187170573145561628798283205031151
586289828298934957668389968526517555644454841339330983195870815887363749914640
496851883828085282459126666733608023724197495803805164230678250316013310342999
616715328649725421852646066341562157064947901657335831480987133246149164680928
803395115158405931548404015240699827208496384715821758371322318542914512060423
383759950364891789815308495400490738897918061288759897451001341427980145379129
233519838741316516354658295542183066850419842454923179897679199414296345884357
188600138792523762722451799688895226590337204749229535488687869051427235819222
088538990959043026202269439423957313687963523885869645016687238984429392180378
779586576566110503285812329160942304315565254581039286791699412108846184822630
516768733435217493464805946267588916410947818434424295141316068899678853438851
625385879417703913017181470089529321793204225014909458074405555154051137824623
573889719252690963050018397936467264906778386006006246690790834458587747242214
748930371722818463766387903660055379081979418168953608669163141598454240290631
497771095635039497954180820645505786993105028378104010276359322195877063884880
784430330861157124616951868032018374004982379666254366481883021597424151502554
036947907609501873555078151031841506485007093288231783871027186458665362794019
982994079891047218595521990040341948106179030442927040377722673178446451756582
699723041359299307089498867581769872657793719651842059682764861497007327709703
854897523996036412376705301585892200053692967759644908799935280450518025805630
466113764970259861167252582888500506379244578191892161687482303709474915910129
523118849347535402402504396474649724490582012948966035782034655671963916599796
541574716840357211443139119710016751710572489934694272640604903289038457858874
721232998578487780017365332841416637959570296145300103809233305112139276751704
547765576694265980990282237117395049564542508840536837016328636645295061383696
889515880908907228762590421821666954501362525225625568043890777189398100815442
061921216875569358342856561216197294366451605706884848334895953063590113485548
336895416961061143357193048272966859520535029218999455393544175951877549567543
750103467035558239254603391566597168993049742509976081643510115205228063795152
814102177500811516596706301116103850720501430670170421178899683367844758154029
428980986122143096591439688707720921522995584505287278401035656687948449920001
491187530202354190866074360285611149227137130029981289931508804791191608843266
072579929489161128386100804173574370142323915677996948329768674773693400508985
418346855034499022605592086204335767065725983480366903440405627779007336050917
935090824721385044887268581905469253044587478698771416305353161970910744660830
448762070320584786934424471261444684123930676228537256829466114490451118631001
950524600170932961168042606192058674393788416603508362698323029709201443410692
376949875652918536307555854498808885882105135134305363040051752141525893868987
416293577755419957469410230485354869608764587676328751138840606427095722173886
383560128749136056919356105967934063860205879856754164984731795839667371309367
059477685337218208560175531091969586879737526749575265684535266924107439723307
029397243874862752153542625247309609850959967394678348072186168590391516660450
831809594342022033802810638769593294980252123508625867963989393423955493623241
559227330876402092886237244384659369589249611819449130622001829236267508903590
735714719899399194360443952798827311616595528781062936166240626746076078635274
278907494000552375665884300629547426990994089682052586481680548096933295093842
350901666261698017701809643767799220368317122835232298937897288435188902920284
417803500994956185506702203694591773845220230511801224860604931488417454711780
134933870224528026368241364505968506901667985918453196776050247891973356224276
831768562388449620092710330684362528626878066086904829090638896299997865285196
991748846982300616061109661857734325734203966487752741512973106248994146319152
298640501585529416252677060456400434699600931092897804279037680526060389988324
143700554893640543509212915364083365760525872135898300775278292785840109812267
200897832053296171667704167347817629593153402012878722555477899144746906153053
220659352279977670759331864800146792191771713842723224223157564685093448137739
180382110122473252460535747105568805340114440083008189845018797225688736335207
915906128156459953168063024069860430942781141017920563977025728563481655047299
242065502191356627141520960993005030369201080712813823065465053155511012390309
250245655754819146084251541276824134175143756296516699165453849799661387708307
088560582826173951058014933535770713599646875902784324551611031383762810753937
613107534195841231800871543819102320024368932096722387675210250642428086194278
354934026417561128867646145949256951866220052143955069780445121829640229852594
304367335707299567776009638303975695004835928559440168719692933089677655816738
219489102598187319399448725408975267006681729108925273885779953975670759188961
393448605010653812812969663581472404145225354112402275387142861324775044103219
380700239080767092764210475778205851728074807544697184498953266457578276594165
698731004271282141223029925687592785309146101746776354320903345292290161821037
380490386468379844409926119785607027304131672828744137777916262310327888071598
503827024899735984973565111916520111289745077420944433395291943109524098511426
445372869565257385388492908266351815496017986393539964712602139143866444019821
932374525488794947941157409535277967898141041996252784645227236575804869936326
594303019459248808468843980520334202534591069625107831877407745517789165021178
034361285909815402333892446616914904342228741660735026042885412215863173324634
018318021541162443380699098185339443227471213408662748468768574435264940367614
510751401732387846066695451996717759084940227285293860137380950739019416453222
803408352201121426725076817366154896719282301327433575321080743909010746734564
028910773797655750305502031959532475687538101335626625114435190017817031015843
248669127540216929411571526502062879101901220713979428714222350355525120798980
836485825801573333454253857035653503345000887426042293478801906618760879887177
935887345804246066555012141874965227354443152123807051146667596913031723721611
593665046309854595033671248478810680901217668945419576992566835935546324467581
670131385119921864021984170823747118360863084859571947720766306911839387589580
515091331800894588093151031387846498668013338295107355393184063449317073044687
075923525611358839600150176931943754180918978278075342576184840085843499708822
419414098917018727197478360411902726685729043122545655741654140759273268683833
732201920576839271783197557045046807885474733436101778690164803856687596624456
892200884542460475406377262162136314425942155651503880873498196569346866719325
622758862246954941463255178499484671183361306053859012671828095395835961613921
134734335223556397596101969087028392835555174058755078345444071336724886448312
764071852238023103811830263011324469458519553158332438979167186589444479036478
791118697968736928980235790081492775618641046965537882764620650155553616569783
864097593457070201270286163761314934199612655455863943563536047079649854034066
218998588800639795431274732780553378287118297567401128709110329469961964312068
671081605868366995438380033760971552294173924842658140623496680548814584493261
245820824862217227920163101562296450839689478894211205848716002392157549239181
748387152233731286499544334418399190661569069961951045088084747132510496000392
345393277906993258772153649655368421409797937434896877478638255428349429888253
493569425134320525027500961099290637865541897973065075103422864718377804676415
667021457623784482711069499103685947013430698028311812177861623309538268576866
548503801211206771910558181313033808542600419452815121306467322692765812424645
602163736667969454808584999095613078550811558211558314705022101766794018690131
750866188814273884769615951097195062411702274956247257843644704800985172498262
335589785718708979152034045951029914093794764205540727664512338713577069840764
430791626006886950862980442034254772492269909052330196212551853784096418535248
778459179157472998108345038765362435276502116000381116060580834663751245904810
617816060821688219048701604898193503552815904063961093729849643037029421538740
941133583227026656127304620681099889400635181802384247579704587605483646844774
019354898226932910627128300853052113593126564256384284930874860832074796024293
313444734363920825151541351575680056861786386394657686015111394253188397358467
243461222548642296311034846391903944939509881389788039496081066298983594911032
919504580122332832013721620231310267756860873843057721628728169570918311747428
114101456338031350573824842582328585450767147856045794239781443123247754642029
918062513348814557428597423985356130534651078301549304843826329170015294978602
828805409364260769433535993128908363746561876677581394384799376710591269336694
360935169689187565298601085178112331181850136950843465129397483577867087949072
404628634240531188190711012296735014648562790171904951481497922135892472308266
050653540433901137817699802919166522900261193899222241719709504926931058635685
660684696524121627680282265967679568251345254146036492595214247334749663894481
589686388709023582502108545067380189482432634803706086325046574482547105308616
293644269443930652217595593685623325633028067184910698537992983440345455877340
772894551732051367301901746101226096603116313361939811791190996131424084355463
533526643910858565012543858827851764838676317231475182066394735198212924190736
041899721729898736796569117376247304108016830189866028711122765355825455244895
115414723504996985714628463435188797526378582563406870792429799244884254802462
447377182525689786120165406808441122825277069051940379378905935660162780454029
197679580867246358542733576126438593253792058002644185345592174503615610480530
203412004063564770042880866299467853818303333438127486046227673876432121195027
210854793015609215044493311830742857363333615597749811192886226580642649467261
264732841352967126311625116251552865198708822788835718532803143623732656330042
838911329120606897792720802868236353912080670884800602780489457156812967022691
576274428249140516349208220074623612889807586761165153069555699521464233461866
568840228329754450703098767315366023588778286694191201993730728917476492804480
882549189352832545714356421448878531163083998788430154080855136295895633885262
158060124712102290688938752905314432445790390092658248281413280445691492309254
626476436330791339055765663127106671354414621483817713867640745597393519487602
653002024924674277354255053238951356652595986005173673474026148411177334562607
527120614235985003759925231051871632006403504815477879617856449281571703734362
022923164049175246674090623209037018330333518885915584389750473150727258098752
962665884547110648956625976934974131905073990981702163277969654173433894417053
494221791051020980563088972300467645815216822522677662361214490331682195667554
328893389648650731357573526433791624674441592456460636079869086378150894850293
