675006165697692126395949144229819366589548256997897742602986564121061990426594
171497537642530789960061982468730047791640216745069218023757951305508665310188
832941895347697522518864553862406137720777944064467011935570148777164539589118
435151951657039926465201337850722990891123571978016840074322446866857096804996
839161616843705813704523151709049621529519579040857517826232819103796764605849
325873443228233510283072863110393946833961737991962302324642690693762211851471
703266012886442860815237510124894151373588710654173090799302540108129138297683
923557463400941058999857069346185894228809773138411111010657397082839994150285
089915450568720700953998728604026060344168843733869903814132996080944534111613
483065295550159063317809351862047050935238749308889650507770482179839587984693
669738975127379260345983107861570368843640252205732454677876637761557701634783
908126831074918049680060617600759340599715050999004320101234152504701416142031
581491755568532959699769692317800105214256124206307240997673094691633965118903
391897277700905062042695420111475462424973426452683901906460990641545694537066
568230769282567356749860224334301291311927859891291031957512605295033695386117
956156548103939114891347290122721087047352965425167744215842859993313486191456
057787831521681683563105405416655043531209629093004271558730217132621148381574
123089692057796823180559245104186739736993854453042827290968318620481740770577
091669698509638091469698588997190366112136304118815166995644984898549669135757
340931664696134781422306364885923656805261960303866963929904565741627245237327
905787426041860796197179036635616197802252418762793340829691572944734172226102
207623992517511861473923533988358415653002867161579531133707834052197869678488
970953672678426197062702426186511472220919604791336327601406693549593550595245
587442980338256348726811576515540387377656945334505589970397822261608998179469
428066661115850362423428331726083656449636347714735573068104324935030316945014
832922163636745155080606245284655839597761142094952005621896872776648029219106
013384741030094217762780640558026238879490221769738553416725564528185617777459
853302965049684638468126603901229031439860576031649641662846964486157829624981
768825611036470754391677181452274510809214211644402615585225359646176914879315
801679520172915379083925242146458143641629233277415289393239423774133685734281
674604753539594782890618039694375123331572129119959773577295789496204667857335
366471407935497691932297874896936856550313401349041494626448726746535593420535
832839730762545525063111705360381110519347358693521061425296085989873606153626
750785986697353133984298294098758783174720847014864445159382420194193351935604
073441776186538898770114360505563006262578428803411456842217589536138067942701
308326689042849404121978718022813091201629196342819950467819854151085034508183
893870487248847613091290087699283282643592828512910920111272760812809854382078
660958750467699333862438097213442101426523999151115304569978760554274547865999
132167111860968268574646938768854994906886365574309069951283036069753034640847
091338735417098726936698381245547973572892694854460505870006883995987655205872
099265360745402098236198649262093886682442417657988868217236632064174944399954
984435781516322970282324429783519008557142749783664871447374392611332117062656
616420477510416095785534455056699973433612284589785059363611338625729996319008
387012725302876527136908582105089853291375367618877019823626444901649163815637
720961308356243827532490390132527502524918636625045798608249666690859270290834
458178973543299690156806920071797378503541322220280647077439257222878287510928
379047824261067817365832476964348419482405212177581589235865601003961977881414
327935477511814141267787751094558083471156703030370714187013683060436403617754
958794078147344367837496791136013533306074742166402004530465240331991302439658
915728269302036196444789695122598022534966634558871271129356886783697255847633
823611317375590912008888732612432036430497833689660391984518328790409770337317
417728650997266445762882288800961232561712472536427700561483005794552069074092
879993533974678562443182521377491051266527734877900851920367988265841215058267
153770337977747684309921958298985742445008530546701842021534003864498187077810
512412041774851953720718585043337836721690932980439997616829848857077380406211
561810592139189066590596917626699118453739624353474455867813467874665042996918
784027987626681352382770205794740472470928057707274289259269172001444346341774
941375313337104467726217509623282985741318454039784684489381873356113005698676
335156468819219002123348919505024177618431974708346454829585134704035850063316
225992212889227051344133632983479037484997234832237453542273763591896887378784
223563988630818946145838397023670223443870526751649003204109607458505690728458
940656091439518941398932900595861682214831654676228571429761832634399372417821
348767293664456124000229835982879510732711113570840290490589467345040699072153
402359251314154372910532705563345314207213001350811979470076092953738746033932
600697486406558373815216518105667625560501493012256699947499244499020242274776
992062603021854406753394055268504684401056901374473815439172884357653339161782
284488045019237313429056541252947073763858203789378856287708147921392741501722
319628831840910176606152703952432638026270578010274202289108178798243892520293
542247080943509989467343402632128794439486058444275101575158863085066369594896
247809699050003729357062138628967145922166223352269220744319321463861269115613
864722831668724207199413553258093932333123292195490453075875053272904525859147
062083030993942779467251862025941707424284473991698494790340397066893081682069
110638648584071633437232856649383092738559443494370253721467104564305282935402
085753128049585547790840568620201016513542992466993554808305066939456918117323
539971517945608583618707286806987914349133620108502190919273181939266244147441
135900700658263031257122580394446616710621391037279926176685691309028644994964
061061734315271759857361855005567308369177076092777506603117481942362296814843
042216249152190125423063699523617381405728137829464906967255712843254991424482
677857524624507484419944713435029860992064177983786084451001943018851319583260
879428013552230184628611552245400052057503032786397835442917446574097008829437
207356784061215606837447089424322394630868899991989479080323443025491433810013
200019992846700989750715633219164069534444123332658819753714916869190436729735
246309499268974456777088859963352655599705091544851091142512428712799910223695
415028750132440577733916843491977725057367657634227297266176565255281450354262
165170581921348696328441641405886776904121772990934382386906085204078805598582
282822274729337495778667231268558867774507472839170176450933687015244406107090
836295750220715435665726679045804371534435966137987345604664069559897388443578
744644937624780629513356442494216655179099934248492941127999886428774241001200
554772419373985418721383001825371588840211698153858324579256976921928342218973
771399068305433108461649316108842483094500280977692903400212854182568082482828
855619889675256741937497916288537651831827278976328512322282918906796130997290
703223091184374791695939595372037778478505161413157319489938556054297217945834
578482511544862706819722107232408073391025102307335632314908845497927763814226
061794568630504119438455253043978343526032724893018656539585685689253052461279
867150996663836153872870276661993931605330017107826625535622682169588955852530
381533883168299196037151630804179979008372156764433344598381061988211602135192
136427537194721503129573012093699638414727850196646216260939798116460955896772
091470990499046240468823413238968102044291094667683864122823916710294811531557
439976852534593778496947185236779289677142742737372370156575639465779914598837
842402083351427560602472990372298853293495952552022656610667467179284928115691
758205330657090381284948551999546938146091243806837627636179952206511342941357
628574425455965271270969474857185024013386528929364128400647005570838057604721
283838436442728879552402423350978459057584918473536395059619330763951202695715
251514695219792912915741274292283454796768750581154031749065706451634076921426
924268679150047909683649002709236180879747282296366512791199486886177502256547
655019887620316864262741776414068348443568618506459217135156935589455385859737
565394430921194781424771274840022314658602277383400756065951666102054351940749
456374900140318148718414094971668519719999157342830958608611783122718258945136
215221113819942951975143162027231332904189569909852160054940114477465780428202
811960202509177382479551318595577469727173356936553416368731543378956252053900
319350657877613158863057200512287726380173487037860295624596443138029224427990
772454954533553777075996540795563696869631170367215578621488939492848120921888
398552045513790813064346874549505209185424185951377148880618087425603717858300
199409238260578756880293921137378885836137803119362083285558657497124754213588
017820286678219037277387855500777162706351162171268399522953514663509706864075
871561011388627614258912903383636405004318328637931368882206177675352103457769
372255736465889863961493288792765281089251250485738454393848239572761560314253
841369191878438632783049552701814101145552243591148914836511886191289395489527
246321805441473969394038053830414961328089861906392290487835242184039705242959
499636323296512229458910707883434175627243697313053496467857784142112544530394
058626712049440077525913586747905985237948744174441128362332870550432040084459
422028806753862977221372657512247854708310271795313067971532240419936663694348
642833099529494944390397255396813902201107920293725947139814630704842723012348
814804190126092231706726280512140543314549101534499881941706356743628827773295
543055358224339844316858412281682729027699274642756380417341723670549049053404
147290762768246118544181464869117547951452147990854366694015099877199158657915
350425497444518186220363054484582542362727480720235806497284621437278976288360
518662421910428718071356242826602097279670666007454920876962324109643736431420
289392106108814914911493362100520408359192368281014898645284857669212503001804
342803732024095184497987024133551520057796093101061496572923379011482296139625
417369404355129646374137101527967712479711636465870521278808614895002181901383
916578751868719235817682771271801560337823823520619847007792590568861560694569
375967852329775162481230694002104226809119484478764698913901394921343172667054
149829305973950285795724128163555388602884673354853244633710606912482774393474
635324349634290937785005392984601756808678822446199792801838857016904987193453
419254060575981149087663046844434872039736306244159577716845365364061520211299
915834657256018837771650714528692357031197147377778220501716212519510460487648
080332845993548381960624456621842555160464389412312550724082572345832553263442
664162272554812929909214952451314259201481234396140370182649779241443527726615
052166739897416384828134056607152375115200081334117747611267206167619588805970
515337197550500487271153904308010350261388111535167446117422963565583376364321
049907254880658258438924775870277529924621072599162973998350116715597401945933
475504005037869835022149937231717444249401016788996940488440020808140772634258
086575432118784526940215665124272885265975801856297293448372326296485899986165
283718259386142911582861181005811501871576766886030787769869029383185540677325
941308229299089284242469424771241089342258065734679321835734062249581318106627
204706701394395623975178169680875817572245761479145607525020914996553934824881
806362461491805907773570038065623113884359911085699986439678828711887705541507
982885820281400160194401255253892570256334944148473185551813129217713120002604
109144819376126753579022202173675728079905408502986173117554613891366788807054
557172651040826975974064596109473234983332970759057823402556393471033881107016
786782001769254394222230853693403583443749422965224178237653950023198770228363
092403002141668031853376277431169831845668380887470789988419385242122152936033
927393917774002249243501706378488232230276682310037289672061619064591465073504
220277471310190628734489150381252396714002324593139164306226200689479345988491
526322166880524510015521425823604989687217931221089733903326234134383253723946
681709392164416211561945750657957687284487977879963060376464544167875265354972
614958529104143375968483189865366438123154492753506951988368485686587314731759
175197545642720592568325498663897991214944833770775770249498602644287708161194
826322283919056576464914830249570283739539316293491515397822231985157153454865
596451520752306437967470368782510774433285949144349829730704136609572179822761
255517161850428666954727763176032572434750938020195220689362782098545282441769
089173832775271194972926778692438538141430523407440504255633564032655434661834
522626730154262376373711109243423655806488308308462346791342347941882145296859
426037433997370813358888052894280252934575297837596241760841778114491498113896
481542256514303228090564152343129509206888559025782020275895968882496327687712
154525909617730670361208953894263097005400248275131060630393357813728469696647
465522938544803538415525439159314780401155209630940954658612351127462025085212
517833018228929666656002803772029195674175173644997453439424891945372464723614
869666683110784193777027294605959152143095403444103307512638297967322293129917
301791448239425341703671568163121616573584549022838356153297424592188770098668
245027377539859548291438556071626028114267259599544456604548838931919673030717
648628752960643707145013936716996997301095533809902176975773861570956681308537
304493830377606042874293791084372877695991715572913141229783479479998242464473
069459923032317010305045103727260812782289568512765070071484697061510178237396
520443915372751763776978301084913567499550094809232298133678128359993071536941
153365038319794307978966745204781816814034948563918091814695108828001243490123
393506007052722326347557246728332869371566825081548055558132862890138643621535
990388409025229482588016177695303490559657213593998892353312545750299733036575
542981874309728658522311426829650414752037385930292841568998633102859051168773
556594384573128089614716810434186473604665967023400470577323047968237262610651
125484260786777760570501646633701041679196567804362105354959420623388767824993
612303165655955866059538733918896356654438421219713996924250158586658385967656
408465745448153886066791260980607149332647368393025006288268062363609740589997
981472728208963107271927512594521315707173542664888863045644343941846377142870
386959272399709517186606679258034987490664112389450920289169300551448023145715
000605094618166342507979326782282163953396584359727902353753036225369109450886
073361553697621462450143325803997071691937947199093586786533504341408949496586
538382006811361768328826059406200027360490009001731257746107817854018097062030
100326875306483781080258074941275791042948529025200030457725262211212438256983
858055308799511219642380336427649468691553874389269196496592637078953327219000
563561780980762912017933686402042960260928362412540513244624181490961866803455
851747110223056550286348232295072627642887091059084053387907578557152171321616
123200190482079028265141258576698629063693526243284558187392502789190905970742
603659490736411528367902218707465492717899023236875005725617200858529616206302
823621207645792112913983630425703992372766335248102245477749109323264398571399
834529482255962043737856329582124971323767731786558760606807100161444796476178
172439792634353534425556206095253839033494611960667320760680732813804883198108
227652920697044000087365493108242728569231827717439702098831721440748418514623
274611671436996314701708765443573338648829127913685289434966130816482642297540
557967143773722210707788614586908532627804131268469116586403555595999176023771
322205535514430158523557328346706426503776332759415452260760371439854888431515
336621578278185091231311666906392357374455801688294015138843030320500389880081
649025872537566694763724568286207856275942904842382839123988056291138900844248
553371440453756615012208536920455728405193858430717660055573391467630087227566
515641702343478913792014920461556741284927606194580135122846100028455564622161
063211587040744341098120395426411919246142928180066385726708794645364432778339
146348340112438358049615784395016755276187031930710905582134739752094679454224
860348250681056720624903037166909512641960361098271226035922385168634973885705
610356382512004200417467591634089684621431894370759450794295072285025823070483
319028496795562888907869209518983189310885682281081910971632878149052191375137
975811569432423312400493149138510940284842670706265058952703837259008116861613
951049239212039262151304890145200476075596567609058747768289392446348535018988
233510148917856186626591316802740051099892155158350368034443634515948409646918
040928216144267901576237920385324505754770168476782985487067580247218127715174
521840755361181487542074634405575181067928169846460844600479244896114036894407
721166931066716075983540725965398991296719601549586334673276190368677136034284
970035935836984042664416023115467218284476105491018866654123048876661931668442
594350851562327800402842083778170624943148369466709924045797928776714720870459
187167422839479109333953152293648774961470760197497533543024379891570744726254
921027131181010022092281683707521517097563667206331476664389613445671363225453
273668768228554126093801636101223361310437605776149313206202220746643308689102
096106433525981984719831937276314267724732190932589680657242578303590505938500
190164250106729341989382394093046176677138061626472326740481546525976148940165
911489208165522982977720701327898693971944872420682227189637551712844911422335
028362573134284187111748209927469752545867397219308674034888329507001482340835
086594951196745942045747557642385225966254136891301873322130086119868452517289
863729264974206899673176512493034907163959951079549215659508896945810752446582
770960056601017511499528474626649238333133834620708582473428781360407639474401
327688142542567677256113730568812682381972023515793009892931032934203228686067
954932009902124304318699277740795297092323543683423967605173186702165169734452
209439068959271963868798936588554091389325584352994743703180848242521810582621
296163838982402970543938215237510484078242688483004539126808476878176406464318
360075811856712154947792182437946298236450739102224347450944451961469705641129
664403427680086957916372029611300384442817660710046784529743815068264946538078
166792158958779394532435811111429597979401053608888893017676334692004961214827
448632990479067689959588780638611633919174881960902310296217604239976868192213
304450912556149977374063167954082425542713164386997526423521131024111267802023
434438355508563485670080437193221258591363025498612342700181833380788022667824
767501091102627397831999354870171491152017157654995069258788846370056288208694
459090938484297684899664495556548258577636125534726219247136262164630844250887
275478336777032876189013829443859045803216366014724557943362153906958759462426
679231501254631462375846671447260578927175269123681246213521009622542105756323
566868903400618051658620856562331915932944694151662777490306748306454226576801
153880818338889486259321988218105946815283785949441769929899136204469156066881
984828615273996913735134651089863061957388355263264046513134784756788852449529
808764446117806159589215481834304953759522578129110176199759161573765390688574
473001341615545119058051559902451560087940763311105451788283452308648296359806
569412688191184495552640481844475279590888529717766934906460760116875178713448
112609398492442489683586441611081105266413100459512511343945531374246311916655
367860661601517726963206262180279415316027263311652450658624003091884934708971
018121572528216568987794741859121834715548400058076548500271785621910829341523
471223935073563768077344025521666357028507797470762741859952222026356648605832
973286700503994728924723279542047638041002584041048239240416229953768066803436
190951722277518028756730448273553126856593494234480399021958704463361611135722
760279431496844843541447656576783894904930283087201048454581038667847063885815
253906030637068386102798550263819528057412818863157715848080285851303207253209
480894940125796532220066101539899014345593994194872442953710116447258576507203
214673519469889678200327641529984487183065025729415727600791051248124244249424
419588813762349612311750278429534613483707272902351282696181640658643699567533
683558558282816065455965370975169972263235297030359132073041829033375319153408
818222768440698536147997000681848627808402228915095092190528869315397363850325
711638147949352565499552787125110377973801181779099927194434395049648741149230
619662523144673375933254313666569872894194938489804295770779785858380632196911
151067940194153548562874980043476579579130025572469942583544254656851020302980
682068640304267409090082023097664120287044804634231783715506629483599823041143
080921588925402533083522915310635967315277195782821886567956548506793286995260
966959670441734133637665937765329960945653792853583645047154376793999555169596
880753317059465933281809342457307480307172212020876856510314205424311523597927
283992350204394232587506515402078166002900928475398492323574742726871024641073
422885771201232919559685437961063778298179767491153669174920719284325615343879
400516308775950518969740566767808807838871842744538418545786228417282300610736
005483539383134681601555987531423745224704211758588891410371067916584773955372
708935616882226712149874791300227531779653851213927952706997405340993145980737
741081519810507828867643210004751444285907436090206919259952590013514439242965
938119693596224835225242986159488057874860953964446064379037124699518143865754
633918385089600962783642868071098447776426027537035870224555683720415471083083
310203106479469005167099708050820199108702786848474304508449597527257472541188
924019441406121475491150479211149989008545899514116912952561369903182557291406
518608503053546934379426502952270111974707507437932990102828671970274530804659
689546785595781196285297859428968346261406279172524206565575749037694803625717
598255414323735097098578763719242558917466550892192235227168095640367036944715
768710448931595353310014979029585682741224336980498693444206909995808494403078
919001514485879984677667225073957439376202038559454801850409870979055428139946
520162722170606457866671098558921844514362842191326961005401079299321793529130
498075431412590988590980215972425761534533273979004526016580475829884560505460
639859133054673451688723278286964042063348217497734675570939560329676231448194
508395609787339059359392887566224589595947059453006718797977462180573857730532
077915708570380030889875546682115249651900834216797283916511342375425209466769
090668759261503385824531356385785550091566255788887631087971774209737293458689
668970514581614262911890121857719940752693761685651811217113077436458066626842
369668055563723221265644397414030062115815558483708381716135224732504107825444
767767404231951680439422904364758861440920732812728183643129321155208098991208
001123628767569075336676209128414706942895822173421595056582713205772887295530
452325245141240439067720416904318346413202340900373834116665572963699931316662
060229050982977411881126714991827409066793152305095963452573267622003361256674
634870005408541604034374669892972516859650294325497727247063477947202115274814
087408933693020270702701649968951534504500586997665298691863082056939807465263
143860067532656818299073013065447467830687570826645695947249261116030228121375
462730798517483564667916358787039409502652695964744367827420526860125861122402
248891351708696205360468494068944499179759641304666761593281389102458497843521
456895752464755309010962875753152117402608536820621746412300583863023564884135
957848012822041099233859672894429712088967758793302288056958069796157901137220
691165436053353555790561322855997626028897013900064898801543329955200364736275
792147635408236950395297834404883324452463053822974422742933724166756136040535
183701626318693999435615791819773848897438766411592468090133013899892854560724
036464818411008999378046631846846567375542161210162815947672297740715906433289
026035349030905587021866861891872928783758310213935560577321953913881029272261
296511887585628446117096461281550803343552636460010406621600695413004828450552
063307273992755950953576521022112963140303625189067733389292369153624146563408
772841552211889223803844685107886094981803659055881222021186210954899034068852
868475597178323067541601963636840454508018143740840391998675344139108918599545
076877780477127841945842175656860272330032315797827247711744816663951980158571
718188310907327938277240444254657835061637794525932299218828834729295119390041
731953365786834029059748014996777938481657117108839204636779534186311908624795
241564743081045750999935926658407468049514300193195435074881169197235060285239
833864279664601972431248173169925612845320357674709533710016908854704120492341
721261897455714843521542310551468111050901239639870886189761430803136617170240
206510181272080183765140357015556690378784841628370017491705580754537984592535
289874003298531546875742260054074691119360598973651094286297210745541062461806
086491489001686883682005501990024304093648603385445124878370510438733570315272
460509011928132986668898751194059103778772672388243750921629211218052242871598
173345774405264492590325401452493773080573825594504925125760215983788840421690
041958262392859097636557477150139304675980984490556799012722509708178922694693
376860902482308812773384073743693782036312426810725999419678578971259804879627
590946984626629779026139725091712247191533983944802214538736697812738761091275
508813253797380400410979656363835635460407853012237467451559044944826862776622
620633015941101346116485304277540799469651676117849395202056029154874823595463
304381212637035104897938756736154375496153476332441474844243678054545204495176
471244635382698728663576775675833212997959381281407238486755445597047948032780
125485391248188362853348719312882356674913574571639892628211486832370649001686
204337625917524125623463982079531601028266209855768716113970471503484952513185
628835545263256929615608823965773022187997631143241258135433349268260017885193
106553924309082643423262984038243556954765498835105804266729616107687754997436
338184107392891587214683637708338925055254088495793256875248020250193535278423
153906911963916137730076312033556839715470433246140975660101477326099050652909
933342098940728207912269898031915460609874756582173448314521679657001168549746
457353915565593680728812038664762915995413057524999177635622554005552002792902
318858545048359620457769283771913890667818728940469355891661719841565649777350
237140054478484849114804718033280657023638259934847222537759339176801344919397
826578095301192427900538534863855987451277396473698586139019921833904953609333
948973133801573885770261867524085864310843924660709464226949266643788830274408
465333380068104693628814714953524215003567863674061539480167854789813287203623
848558301267723814170118289904374172334088383310190460047825611702425829853353
265612008694302303447380748132951237998513463760035032604136663218467472304886
619168392252152215869300839331216919713871139530489888534215064528054472640817
121696175793186613182237289437630654575706637373633783695680716563390463546821
089897791884967376533752853877904339673456964826042418988551864015141583989620
713556007247367066296769540136892690205134561486799630739219668616176533370935
911255378806469149470123186082959362903659207998410962900859630127021087592708
782969826434894664148130564401771041402051723709953084673023457849936539421272
124531494807472023179987922259973004937630232199012041576762688644045432428676
761292145873314547180077610115347001139806152780476258700087604985574343715163
323208224082119557516593828789990526554810509800941007959729863909728926029534
344944408069621810421066597590523418171459654826612304182728012275091428504895
339857141056999679787763140852381540445348243855425222728302657484848672287775
870108291567084112417295259051857579548369137772366215955298142312611528086654
288472213946713702466161614188304951162932853576113289759044937139682740533673
035708344173184213446930588392249548512294790069708488527376381187187483133511
721496238669683983978688139219519783026222168086245798855182512682706689702520
572493052775084321603813596065509552610869718291859570275355443709450920717346
202969438337583890395037441991502116085491007016475237892624190172583659899471
304156817230102736773286011167064127942726392007353785388264630202775848247216
241775638616862767864014217081501159676989347636402736404372139399304914759425
459076734690085926800501747950226119687893510915166131861648596995757966862416
071965715386843345424732312429468104838106593900362861500720131141281243969464
220912005307980166748830629062028250450507716330033116718343771128857488297742
407708552954615644805121691935148500312901569907850336348601736924767348407983
169295125874801561189788883688292814328984742238848592664090207388059919629857
379500262748618097230894647911300810161064899873707408701858170820269020228130
399567740058130126538939971643797136823819088846446132795068251866786854036869
152697471010625020046422778534276665369894160429547384829220423672665400499184
516681115228039176838742649648809588422210741859878335973664151304132044491465
248297069649469735740890598324232055928806335932957903559760848248283382916985
071477080887282067011597798582044284701619683855702479490140012590881932216289
052970828682179737291411976135246129335442968865700832168726477195185614092971
813439671573078899170924826338879480862627048345278043321933890794279568351804
307539403862556087529331223720614140413600739513490305847792834559647225367603
737880504591777470778330018854871745473000921483764673902970490247515069314962
834420644993031073622429445414383949265530767386918984094384739297153436400514
890952277801817028929660101093675718193271272930418524061826989948493605797531
894318214335209496128453375940517325002397449592421547369545391848297362217738
897236304991526518380018815664202080633352060575544814579949340705371469417991
456478343166928699223283646713609523673114686523080034225637912278713449553380
771479242503823191309620822673699805386822568622389016861990684012323425560722
089949703257822520277837761602676547306682893110574146988747397116135029488824
424427278112304228528135581793653474873063398865835335081274442780296865152784
776396108399181018138482579124322888200986705796588103671503999855262536423567
663139284175693543060498235142905822411490053962486341219200071087179683327439
078484726464018137239742786700590610433582548358897040734862139706802362240478
109581325211094704771835219052147388894110312787492937226833915179597934786239
411860775718421679087273320702490842659452550708332835223662664297226381149355
900625219520522423534429138418884391138357452117764722473693743223636540605153
782251033812490770442823950915927216258130807805823225155084291539740520502562
165585001228226645679943796267256769163239081492897185672343047855306929351168
123833936646324878946336879339472477507730738598202935438645732554191604494129
182567505995480354830725130808261238756565457676314553003473595818738428720233
252802114808542437324524119395148003564282717423896646855565669468032166517707
581624395432469898230855060380707254999513122064644931192948172950123555966277
104614362199124858075625177059562226619044444429687417932334747797291983192541
045831660715245706409994546419601873690658957358493700959888121328087507037500
862965435793299927225580218807645894849208531016789604653335689078349612029026
073011265144600519574442752551708265281734826255098784223882388638472196609414
181351356235374360850727774383084603610409985634209999338946720770462339009782
888387346761796352593200545278062470908275015205628950326193207976663181365230
757469836474333456369697603997115767765062874858246592318874145032651608871832
528625611035943907626206971838703498359921351357149457600002146002818505314377
466948879675883221918296286553481466707765235099007072302575919091789851503648
167470124795093411768132179425067907436354891084301679810843372817049822844036
834911153626294869958321431382345526854550016970234613643094574978601098918233
301317682688159011751853804534488228563026258401126157151220976180237298732321
491873671302508221922844696610521778422219790242742301097290128375951954695444
285296569242751531491577187514533349812142361613120770267908536409567133766380
847816355297055838350845440209923950237559461927225268213099704989649571383113
787597515405239013756305039284355423164752751641475514774040176934975084229294
766405527483569973102617115667785545440402173690377509709741842355532443017467
891126410454174973122243266771235586888885530774315182332578792099247787249936
902557176916914946781444692270763115475504980922442318428043510134607475680973
575064538196942524983177032109117237142410785389527337904677174602058954070913
550369950887761035179012584970119489296333835444511859942107891038909797427948
805694717226431673893726038393048049356596057390966304113792807082939642648532
779123373376226075463245973789793382035619104764383204602475221040041678868389
177580942145004303501541195376129797088556451596949876059316517226202947765353
340384778533418304750307575730388862125505566808212946353115873812734743699716
435959100751162561941962170145479298850394882895386878795367025674149008445136
350063499850045761434022622991229684204232929356898457633939363615374528176510
942861123726151325813675267488091015616047349522416702041575585834267160436272
840782755843949688920778370511843420302676240628011949098389724184072632693379
708812601135449175939532878787011750146197998946376537374649333600798673745216
207131371849952990758595502934053279563692419016339094098768586531407500641872
384645295108404136261305215688124046444915495648302887336566228775737059229734
084923168599350109385756581409012809104741023257576398147373942916805055728396
487521944244752257308846444044872515232523976258091344195897852112728497768525
800604401935138344544977962741130492483644674800716272538299375688895003604239
