47525280435969194461142951457196073632391520402632
00764744356560676269215762531597820457147906015856
74498579560324932590984803087326058093039801553309
29586929147848182955694114558247520885015156896126
67272390323931691936529717317394001490783799876327
82546982961250028178235755922562194463331615880152
55587241068808270609808529991279624863780846575170
60806444700882763454920426762968605641391207487288
49409665547949047020610824703851431854915352002428
81479139102897583432132936585440512278612245477663
92252492859682349242322129810901342292833188668997
73869943155230340037904475047671729485228435716677
65101427654100801786966870588289615815330458110198
10985895418459395291180441391326281213981297120281
47344260518651038300945317955677134207626651317981
71165415290212286740998670627006322951029184581837
66749170552643599979685430271546578365326776137570
53397860099312119654756474412826028616957279460113
40202173971432011490688845267296710901173170809821
67078718594225056209849821788001028873648601852288
05516594849963400213621655983076900037284980311893
31851489246473419956843552031344774130156797479101
32197951925890293593558581960944863662223347367312
58421821481714056584013700033400631473591417377706
94099045100522779662577241107511188214586918614817
68112395649135512739198639481552196834731039302962
73307453010091821563887764637671115703154963687979
89067725139274910840196101714141059642642001085483
94070920789207061831278247383376819090997441999292
25902116915198393418626707465096385619906908938494
05203418022951921993404886902524920475261272028483
15366550979072633304788385464130210998013993179769
56404786958031246088493442632021920051967480286022
78646212903227106151598870867434664235343625552666
79856164076148342361428889784489590848113417189891
34127428472249403204433374867377374820243200500184
36258191086428044401743961662813413617422463875430
16627869685047851190758471528626165821510042308384
64127751551571748190388828367268020120273520430791
60924187816202198828156715477631895159525698054413
80833604843110559401074612189799584575208184435628
85528068638367069260359184936599747822778021594875
62544691932935687976321012683105083413156448815398
68076783941670309564651548771231342377874576940862
41469870256245403194908611122960638026554839082957
48295311270690924389056832028054730628329349989741
50542862854593500889736283190393296099192977494908
37611305033614230526915462166649488015407041398557
83797599172762204189044516514249477256880864418829
90541097120257059531522305938472391932567527708801
82108719509712687627409705319633885788802570256316
24421442367114922084519481206645731641786403915582
67374346588917927253864977942072934078264932488583
05717665741467759074096072094364620524290438517126
30948665789804396801913024553646111024605440126701
01328822062983616853159879705179215101610082166686
54097554164122216656095896002478703805209436382758
57461152583665188166593103886128314840160804781798
61330447808218975851319218212833795727776735980553
30104632838508497407056821687513179557214600096240
66981421419901606668402031510523124017309428434030
80503143893076597704163538031723015537215612776258
69145334794612977987681873902629168227207040606626
52734710135023303153668041485379207375382102798927
01211739348041417300280048209544641015988552994974
75705841594047583009643887415034932796490018269460
90546102674656546020639435192496282533096546503628
70140827551827695733400901502085329049646949478392
30852332686974447339535192198004216635514719738563
14740784898145805496355504764052591603284215531730
68610482904337582571821906964388946332378084746928
30763631200433118612495468368213913548478945562687
93919766615614345026275485155812428156052014922532
00829213065443108900615342286006776942640880777152
06726693835928492717919664913922417963654495173491
29662137724469618494807211926349730330900765434657
89939359846091070942203577449758612605102323823554
36096778706723394580739829541443887189431850463318
59094267612185838244096948838492227470718682417688
11584848489230986966625987758385573919361684419564
89390265965764093390786694896444882320803612591798
11729555954165067559918763584643805469604969299701
59684317355096505312790329204191288432725578256846
04367433713486529840474558134023566275032238720757
87389488407483435762300857543609997641753493981365
35309478200658018130634749657313605674478841975037
96003507490041341045432785541240457003960462837655
58934815835281951198042803726624336693587440997271
73810640365981925947509326373863433784695843327914
74840077227556911619274407906155214935204535779548
53430106276580932028060037150083998378919676238058
74665160197773136092917688471237708430463699430945
56699713961167986430982740114933542671181188917598
36762542663570776202861525363550630233296686116104
74513761926848003817674249243201753235923988974650
68837539160534335238531961032750578259704289265332
14474053430977576644170981575808920423289975946744
68412170998653143067645341381354680521019872288767
50595475112796544933819565919987702626938295749898
96596104025942792964463047286221665519665757738595
94723654893055314217788693223163987271261557032386
48899812820994568310604166641009712027974551170616
34678752038245677918133330701360007269138653338886
62147690219290720317204915754872725043493948851438
87578977643841208338626940968479048693712852461087
52443362780740637946555900534077512691068095930678
41971835413638922964059108574607115109233904546741
02920235642930635541336447257824158416145361295818
97642853978650941236300134001993738871268892720386
91898984288724569273284568760301641217539199474958
38456249509990957795078329213953867069451764422962
95172378398825080277611154225431114314154501586668
76569452970786006219179927545390599894996949943794
77514541838899277372103725622482693326261320704447
18561309242407717910979261065956866107742986924764
24307552406299427544114832323941208287734578329255
48385919148582964173594244702281074240486446359621
75584211529172650810289693792180591806152899001266
98697402195215927255220061377126705173168516962949
47260454145750877149537908295060531361635362661104
82746371773537092805214240295319943605442843796556
83812309182159551578514540460661596171273890578529
66256736603579170443726802227512601334687539827245
92032115080502351297654765079695716175263710857294
70541849020241920309644074487586988725007590768118
95340393509811184739561398920698032299573067151713
38839750153321774957149728525873731956358539726233
32994331078034302455269315541673627164666504209190
27309289377575648692684591684356973694071496098163
07245579900212669525064233620222323814082777531715
16596330393124781731513313487078083801011403595640
28097207171811241935485611024582923685955577298490
37233247922795576967281251271613658494885019057574
62685742696247786805990450364312618192235874554322
32010059527741178080440477813516885502075833732687
09828886642320739858100131662677574100797907604234
69350728006198671114687429294656198344964810203694
98833504187225283697967153803063820383433983407557
95103647108878175889682611172507139972943662381287
03922291556210675882631380916151818810350228721712
25460096856135208714878625024846460240875983642773
43137459618249507280947337798511132069591729042129
45584546981427917693817552825380937974134607167484
16253350099502862980204758142890017921485577729374
72668296794315097667558808433145329823377010219572
41960561867721358713082034577491353127503036570651
97679409989932224874076077321029272816612931526907
70822417075198978245459224833069435494334504222029
10199144104424773834543603659691052245783797983165
96000464015956159027401136630837320044056798239793
47285249534994411790970359820496573824960868108410
06987519578980441673598634935874983340154142835199
51662518911952367852498655435330473911990037639215
00651814719764555620871945760398692265411144901802
72596422869616883358463756005683251398343401021932
58994842407862774807363571387915451512130596389743
95014671621430519609603300302435563602882824678305
11611568902944034285946726822788412794825987737219
96897355314116086025401929318193190323688039064551
86250096826577727336155273300313343257702628139075
06235863877746594862284218905756927487140251926159
16900422275496344143965875387179805869058364749902
05106395070111807866730456518728077616841500784422
91887364900967992379524183470200575532107353371664
02776343283034111537967524048208791097624775538774
59569116726371705796016042293749424527547527182938
73621499834565203273465343650203570816705308380315
24578101425380577680952666907357796627391889062241
93372727950542117004927691665840968713727045481620
15822967640236101315515452297324028413072370885655
94663706324843672427380592262167642323447508722546
33144655210435837540342216863615138133609549442858
76973111246780182657223699176991428759625362168081
05464641715932423933049457602571041230967061680870
50659054480269663906328017086979705018053608442045
04194043823089661642788242859710252516397701319115
55563433871014834124001133344528536111775568111538
82281346552865059493544493113152458355324997891057
12410019085090598889610887743901621855528695757644
21828251690801606969174902577656163404112897365848
71071546798725024476874128814892828812010462514818
13881373937070775948176108271907919665851940019118
37100332469226831481432865302566176584342080665813
05069722257403202802595797752933874883801136213100
12605224119215996525881461226412146628129128220003
38507285331751878080171782428902736220235286190164
20078575486982598627259916895859965110039559948337
78954149096595692659646830869038223392680023725986
17600519947718097457629912222222408069748351783860
85347892647634518103264137700889033906120744561763
08216436772268686487582588823089015838080031596053
74392252664246163074090122617896257980585123230506
69781444178408513873466023253085032917494125546015
27477091856483692544229105265424773163486555603458
61083394355540487942756629203972923534722903596554
44994220939257838580985554976751800593667587098343
41591288203613393425015693554682596764558615280799
72293596142608263452099882634315175231168255589983
42173233976487681740480262945989166491443480197365
90196411658301017925443250079932117028817829972513
76410315821936779588673271362756877163584552530116
66098560945872708090694750230827086443991297741761
46664402679228124773615510819048809766781472495996
54788516507494918689496628665039924600127213944069
67691512636457216279551965765757892413982044555773
57235895119273026210177322548729124494490979163687
43762766240855802576861137918560864956763633366361
78352302861194144617320866039400718654133286830654
48623084516824042961970870046256398330056014270666
56222300314689462820890558397377794286815887553147
39829481534444952988861207257290574902893701306430
36972073995242115032381109211748746562139896423032
56700764314158591047762097604096939953327741766456
93954564644142190239382042953919769306157543265952
79116291081235984863124440713118927955800016893343
63383660825417824291648523009096065773762447020524
34565842849605633914526939366753816477683567180205
92250588940588573923033168689292853850750745585671
13380417761618527082913025186646570386826226489822
95484519778834160716779239648210891107942734512661
12031435204002834493039563644126552422029283194971
22927653083456334220711592052916421673548800054700
85468619663553432910268108793471141346430667183746
49398808580575795038479127520872806015232673121729
40469293370970043762611734167771738402116059573441
53511915840647116166914735307403823685950321153657
33965307015745199227736941701250485034217350026873
70213890236030733567415771623170019552227611640322
55275216895420758029966322555372440027779522620154
43236408951729346591376386335909715454111470998288
14937115170120972397310505824027969341272210125961
08327161102352408009196976239050404625364276007421
94618187897174732562115718900444424595559408917378
59455899595213116216679904542205666908594549973375
69732896522754829575007621423709373317307220089723
20074900156522964536699235019625042756812819830713
47979753252869416984960908785102688465361642215544
90784226453823259636898548410204381246903113147204
68762267049468184874518673449309193386302883334152
29857426108717784830784618143331412682890204136303
61828206802195260817419349496324807736895009058064
78879923997207715007672575533353878397441279468279
38610438532417333551714222170401286663201775922216
98284088921220703660194389288578534936121980728875
53749613070532587846328683721372273244893418326567
13861421319376243659697820709569433509396528525776
86457888116006377301731201974144398603901468888607
61548019637053339821896408214990798236506287409889
34695619102392513558588433437056794436264709476218
19934446212521507752810780601734303888032722100075
28193501619090994488761554002025833682258066679068
45252043359632666303092794336659683343554356965535
89674048351172489828850354116252005472961826542948
51096816371473186969021824770828265971904271745229
59503207689707401619396066201016283900451893240073
70473467639116351411728994389326159106612748942082
69424724090521959125511705641967919533010129661818
20850665315915860642658884305110727261500995320576
36409306572418100601631742498553221922394117838784
17487998762974022545389216517059850141137742655631
07139759099956583634286120371860585972985924463888
32537260174903689684982981888829455168497048818618
24675836333466104808889377192471020308290399312073
08485129058399685911459814996167737456270686115064
92804387184741505112394668411681744236596001068654
42511245778486073968644114473448142367228115170000
51781623635393120722474143546557946129062598330079
26397387354983036201914845217305629958070985903293
17360045143267585082777358799682725144114613921813
01676552189110826405156699152376881816708355097015
12976121689390371167100717548070330111078812618829
39982909777136806359889219120335929029666784054257
02544329396222334348986727280713705444825571697417
05382441438389441313174224773582084068952851774198
05777146461235496006551062863609126331913157638511
90743701021537687443590257927208397473358019793684
26419423311879879622035725760867066853684820426330
24912715935003238130597326363393016792541330498060
83651295253495537945634529257362443849219554463746
92679817131439044264430457423554761692170986832559
46146197801523886661922603281835985532638838064918
35511833766563924882849321820791380104975006430786
42128172127093763803118582913568614011658699609559
43833112550501112467243062007909236476414802892249
92827514034491165277495106797923069458738142653508
23892349398837256820981943155735742077800534551236
90029168293426136635548240338954238552925791532522
00591119553131318812768220476173379601843603825234
00656990751089518016133274114955069987765684263346
14373076556134586905259880635091438316950186391698
38642138310889494985419013925144266971262645532763
27318056892011499247419374394821749970676373346479
92656365294142227448636452606979452033511221005643
80104093344350049754856394703028100666727981303179
59062315295553197256174970077026261641135088390063
04983042282807421820057597827079104441511221094147
54208431552707355102779697125574417112367109164328
53051181652776846343618809717873139748733505341611
78188543257752173520934474087014064254574804568077
57254636017660013354944614926822120985591207135270
88592898077920536662831445629376126686881785072710
84373189556512122726516971968721264435252422284458
11425199236291054930143124269662990457547449993248
69286663623032093908201847452458582886575006559313
42934305098564180400012171304955986820868338782734
49920994981575910176039403958721974937754023423613
59574389780766127287971624076391933532354169350305
77934234098630615843580986974808920328363359303968
43110441086825677867002345431724665467714078425101
41135017431217512352558970889245725890139524181999
33854479339199016725740527044521924270889638158296
52069476223756822634285169485733430913338758846063
14170876887108168612807152166497563237962039337516
35274866462189697720623880516471591979698115222786
33444912976463926970809968983576997708904241998677
97842367523799121149275202626920403549813900148483
04774198320791799909193667600996651917751618766859
76679045178952404339831481409581761094199295536841
20823784328738471276477894397047377339828920363543
96283758380306991307703792494289479002115299935459
04003041072748328686353671247215227792917369346256
58455759387870949015234195380687231889069156145118
23577794950085186199073955532996002045402202634971
71361268566596582876290659201249092025371003892880
90456608023108652822595853424100053180224515130855
69777527296965307111066640549331751586344608332239
58850483683479339770575445721706352375186449461768
63863340686694450236060874916792486665274843883563
17291305429887971640563427011555039299392721530804
85567394562924765028732286602369982854328405075413
08690170492149236465614777013028587787517053743109
32611345209731103231067902478334003281676202780780
09943829756970039941234890291300039465896367874211
98466201069323995057344700018899568755952139135606
63952277803804597616303842787796432081496701606890
33461668320983472299362263100766248813156521653792
00487135452938867487688004567244616944511420343113
59878225977660548197617833280420397031864267773656
71357537315505641225280968413089072775244407848894
27488713374892707493061733131508067260372088099748
58253447497227010060428739306468837309539537827593
52381688305794190059512614893221856799503543879737
60273986192330912407470444172238041631001381991410
65309217284232053310830724747303487734547031635836
07268356727315000231026046852199799481992327825251
38426432422702362940511669736322832096855225592579
19657766878047065705671570095020813589870193677288
12105636569882992821372799077709618293564983005797
88750379742118265695226014345748025809334400907834
33403567635780029831061702539175305505334840938085
52576552994347568699434872306092900309822434053389
26270871764004807394725396804504224190146397366330
35683801849073967153927436065198094975202892502941
58759777468713032362506140571878455654375732071573
29235011765663701172122657690319814173978678011010
34222339412865824851100662759783670516223591210910
70787186027551609947275833171718806062846806100162
73908997345823110450993044249646903113004149318569
91998144783081198857531480785205264177989960314325
92733381026717760489316890129669256073685401334651
31640576825006541879799142684465610563172679039171
77160713515181948700353890333928832538943977610177
48520075588612174820720298587656798865868630201737
97505709312527365678983331353617682736683982785266
20110295858080289409532524144981512253320307044055
23522081595939521360904886107345157794063357876736
32786415427819597220578404047117814184693213557218
39157382562841182119012374323123804508393321779983
39059185356115880268248154421180760172544975769988
38352559988099654511528296929492948622785490023824
05402528823341235583233280135072519224911253131306
86249214529028481357432511140343179193163951765979
54358590693611570150327486459558508267012596274723
39073858209398256300757881150548991291711652055494
27344110977694645076779396953043661498118500578060
41436566775786047287759607252274673338048000803712
90424219802308091960512010544607380652209042869409
97365301198701685205472311752130660811860058530627
38004018638709483022308278297138728927586266905597
86386339118605065971014635837082913710910545099492
54564120723622837842835325720048856140809937411737
24209359155198631997374379563216457716506612484603
30678670520897272354900327698455260007730102449168
76693343013213031824230923997191966578688187298547
67278106585535345549074429423082632378323012264285
28707288382480314283426961700354435829492626592133
92014943280199250823409176028921945158490632448746
92361145586066416381874170031217057860532924274925
51534765006517034105997585463981968046735398869653
02229576879267477791488461143981250007287014881919
65916271401737359930206678055876232212560912966729
78906104440747450736547861604050023821711170398410
88740352469593994740887944764034486446791630356571
44722603817052474988726207608139554939186782499343
69506375884981128015792596712387190279525030845469
46817342543494632007845380236249380149593072551078
60865089462032919002805795924972206038188518502052
89865925082088924745504256137729532852166993202678
82795146489386120702735100458160322185992292135955
40794215911862797452697630355944297288776004084704
89756325206328160723276683617208242059147706761907
46223518794381746357631957165441209261549078380135
55288273978322171334541640319150667027656354413844
10340102596039206866882034312672709349256772496299
35098611971601213322060789528571712328357307205217
77108044434144684851727128430977568415171461069920
44224743596869144581299256376520722073072395523744
59708028037735181477628966856199405911003554100154
56063888104663170198289969035382646694726014842873
22407849616254015160305895119517408123089723733230
10818941283432447460549230784177904192075824202331
27403618540753650429729112018348911542610688503848
99667111227484120167502250858049618973527012956275
40007057707363144688190957636091505493737448527590
39749674060605084132423491202426769083350519790104
10869381408678846904165220869927007569713344310943
69553095353530812683492018298885595352068356533929
46383946035054353348114858967021715954741628764843
81893067250679676836907859431109560959771372652336
44317689432522637785549195467817206445720274808623
67064536377814456238235066824549361566017370941997
91601989537514757297750390983381819973690048285579
06578866628382934389595447357289294715879721440103
42769460227099437275866161941737454875274240998947
11644148492296217166873991474264117770599580832035
72566835829267177834748537253346790033669272506372
69658403879245413106347420994891516804011630836534
34571317128066323330904353652092881672317854029139
31724584927926786743978407977891698925358012231912
21805291835927550641106055837215571411953254759946
15561987450449699116340143908818669547292802709602
64740858619069701287800153618090762294721176196038
01272609732549814355810418165822684029392311469916
33542596882756214551966029630218441868028649785612
90315215706761783798995124711092679894263742410196
83212693470454417854459577614794103514996077366229
91213668170719188798580029358949906452197939129911
63755288827948846943489841242891280113397890957454
80856063782709017057899379608161574423655362612398
52387513418312032637518385521253041552118943861260
90279781594581100605248801297280124287329961486533
10512666772062764462504531176430399800124689398262
52562474086473746659816004460530019216666618114887
11258598262284456082229423783680501823269123839123
75043644746042096371580764633105285289678236405962
15964300194067976431449795497741185342081945084839
61683225619201613363973200063426010225480983556277
32384035854461723508147156825646851215738989152685
47259359773113037927340126608658809906622735887688
89036955074289645773426766898633570276014162861309
02913360784459643223012910354702634709872674766820
70842198679449572651441196114639568243095360593723
72487872347660133965416869672100239156311335979023
72647978316122889800761082041242296682363183483710
44875889421089531480986010256846718297638622837638
11327755043493862495308472799411137276411144039164
23027964578611889716655619800442134539113207007976
16616370684855061069943635099010326394599971671526
60273902667380932175957626586800193572051973686687
00362593271131548811712807940018419953389623679313
09810365415003699623126487616596887019230458565732
25288776283725304225795276147012523098365719536539
19533270698467638223147018393719268997511306256054
99269070272439413137877530383853324787055383663831
21175368328695734081128047368862182033862008126606
54603081430804300443693906945198246880148961567243
15739180410842376976564229185853429471322642969170
30621064410482789097236124669771636629620156022180
07766653543419211638239688422202902082709080612669
44399180405491504014154757740249103022957120859488
13630762478690333208382850794514026756619797765911
27649751230283463339530076771948648247238632973602
30918754527462121081573718792988800955546882171209
20987309653657750635179247779496697775263612221116
94405379709546273711999957648694524124698473698835
81440963488167867842435110221881614516616633558226
08573196622775831852482405261060926900507541465345
43944576435503925892910882571462066472327574070715
24881900289041649128932763895463122055763029489724
00615354588685705129035237116254735474151965769387
83254153976735190554178549829414383291790910267875
23239799286058603601254480494629414748805168989310
46687113408621072730215084250426116238896838894700
49589144760433042734858172183122372717572312081907
52383967104302529860626434727590610047536604750190
48077071790066666552905122937821534038681429854849
92728099041157561181664661857453280796295911977905
21290045774796397503674490975522952341259961683185
74033714488219162341933618198968004433960896141579
65223197731570790289582645564852846768316597706641
56926308842958996659596235341617754681827104834457
31974300561920272925622088132653058437570089236261
85367657747105354722153051729745696987138415205388
47511465208199529170674654302172287688249225754777
71021125351350902999864932260791987068086091073379
97735787874820837928967256053070132899581257505419
04126247181661147260489413504289245995679567384563
03503972399173592198891518386362632932698135648255
