45773730226552195191834393750441523098248302911587479090307042894576159875318581
60284004895022529494391021512337063131966158592873360163309251819374069954518066
79479515748882431970063083463839450836762364650142832093091241713835475835691488
26468445415907088882800967239005845020288186308996470630337634627231982765261739
37564673973173758472786865876255736882602710866064773315698154001164106580433710
72075619677253097945254238759709667790496164359611635644755390170780696959397316
61583979587128695533924976065494708352067255863422732731262447977547686478806659
52539875443553475906535335060917393427613330780779964412257328102968458043323317
59026054968115053832137820339463941536093741333210027810460153122834670635069031
97662178465148964748168515338016701375004418364545566351368434719229190400663714
53326275250882716554407355006544290291319762677025651084591163402104629525366162
52487562829232819266106954504969307243394153943477089655505743330593235667384770
02097922983525255835947100236483273712628983516721630360083479699271843253787178
25790437356684929485186676703721565594529958366817694169509631975109106867965309
32771803389069780412893882778647055065851502527219858779521347930939785579125607
83921224489698146572301826387328618744202019163249065453587844570831100681321967
74604585734395069831379363745981036759686144040322362119892142390820053213705178
72418617044869047811685410477690903449815481138259158746094766255712513464021086
16855675621755987461094990691014358066046877225477124841917259980485622505300636
36868853231401921764277948932955263924210689237950467580987584660665863143697195
69413995466828432792135017608031932284859600658135994641905795451561377056317148
61277096122741005045463041166614401354118794581115759378289502422404085629344443
44005219495692519228317003662122531059669021019175428567446597196842428468822210
02587101805761038959207920762731692720412265181104667023983003514296950318552139
49270270392591627288922633224263820725296814071413405518152921409330938491143982
22800967212584301847249327114169047804578617579625979096712745329695236369215318
99532537759105340771373423016970426913322146631165679653515877350891695969833915
78825247785263086745020424743505391361665666716492937475327879472913848793171083
38109644763820747778104095557797167460114610843589665006214763768547357557953784
42010816991121598484061644095271628896232535365391319885819923009130183360776592
27218906019876729551902089692208273829818131313526144731670818335518208400022248
79835488095875754453653811517557941207081985738964355237878120733478958833808651
67879152001114767176459048589634434180535736854953493002892358377086612836378918
50331787428060475749005469902216739331572379045657120762293606600119843839082574
44379512827864258200603785744488482207738231240982560075418176546141182604892015
09213407691089073342546833369355245993505778145223186959609565512818861279950126
89651447789733406444464044522510579722133162226322074245341357278910276143176215
02709147898811692965876343949007136621419054029004237538369642602191729593723627
49423336565552891668026815469765338229771022594298714776852409005864242058351520
54592115011314286226818770741484456648300989725948057883990900231539040178772995
16384965539488478655772876231502663995211914517781438729649000372042110658566334
94941897647596829444064992817705612789270076032514372913268319449589628895795706
72107426825446592019938236191857329970062096681964530758576584497166893455203347
72968446864959423970191445605913071846172066872705305121555535146945204023859482
16228015394620045281658814746178827487270587673309092706667989263680249562743437
53048062063659315272139847164243314789343824725017959014258396377238936989957404
39340889141987287585976535348722779027259152139785457371909426874114684071241175
66346140680761594105772749913585028029204530250554488526736766785361980217610954
20857300275243480205795440964835918176124457301828345884385740304018297713785590
07018209941698624426136843903958708874982910048030700048228846651464553621283560
83323511354447106863305389290357941734086787426683287870966018537013263229867831
38989783819697337047818770134871385985922883668652532888717067489993867059936961
66365975456761692957789229269580082554757055789275222795993405936904868293311676
95661342838115106981851863552072234138740719838558085208554884184352818963958948
47505763620434592584006721351504463405756036610948335339025394025424681000745962
80281290673696103714384121655151219675724126036667450490012882817127891847651465
36672368389873117330200146849577903594485292473206388257135804797764083897649317
03245650065167402620267336186852797016064149015864032040048224865300672020792563
05336785427558458505437250689168342482211881157677590953181852017334135338852332
13760686718686497003803220369769678073213852540995966704439024596939249181739892
29694297052522861765049510206913227113241642972791426577552400785624767575511984
16258990896625812891317965824951930802374911143699970637752017020762843448676940
73234624563652683104088571009103329615187712334980588086808296313591109186180403
33588583042633442122127586312794703043049962300261244016608977408692138559132420
67236627009294954457136945629936083075412445172699610404417245112290631762562709
98355714739367427297567884317045555700199310660707304403429453308868122469659694
57730281285104518315315454752973643797788886244177029798240543029449349908275421
60317943158992699731987759785733806390745491448002143080398092407818785904155803
62611729020823366558355168846388244369276276701678289513881879524267992045141380
08570919416984339133797345973553027262796449566155606510880568906067698790002321
28058925210267323617188204088906180049201242157874417414866030523705835018575957
12187233198898385314883695475737212283039476438310154695601130093977000411958332
10682915755277138908087371710670896070827173678013453652055232398375787543450911
18789926997574849752948895903158872232314472082438865435317929918268845768235426
91268978180639812068825953563399179976388089654262827044261915921786285920161133
95863914020355574370827361702414950222844650630864966044284298040463068851871117
52550319851510506159490110410591556081757687469896336271542378938468174044869161
35930981835311704847586921250517592896748380900917519056041096421794968213277902
15831701613284950147440412507201689436790812406406731184873610764285793994630947
99677584436401510905666630077003886038453155915838453716841655812993519320321528
65884856376089262524973497625154720880206477723709213567471350620976464877047568
77255015649770816477285562566300202710645841781365314559028046146797686371162328
64746622779696719922396997673646258084956925622944471228916546001433340186149815
09007273614572805483116731845136518945859738272577382525803112437945866656638462
98739699089374835495752248021314747255823266569947120910291887718363884486564456
05889486459740684378660188008241563083139740951006034070341103030647438407343119
93795926429617694663146687707038864414473761024597962239916566164367311049054553
82760452349067573559621897733397968303340021557416491904051812922379226794622403
78377068379017056236884921696432907921870832089898956885718984401890639161215612
91010566421256887282962674260355293782846676229869747981551930693293249655277571
52149342524936234360836192092183336224460501367342636790608306533337060937860253
50132627981982719342977812679948383046001154596815611511449531153760273838975327
00429398143697188308767449147994227418059354757398459272967780751642048701545902
64555667751147923671689910928157999568849900235394372260956832594321867537976416
04451264236645686474246556367528568675573314825445851835680488747810521434894691
97743161275294115782512071751781997893717700330406394729775920403509740553163512
42444089778650021271379062108045561660072617160769904216920490813746005769141506
11213511000662516117655022281485077259270620533859766712970338230506246879241221
81140174809653242087529351472655756411866200797314493947395004844010999115454754
80573775359519484986625890713989833981992387597882881637387331897990836014465134
41676655362519729722144491658291257867706051242803671190179595891115925948494405
73453304337290197284927974471804106710522157950767356300766873429581779075903544
58233757612639048513137558903306619484322552029731419885205344884096996837811391
78418688095020680729474860806847432076124926721082855456873377684436004322958766
39829301981698040059819113563218023737109528811440750460981024936176168471548317
33308562792477110214901843790649268347683534756479314702831354096728065973258257
25804944113122000143942181614726014432144420264498608917981422901561332539104518
29393294144058087434962206737966822809678785731954519236882972279623903250212543
08565630346557586246719403398785096029338842384716024214122027168571387009087885
45009268147876612681601169294191018582997776218937687932650529232280064061615079
40458326088259947646888501435832893166477204160542146254506147163225772155534534
13952938220127943770255918011844056491804976555926544431572351197895753227500181
51404905898100642333061546304347308003841147690740962905411153981249014081662916
11625910065884709984727126780613303307301286735482876353541808423333511351606176
98972443949386865163871842188489784410061205602934947053984312200912198385327931
88931303970278442483977056682599226000586207021360898821702362696207944587237599
55192187447256241746402802383019702982721821182958018655823532586490311663524336
80054817019553086229787065405593534836205606839064544966691547051610947464123237
95780831906528888332917941987375539251192459696791418204346304256494147993177790
83344151852852867871012106922498707733931819048162130511454985636336945393614279
52614700752361497248444288195401423994738493120586596424242061293279156730038775
37259848649935185510986008266440539728465582260216787313779097649907209225652125
41517884118826440156495240739133564914093050176586468682907583311926998547443416
93904738602411613153055373762542697576956702124873857724738201230391031404646850
64390494000591410628361051493539521344106559210316993574759134549125175232498130
10450489055541497009900474366078910681791733609362735332387770105666994466370613
48949941418081285153925357714544061497509626480431643873850640851102013109895459
17316684118877018946608461343182964381891907440929769734846222476274141165005295
02436001045783597140087694173910401766032901858439642939346713045704077195935529
37498184097658134040208280549189780775362735536224910433783459405053520686032113
15473999233104240248553272746984365588984753589648955046082401920581482904772944
84083231944690067068794256557950436146828533423676950072386214599083700716283452
65488448357127295783089818047008496962546950806521852556170400677035040261163559
58294842089154541716879228379670095543423405605690600456348302042696720666320698
04705889297135615080020152995337830146181180932726085342606704782127246113901387
20730758078420948064137052562047428218579982690196452394057821677626462974958844
82126837005006199589433809212154279953448875380317554283036707653365139793741848
79563361217630923541582201277646860087812851413288542874158701594765641355399070
29830739660949892495000390149911547066788819365021762242713405876941604553518472
92371892233648528802519251496047672774166041394834484086877842948904625073473533
22472777092473403670248261432999996176252547017690850039558763243986525280140489
84792435791184434734409641138211103456031770437536588447275748971828761477435160
03104009563738591342850902818935598901642267400471050314978486371473088220968909
15856930535346397279447198609359079562337393208411388397201432985469004086537598
63164352505327182646445035456667723087799249371575059221772736939693993989959235
85148171813437498698377230895611848755281429986821065847315147414081261153681914
82185974249715799815185532180682248875984880558964302753984386640715355918068653
77405042137820985972730446565736884370421410402733512103778876979637395142070125
39162739134525424100302683758967299643183025752138155564873276448948816702872709
37867661283658395035575556877850286493436896318931047056397681432005714340873965
42211082280044077962841831451048651392266418758912041296249073043249071406386501
24617250435846680357327811052627338042003741627682887402976606116910944459614224
12759466065078390285424604304908733291571833214363842031770453437105489138719800
19803724334831558157104635196565937961071749447762001672094711903718078164133331
85182305356113615166422094197892564184575739981363076310273878807133704774231190
69322543458881273958600385940378317188160480965478675651018645479237091472750310
24728229634368807302849008243296014063512821407701020955695743567779069471206573
54669431333131097356029459747500273506481061743291752824107796346107291357114512
47911492682964506406653461588718833998611519260208690621160888266738932694284253
11395307730478684633467881471564983832718549636554956705725363454999852653043707
34662731512264820887273005545507760811644376614085218246000732337514565871452578
69250780366992663831438235852895093927955711239777380134079232818250438966335580
56661263535481902544485140664681441722148241148088479337465046513153015726650626
66109100250892774155878084555139003427834895153478828231319832517148863543628544
76627680084640626982006496428240423648430808314435740000696186390025749464424491
60823360619615841727796151148992616305223711050134196494820793053494547901948311
40395476509267683249626129320968859712476679749817536499979396922216754771140261
90926414017640351074693084409806595820874900105820582229893867554650125097311779
78505013526273712068668772610512277258132979650415707564090546048611511354850073
16475160865690566161799445819219943247882815227358409299422414761453785243420860
79363885337164267633248242893805605438503188101445471577597177319408369314864169
76676039383038144038945147730826159475507009248731790788377477504050552378152536
63685754323801930000176406725596453874302094482102044252824993878120079291076113
89578539650901819242788133853405307171164692572509017147390198603066095167264308
65094742845539564630346104582433746508667503101437496899842198735672375399074791
30520282307700272396814151429685186168027871022018402694758586720292754316315092
70239708548165710407587308234981851428919728105806933481222727231893987869519939
62482358303205374802593929116036724182133825848334316672551540306362386135166168
64518555774206330908146475086567330841959065014562463652287743087104653940799249
24880927601381924159659168957008105345908567104381931412791060981762917519942822
50153919521359173944997959047609072889256524837171592200831909594519970980239257
88933381418529731188374345216436943025790729408594649744914658780582807266852573
46345498023306083414966795812748596509401528473772289360272911533807875507165365
97733144599360447755012187997438878850971998386442316033641329614934290744799007
19255111042260524070751176345036582661302284581550613616541682491598188895449154
95399344682342833248876068106986504725400377070501098893797677668789929280860989
28423489789128635039788327510697809179650966441583697718149626836882717204310447
48337493572570708887868711130300363041086143513594829315309515294732648062594321
59088257971271660948319389302433958689548758317623947033439639139982870158249086
33686960084742530668520397732325471991467389099334821593098038666451785686056629
99766490400385593228730042896578797610479570568175225407352248003973852445003102
83282232470366561222244914397024238903286892464821835935138053908510139196231645
53355624973236168355796491997913589170447452299875827250618395584936350325659290
10093368072155548144625513147370296517399522767587085647181270026174407222188182
69855611309601481632868134716678226388233974490924974441550205630643788323445940
07366558892431513476822047092244142491644459139816852671941082431058459001493883
88209107626615892114755094702680267847204658175395101044006143436013043785463702
79947409096373015881746973349790245196755287740390096282811783680606434162987830
56558342888088884381978839260639565147026475170269311225176515081486599664311597
57946715590156823753611968469813238910726751784233831561143724578014529118420712
01167402195351560043340393086193161619155483152769264688106358898303547596283611
14540451968771638315643977411367051435813179787049338317320885202024599287714561
99343387595648615210424750034834954186020708633095580666855711424758796570433512
40027761153985636603759726968018094879377672279692483102685550315315381712192329
71353158117693261583346696146441110593689909739065764384161119164618213351760684
87429413482877728429629534690283160097300311020635761490748616958948960739689872
35781834866216145455335972935646973261733199093796006479075536890540062956524492
34185517331900827715692484749155448796634991888726789034984498041694722988066872
74623734772407392190934189712952494378979895091104111339681192934075974385396441
34715793233919992567099991396836340714626178609206748443275877977183856402938626
87442844597098697487383365485075360927486261468021647239971365969667719213918350
76753190923146050542347638693953757311236794773313771077419055985019895872951287
02498268936903211094175000208980018337442716122809474064906694446256306368064760
28162543372235190625089556584556759586456003618165445313817600177357704560437255
13039648930101432376519462376951929721346140468659818950756470254920475395810231
79260700112068335208522149062943336486557609278349487275901392980629943229280933
16030847823014625493952510504782043419509340552957927374872257936975397160625918
33429900448819777274701514188049283333424601938536184148488636527140380402000191
50576032242668621860086389846218316239644832546175523003109127680658171177527118
70211469281565227800257545080322649062507486624046444400937297437358288575000584
62703800913563339718325159037298966008755259141461537749879816380389481898424761
19514704807855111602776974626437625137155990769745856453420854219974406941135569
64512066630002835318760657254304071263670965118142168860013013800724407099598639
38483828140086128646416667911281078412576753505421417878783362371103727950194377
65645900453714537498221554360307912379313409869057308898559268259514652508335179
84979512378757793070015510029712619930518822456595098320186231541529834466206067
30690844122424573137156542617840544584007466222948088199815131999439078438526324
28295317806714877939826452961905549298411057979817740814914994538489221338563640
60604648012785449215763378646243298990639368984475586001295472477143356203910312
36690800671347487459659208212300274006369719917715814784658563325914941959999261
87563169601625992539569200252537772573060174955315311994407283442168627977674251
39789415070084967258809998233822067721375914293578787248287563370693185958640513
36869612636791989187326457978783798890612638287093663634361661240673468226131034
01192174564320691915707808915778750761300510378122170786089295423928929304355650
01910080225754272229913125257063418351548371445389608517078293423263497811324195
75868296821187450617181114296142131719659673855431155319208425011051119404695389
02107076739968922848661338965418343006166391856742050401067738018524824974985870
78736117235123931093152904793379260952945554504106224780186193666111897430712147
02185430882490998227110369726781343501715197409382657322700848429527857903974715
73135151732700233503761203664491890967395685618935423910262805264541423559408350
84763220955256713166344627860616545939703676057557252132043425827782664572617835
02657404709379515442999368977754441937027828423381919497025131685414196460633381
24225527787849874378171715374786922779656468672061578098669732850488432620692475
58301395311198766578226382261856890775042589352366929224008647899413170277849707
11770517455204184980007549230379568394633492538453258020572909210931178993194193
65691298424277074614798502058274950004321285520132107147953754065230510745900206
51021478263309743037002505117293881898420678506552358860551483080151759386837724
91608028942255731343543191149847898842646815495089054309074012887775897183883166
96365738386497677611048952681131226919216722016616383091322027002072948288192307
46048130001047797992058691010178536089970178775795008291615956221533753334999705
51665107321015344842603407730951047556183439770952383770846700856063371548845459
17433374129481114748417626373994155306741509195703802012924784558467738727651937
20886023267608482387733688552920408074223837498494431938561062559990570308466004
55990411742384512226311889632515409302391804168516941536452585675005221539369357
68769042809694316989607802916992986440346318426861877093676711762051222386323990
22589652662818063750017308357273271991779319988238601455023073919632986975510950
52778628717330717518670816783244043576678897379361736653334393113317541855854611
53006154444481353719772792609503622222013448365753680285416954819466031117198454
21585918294290870119768260545859365600252237158387828033274580039951037704259721
37181965890251845051227016754691351586212183667786634554857024177763338550378370
02390476237843864986272545576114700390754639915590568903813428923343392906675793
42463635612851379026717155542968015639603423666158393695879467883819339761095711
20185423122516685112153284554501182883017048771948968821871867702588583694932221
46697237349701574075835362443268548208841130231747050422870001204853914926170220
60116953703650279152913245688362568207323024582809592134006162960519531992208788
02841643239531971572301111924767744940331133231101715002040119261336719755015607
57913131042091593432815339767092065119271381600937281454317507478117325489822098
44424299536052888459155459236444161363600243554409616240820168129460062244221789
49611965442805618434673486810696764061631983430399827706101027065523221542731115
85108710986977776572829096690139960866416278110509648561540310105439002070179136
79502533089801604687284025490270038085073027299322732554005139772832598668572773
02110378964001281141410276948183711785495625202384936723423981891827649395018144
79563495401319840998388486879180837007876319454934404162772006164279755842688876
33047389518819057572189642940804306876362801982048613314063064922055808509606038
67538541821968606848683528615455873761301154951291309183575547493120186790022563
94532488235439959547166542248461363886681331881276909463853658947318621519817669
29056193701820831364444890988461334742506572342913302240083944538075209814304768
49156445451195885695855802694066294346100358950822756891320581812618871125421658
99413994759415564230671787113872796264380169823131492595634297607781013528306899
07390723321741445628861369743853640080407305610252042218227214472058485562177993
90800972415860075825305614704486057029453462108061863336683525208145162033890467
19339497551815935846671207433898090157357169140463748959686459041635820727790572
60102130737426280680695623210573384304712121560467542240324210804519795193014991
13811148472332969457884102488950176924756187281942941889170498847424605172688409
15623483609760686492587842871326431888196750115877381891208065643531411224453629
89831615056657027426172539211292241109532591252649053164313880592260333991817124
43902135791592586135976523153969902071842485916557344502580704962978313276343441
68594074914198729880714486946494835645035806147236877439366471418033601475972476
67413944790758302875762355777982749691670950631087286349403108711181186083530321
92042584657965930085980453684554624305786342072560070295306423940215395609281998
29504318665581109569512095160311367280296040464083459158739033967849665894599545
20375299740631810147877449914587818944224793945888682674773642834077588185931704
44956026219144189675488091605265272018222034320940879374511591431314841473151300
14962102238101719445952329035911848190949252175292625155346435929634621834516167
61334552367453678241950772265033885354888993009228160181868244406359024688243228
78351536228079430356479922323002048099263381289804213378383447797139088854115376
66908927293167638102883862265540847036363551911128761513313369925098731211355653
41260256453592567565076611201800620719323040186580476166298694503243994495105752
54179600279821318326692777102520422241323294722611599753764883341497902551622320
48698498287622210552798114195758140638587728938534630698496357535066267118394929
98136704364243823061594017070707491294574498279906586879853408960413166434323980
53328594358353816153283195000241942502719485663187551511943308263275683084900417
91088027862588218484013887563877443487350679200208750164139597191012093771420506
27388639419722884095658324717437060042609627276476441664694161723282527735745420
41593788203196077005801199499504633503428632116020771879000823461251565119889744
58744660984779219505242818051197715796328130507946388199493087145258635156257864
87459535541956910809154661147975717959275808935442220671882990484023871388295424
13771920304425141768325859037914650442264131066990781507530747985124482681082982
15707152559347710191423965185179816954690197105909375838525726271770906965897017
96563336147173007101631317022586717646459367713581644999075647951791537366695580
58579011984556036735571008731474854734059781914540362018173772985427433542221968
88953060479024488334263359940018709324094160487112445615877587993256161829597708
94169862197869290753604668134200705572677135146741118806265089304982063554570021
70898810295023677729498543092840519922151253550569610798802184994324324057320548
12179655070171639591194286145458716398683517575361426800082812593574167828134321
31469184857783170248328321845046836965097353319840907677485737301383637536349437
51003733785791128360633906712071755110392858052988131851444009294320528252735335
56507418533988280471382012171119287708259816224335414527650755897916126304724890
50291946449096087951997149428083169561027323731054315298046646878297803670432589
37535325553819224708941185269947174470330119959105211290299544999734368220582967
80466982156881569369350119240039930422331509898068936700915877188215735385579923
86873479150725885819508527342645271970347972223111922441331780606677107447122821
23087094646328845628006733451874619066283480140888000901331138496908741868228699
80330056087757963457727645309021321383385162543348591492943130345247443912268784
45417634680626406396810356019293033566137880911905574877037221358840316594054426
03027284784104663518541703954427010179264332228178069132663865008358319050076279
60465061369003719684522989019260991700692830699925104012664942640866011236051140
38550679154753941000114754597864760256764930817050215077711837297257577622793569
29372017548270373922544361231657586110768501765267495637228246401855459703084126
69638273315352280708446186404946572090608862325127170167537490298350006180139413
91539215545187894699979014400467229460191593952681120037950811182002109820935305
69940612728087275309692868768089336866934389915825479971647188040449203943618906
65826718750345319511544262178616893090091025844141372743662509419836027559955966
05209096278451077651464808232118451907367554738877210891422437595949899274029086
62346176930839859756064247507970473620187162103242672458746287463104576809428062
23281904737667197696970156943969723838000540794678995855694474349472669480685540
75188935862930317205429189062024980926736522868294577014888896683286474963607734
14595496856295179026276044081856459277250038650842902492097035530028342806941784
89957060139998027600944301599835325310121469976038656279000262725229376911195331
04927459665940906020514228710622659393627432693485071787868897133992801967411695
79817794676378893660307769218427855675449834481431538301630586669478718433461209
60356409048409191219543847788303736841424742195167244798451326772114242378114345
63065698948594414597873704021990031399309762981473898214376094743639143140985498
85790094684387955640055670831146839257418495808500772970560285639528517890172096
43432205269305082686058784531162395553124685410708726417848073728363140195236224
97398758080941620011972840523963363216303367437051089260727456120341704440622484
56664036070905934986243000781677582757141379597346086057933127037838281930044928
80418010249629506097873477985504962179409697996630090820544542896898596916579541
08889273465745754870687609445834413423165961685862856690422338783931387537736010
49795503778862266976043464282827496334725062662212415497292969477377475840454350
51614367314956018730847661121444953634443473866083928921560044551833435452741931
32049490067659181158232201500281700343809649743707034301641985828803450997318504
40587052830695403439095621882478124658223141547807276256176136312397425189197233
44856943535733054257827416560808045873643750415101540035064421552986544834895259
44978026231196204332873849549835981590626691611978742178482641361099799611304370
04458141507033893269517407805171437930245536869925707659846325877720341279835375
39440610577194231973976355541103830999407789724349287474642504589638328200679507
04370970476616639627411888773974921126018080319444546986469015958919193964935865
02326135164434223353922051318230989384007156380362036890458233586085889691513376
03136106612060145972247351994597602702758933520794139049330656576380611287966684
06694876114006564956430980927733081355872273826162670348337369184784776358546083
40311726362747719123907693920646190466748207087371605712772121124569235212870291
90502299250166109125487013607775194782687960149205654742453799285905089805625915
77202545004630825801351656922433018920871510106597997188204935795721873462830972
43011370775210784734302461782989281537076027090284269210046221242372337379307843
62938527597604046827933873878352119636020410896249911379022252772881128976633477
89622091836051908491276365202431845469525389503474902270743942005620469779364747
51173509194945512657126444120139916501176587086843054739513192105874541918030462
32506166490169206768593109511300914720305641401632303466148331980265739324158961
01376365171676040203015891511682277635557464173900994992679509158120838957084820
03039931811831719594196335241232363549368818708998628794377558724688213337354160
79761442036200086166927101359002492690152239917217382567188124439192615894066492
68074320756501615373536189470290940427362788192677093389709370115182452970815166
89757468204591457253607666534118466717318908641324569855492562836170984128261448
52658266648393312805315284310539482568037838429913689720039812600433863169293849
20767308708772985635301130582255235582822819502855798091281827367351705334104816
78856231107884036982527652033662430604749841956945429885402754866763485564046096
89810444700081652615168204577919524080066350292138047380940426877798500142338142
68768581520402877950847544006262007153384447925121844515714386944087211963905165
52311045053644492724389296809413758651930883550967545010152716569001776337564277
31913897794256129172740081574889862652085571218318803158582147324649680207504107
07419154755418862656101322020758670623727826814102890603862005852090417618367397
20311980905955332807003340737796017936494054866062915437193438282602276551934371
94465094392540012998048331712722704567918331452781513492689849873378337427222373
87524856642186992671153120281649757635025935728459174907060830782833456522418729
74877843746085329416942121138728409901489774425331914317038667189535086801252037
03076762103721661515558462327634911565989275948190253420466908844405161281851031
71236388811889146115741879997610931370343044822194661066623727353225922119504653
79735995682727606063371696100181456920997839757091266623753565620252802505186372
21177790465487783544129130041593398226672332062110921412168439718318753437039729
27987444648834035785462678779616303738194674583265192167281100522539308408838787
45840453001470071702973442562031697820083826632145269404208475805379321309226409
92526273205995580062950851332877784358984546062219877925734126305827993852106812
19140224474025327093949140974121349193875829358096642486112040709184894038619805
97353634193846852863817859859569326164216767108082167731483395621057655108561672
88784950826850564051423408306211538529070936498056768838693981710842807785938768
02143579697231390223237929755191011863228973225890614276874469947406081842516745
39209705475670782761346454778334970997347000979940440382499709106620862374786805
25244761770573291397086518000180654868943371319340845487505609374350703964972880
64731538987029775724941989498222571870270060172105598829781152060000355484987644
22570397360581505757461659600424243464581563266885818886520729825901457847166619
60056144045685748417570297567380227312241121122299482902105465435206453843434405
45574654317215432102228467600318323973121878920141881674857087118345370260278292
48458634843796646842136966486458257621190712575359358269743752522953280311748220
75803689511141583526613933516293244770090599517619374022013590508367063258853216
73576320482792089409222748855783932001808616078069722601580488459620115779066349
42592036126797081284172783196535485329100570041130449755859229824263369964372003
16844766550114718129441839958256761739541320784734364341449962993219686043297182
61617139663311002056680498764273849385549185001833351420937000118510308579885255
57573890671431649224488950345759385853493080764160369503740900981054055259903457
66477227733445167906471798824463137382444899341382173133383982871399991939248682
47916719443093604765795647731733566794875357215326404960114691751497036343532658
52475831513048570534129358920165154226938224406283451830655922222560379777877912
77776930328159143964167913751402108481907120785598231753708519847661739320921966
20115012708522733551149778903044062492331818591389255144970118039760306451324806
14431763814574682435545679133405703469748865407831588685333770402825867503946324
79568228447858623570682570473836337446326991947021399223278296437247590190854738
76027801131967555717061218656131049785658576967324395463442022391003737675275140
57668006783450890834697931446683400782861295902717762866528662834439146541039762
21388984023689853818002272689722587501728813792866241992869552200206477136807655
90431487888531337197370734903675770882795002769770769209840637069849656736725319
80324519498840952042769851069757679336453574905155455721829594020030808551654990
54242537924251535576122449106765893621018546129148466651921064728983938673232497
69516930159503016958708224349368238662861783264020752817220052164790675399802546
54595736565955520478052350725635067122491166081172034742424930682289251502720550
40076852289317072573191190075896646465916511941700889786065714091542131209014893
41648477704808754250613608835746950196447409351151344846173913578634053244843085
91412397893963094908908190412642961002539276701627124297896319299091501453377974
68482281797690474489984544399459495273563692694586577939648173848526466935427164
05294295516528840682921766513923560044802802889986854077278193256331825168210199
