
Bernoulli(466)
4136648679872229562442093558045531320107373116198739375526177730135140763670232
5631217616083506266189233056805077449290083376427223288227312894953733649016874
4752502048943049241434525025420643944559491826884487174091266835019079457750298
3082697316438828425796246832366892982886259570159340208520651863331205378192995
4151099271123274959037034266094718614366143474374064568380118366384099435819855
1336011498396150912151423938206307866725487635171065947029616755552973030152102
7447954953319472969382432878147905162439682037400943239063008079979452635802499
6704492209548832405985586830432333916222408773176783888913318463868238477758427
2685488996638922752221799803151101166568141/2802

Bernoulli(468)
-103110784171582925834346391191203069803301152693724835574305668967469760272354
0112990172956648590063031143260600724004347065027947507100488450593390705595096
5373842725501345625808090366893466647209730193061076367422321655032236938841399
8637420436998154407765681116398814947925836989520074635968480325415440112462267
8491322587940166253688363451761279210145812935556959005617096357884154904315169
2170405579892517520980162628979902260722259369702927489002804694624192390688298
0284981461652527394716025666245831224350761218448158637269371222673295557114874
6164223940290646509705984881548422992991644255618458312931517172972824955609103
863870050004830358982153156128215328921678827090764016307/1261596819210

Bernoulli(470)
3011885126705744099735220397317997743322842379662843867012457485654061644286810
3612892606305609585553217399146247779968142926089803761775862298594171097623557
7943559100259786932475830383970536995316845412258295246742979426181833225367398
4918102952100782336118255472443856297257089019955087665571908516127054317464566
5051089562633497681014156041667262494528595374215749717417206823972420875437721
8814505115022247180573164262593883452362474468782982223281207823275802362572430
2108120172513003497714806811134898306966381368429268836646187082876884300797132
5806055897809608499529562532396533145936513595774335030322579176864394330587960
2716567061428469743627314569410061103860282955485/66

Bernoulli(472)
-770937004570847542710916650565931789612450235859854061364164699012203056638918
0551352598954161072734269487975002328972038530717903938851164651713938759766736
9338500087933719821355644779439843478235265473856312202262464296786457145438381
4267648876048449590603480115693689162580755992686116534563663816203506520969500
9547413536830816918711708415728539326844570191907274525793882695187610700660122
2563790676659880888913476690687085717049106972752285498760411014020216570102805
6317715546755482888281141979064206161119893213557441124682697844058662867837317
7185680746326721394047758506738013675034501343416287376275080582753310313552468
75710092188894581462212753275513865164976897399277601/30

Bernoulli(474)
6129522921698903924225094098894493975355342495202583967070268649960491527425425
5462861289946523597477956145767293009011932884683640983519214258986058659907377
3776319685962393963038203188490802762813787704449077187462862978005733804889649
2947577968007519815003168246395643465584343043193237880881635998419368585273823
5747208374962552826014969970888031263055752548142072394811248193107776018517800
0800453453098222545233027736231153217461521968565187309136079630980890093898079
9843045197724124205459703692404692815206856959614667498156439854860378606039596
5855294386897778856288621621870086311924214503070716805857287280725725809477802
39520470275779631590328798136283209653623721740978652009/42

Bernoulli(476)
-173794233423007364057178441776478220477329295247992746246194028033098955394598
4348636886152199162143243010230010933578937463300839037442049911666508120618414
2374648758717528679082279957824121275749931210032364789980185681658781469425053
5160608651214203178715194330829602196319299830498255481024809653516681647938371
0696420569894532384921948994645341945759842592117787774747268259072763426796079
4359502992576497468612049383075085881514411101815663974886306567994459430027969
0320295481014774768770077734050367942856894507914571711299927762683035011101547
0810821134638401504398784405050620959078178604522534346004850435218329820392171
92780017205043143542812887267054217968944656636429743815938366731/207930

Bernoulli(478)
1387367483292374517063654749340797477881203178716248439692220358424509936387526
6410392579249977654901546226138255725682890165166445534326211967788770965050606
3356203296293922665090066676360603460808284039809008707284728447012008490510310
3272111038389699299396060072044726417701137948969692201263923405494504649351583
0646916075528778995875263891724422324224871104321292779816866047869594198817075
5018313199077763545432669245662313406177262102697135053362285890026493828211528
7676988679623762506493993159708789822638766050729913938525211236824133786598207
9462586705656758449262979906152409703115811425535504703782935179149721682887228
861005266932595149810184020272544138033841220106232249961984874041/2874

Bernoulli(480)
-260129842310829381223212057111061370257368363088110994209783210171469302730056
7121821380151299515023304901022332580838720776065231218588448904020475438113042
5223206104908949348483694397053700779323806598166397483624967026385155584314813
0892752008729859310855439288221646643681561112498182857066985828168478603167682
5138556835591137678941990682036032292027027272773255486679710531752375956849573
6021299387762599572352567156747373223964524139683333489545030164669822955224449
9697722650553743131588264830730586178995509297151040438483800983965834980898784
6822301925823929598331255358662270651496267954832650070717848422731002701987754
8445744372693423428185302230083093969160616600533454208539007576331211435405256
579/925269860885370

Bernoulli(482)
9906161180044052095473367568037412966432219873823219317218228209002990972102223
1733600183110293923649039576776938358945074353831757390648015783191038839902600
9549363482047723522295682385225255084608513720106406633464966275709378145660935
3029805574990778746648875041481145224602577882044867836997275005081386896410800
3891631329173051875106329240411914098876862415188796755770925532742258110442928
3482510069570158085040668138860662778558327704232203358594262804010229103345601
4629903761492496522995402601774926902194612571670206092702111736370165023657243
3652933312502154232256154248655323449087294932433573803461168059147071037610405
3043734142034650737431499785882884589522913671849942865299633710178111/6

Bernoulli(484)
-674583921974243806727583626605726893305001263343470277847644141353711283719144
7483962146434648155277200511766368378306412027150319125585457512722659634591588
3267871177757443672510988304868805437789240803024768655639895225247137834202574
1011438575099484896341336771053946168596117603779433009583486087778261092733102
0953625752949148152577232994135529874289306254413499764831820635657933844082664
6538047452952053482611495404763075487866804073584961078870988082054198925090633
4800119386014176221640220454426941644202670624599594997416757514254570930031264
8630929528035319738608799300328990293425781248543253851995627651215261032135883
59312368828453688417972133504757523704888418645741605357575301183566273541023/
690

Bernoulli(486)
3697639975773048985277920560920787846330645798502150899067189279539754085328194
0720455857759498414608962062399802205104381380251284056938785657452803895167902
8036813020229062675066916989178254799161955591299056486170972788431152654760791
7667911905994660612801426727405857016369478975343612604515822597586918680048758
6427779098365437507305616305362781380454564061816924172919267953096404228065257
4338325670662894789508966565337142721844903092886592945025900894162911247219665
5777452210334244501588247795694151577928607573139031438597654499173262539636059
3826877738966926934954445193242277433089353131613199350996973875770143586999370
9233337662014445697606454995935095546520785205839498933104702647973917548450654
482159/63346038

Bernoulli(488)
-105418168738140963813161691085391135445598065791378169261647085514530537644216
7447677966359041858772154880528891461759759408670524036867330393458847554077805
0221133715515127613013536686418819433156406738624119864020847059082718330372484
4114855975820337364967929014816200930710408571386143740702777024908466506956642
4802818695978402723455508336525572007924797995088668996393412803006736971627889
5226180485362879082526221980577215262396385617524132279613757092621411332044486
1656778041462526293528399834675644295821446366341841913631981518139996323077704
7415998079220041299699187067412714951204651656933821520847527577289722382000754
0638044339880428153723968600215159459367880594154570049177779556101898534322340
56001/30

Bernoulli(490)
4907080603457181684829495510650082969763523418121568509124607547937732285987430
2116378969789533984850804756319861329797089577127242308445158676241154243368988
4882582217920150615320261296412657655420294950882472519077107436411891314989684
2728274051434536646762999012824277462140027760164292899927345969416470267945428
6261018068281386975343846241380230231828892193554265441227110107550230930699645
9972517715826132089736597584320511669263794701105417099176436055541622722611853
6654794299292433822757851367607881184774443707813566167391677581922415077160058
7166297199227803718635017327129106772267303882908387852147477304410878976249172
6385320922397469619970046438378452390321367551511627206765616414040686450916033
159995734945/2300826

Bernoulli(492)
-295710682036368660462889828594612232955924955002201524705248520206592222985898
2084685644090246435526633192173012792794565995151677276251506064500189183973658
6682662551000383780776223472190722926893972826075320957895148583235837966175332
0905096937054954098245328282838820612002927999827875337943367582502020545668956
5011134110012795554020790553928876484323963572703870667305141185935465614396039
1977874255951201590147514647612314156424329132790942850522708114929089738480080
9797729594081307795911125761034063373560371910341119307145118793762233074626775
9089146576218753118272733193541604894250099756555502422759761995511863619275251
1984670039590742279929660651924836984103042578319856732472490503675332043765960
5858401058641353/226590

Bernoulli(494)
4830495205607002498581775678823997890868243835534065679182295006259079635524124
6689448963611728938505601369463215719576289607035969877364225474402150107267021
0334726176330024986667395407197260672089084008686294716524294580787684846264392
8388447951728097824719285939940087829691480554892958605495205455094169004672638
7385343252474507896205536559285343999286125673465838911018803676968634234058996
1430764533190073583476950977696482241431914136512209884110123657419726451364709
0524074777622522360170149870410314036265986575605852403670527318084960001720342
2636276522059566343973347678362590339657974928808786150211385800610012387411013
1952296752950967858334783924239580399180961944584033318498429180899446799879356
90252652536647/6

Bernoulli(496)
-255351092222416989726941731939735187747162421782658772342790781542183062881904
5357439134534960702034770110438930608272764066224932899475215437297342236199909
2715922759633521270378541507790769763357456276378726595626459724623679603915577
6439477004721066735935831184369600628941664023128671903765929314804640228022409
6743628693000309850908613178155380833593357527288836140271510778811315428799638
5861486207257531899222760762747086758473894396360217594584387656887231071811145
6439601116284582327752535259838179074964076003571829197441625238137121954361357
0303881661694750473664046507362493822028234556663180814081396903739657957886366
3701714202683178828730441933582773514024218332915875259194767588507001149870106
803558286434937883617/510

Bernoulli(498)
1098651228481515846116735605942901657544418942763685605483819128454976385464899
4347372423672409523850674447490083656425680636705797284096734617512729245491252
8560279504541320374184423042635861675985398329422741182189709234833344612099575
6339616373490620446536298890167517709746328742870299157366295356390032576984786
4365537897359501975787536147114116710450549143054252935395197859759132921884584
3547284003410332653298426772099783819705741178585242260541458732945989862623831
4431604983174665957920693815755227736013545929781603072985638923688324355299338
7913684722391590912631122304523624003144327527666406870840003082298063551722101
8152497164494285989399694041087509194064920210610906678866380762788743370112481
7799811432100659519242101309/3499986
