879776918766301016124570307980590326013349738521794732832066618065314004160020257633
914 46261337654189278461738489905283798401460657942735691220251204295612977827781284105942684707814466862116971
667918414430629619423356698884656763643977817953320263068089323298385677440233004577
915 74852416689513581914218640394029625042908640701722712256659178051380608581260960849559158401536613423078878
547695333196930635547927006865247089657327556475114995900155941363699681600253262210
916 12111375434370286037595713029931342344436929864445840347691038234699358640904224495550184310935108028519585
0215613747627560254971283705749903853301305374428435258968245264662085359040486266787
917 19596617103321644229017577069334304848727793934618111573356956039837419499030320580506100151088769370827472
8763309080824490890519210712615150942958632930903550254868401206025785040640739528997
918 31707992537691930266613290099265647193164723799063951921047994274536778139934545076056284462023877399347057
8978922828452051145490494418365054796259938305331985513836646470687870399681225795784
919 51304609641013574495630867168599952041892517733682063494404950314374197638964865656562384613112646770174530
7742231909276542036009705130980205739218571236235535768705047676713655440321965324781
920 83012602178705504762244157267865599235057241532746015415452944588910975778899410732618669075136524169521588
6721154737728593181500199549345260535478509541567521282541694147401525840003191120565
921 13431721181971907925787502443646555127694975926642807890985789490328517341786427638918105368824917093969611
94463386647005135217509904680325466274697080777803057051246741824115181280325156445346
922 21732981399842458402011918170433115051200700079917409432531083949219614919676368712179972276338569510921770
81184541384733728399010104229670726810175590319370578333788435971516707120328347565911
923 35164702581814366327799420614079670178895676006560217323516873439548132261462796351098077645163486604891382
75647928031738863616520008909996193084872671097173635385035177795631888400653504011257
924 56897683981656824729811338784512785230096376086477626756047957388767747181139165063278049921502056115813153
56832469416472592015530113139666919895048261416544213718823613767148595520981851577168
925 92062386563471191057610759398592455408992052093037844079564830828315879442601961414376127566665542720704536
32480397448211455632050122049663112979920932513717849103858791562780483921635355588425
926 14896007054512801578742209818310524063908842817951547083561278821708362662374112647765417748816759883651768
989312866864684047647580235189330032874969193930262062822682405329929079442617207165593
927 24102245710859920684503285758169769604808048027255331491517761904539950606634308789203030505483314155722222
621793264312895503279630357238993145854890126443979911926541196892709563364252562754018
928 38998252765372722263245495576480293668716890845206878575079040726248313269008421436968448254300074039373991
611106131177579550927210592428323178729859320374241974749223602222638642806869769919611
929 63100498476232642947748781334650063273524938872462210066596802630788263875642730226171478759783388195096214
232899395490475054206840949667316324584749446818221886675764799115348206171122332673629
930 10209875124160536521099427691113035694224182971766908864167584335703657714465115166313992701408346223447020
5844005526668054605134051542095639503314608767192463861424988401337986848977992102593240
931 16519924971783800815874305824578042021576676859013129870827264598782484102029388188931140577386685042956642
0076904922158529659340892491762955827899358214010685748100753200453335055149114435266869
932 26729800095944337336973733515691077715800859830780038734994848934486141816494503355245133278795031266403662
5920910448826584264474944033858595331213966981203149609525741601791321904127106537860109
933 43249725067728138152848039340269119737377536689793168605822113533268625918523891544176273856181716309360304
5997815370985113923815836525621551159113325195213835357626494802244656959276220973126978
934 69979525163672475489821772855960197453178396520573207340816962467754767735018394899421407134976747575763967
1918725819811698188290780559480146490327292176416984967152236404035978863403327510987087
935 11322925023140061364266981219622931719055593321036637594663907600102339365354228644359768099115846388512427
17916541190796812112106617085101697649440617371630820324778731206280635822679548484114065
936 18320877539507308913249158505218951464373432973093958328745603846877816138856068134301908812613521146088823
89835267010608510300397397644581844139767909548047805291930967610316614686082875995101152
937 29643802562647370277516139724841883183429026294130595923409511446980155504210296778661676911729367534601251
07751808201405322412504014729683541789208526919678625616709698816597250508762424479215217
938 47964680102154679190765298230060834647802459267224554252155115293857971643066364912963585724342888680690074
97587075212013832712901412374265385928976436467726430908640666426913865194845300474316369
939 77608482664802049468281437954902717831231485561355150175564626740838127147276661691625262636072256215291326
05338883413419155125405427103948927718184963387405056525350365243511115703607724953531586
940 12557316276695672865904673618496355247903394482857970442771974203469609879034302660458884836041514489598140
102925958625432987838306839478214313647161399855131487433991031670424980898453025427847955
941 20318164543175877812732817413986627031026543038993485460328436877553422593761968829621411099648740111127272
708264842038852142963712266582163241365346363242536543959341396913936096602060750381379541
942 32875480819871550678637491032482982278929937521851455903100411081023032472796271490080295935690254600725412
811190800664285130802019106060377555012507763097668031393332428584361077500513775809227496
943 53193645363047428491370308446469609309956480560844941363428847958576455066558240319701707035338994711852685
519455642703137273765731372642540796377854126340204575352673825498297174102574526190607037
944 86069126182918979170007799478952591588886418082696397266529259039599487539354511809782002971029249312578098
330646443367422404567750478702918351390361889437872606746006254082658251603088301999834533
945 13926277154596640766137810792542220089884289864354133862995810699817594260591275212948371000636824402443078
3850102086070559678333481851345459147768216015778077182098680079580955425705662828190441570
946 22533189772888538683138590740437479248772931672623773589648736603777543014526726393926571297739749333700888
2180748529437982082901232330048377499158577905215949788844686333663613677308751130190276103
947 36459466927485179449276401532979699338657221536977907452644547303595137275118001606874942298376573736143966
6030850615508541761234714181393836646926793920994026970943366413244569103014413958380717673
948 58992656700373718132414992273417178587430153209601681042293283907372680289644728000801513596116323069844854
8211599144946523844135946511442214146085371826209976759788052746908182780323165088570993776
949 95452123627858897581691393806396877926087374746579588494937831210967817564762729607676455894492896805988821
4242449760455065605370660692836050793012165747204003730731419160152751883337579046951711449
950 15444478032823261571410638607981405651351752795618126953723111511834049785440745760847796949060921987583367
62454048905401589449506607204278264939097537573413980490519471907060934663660744135522705225
951 24989690395609151329579777988621093443960490270276085803216894632930831541917018721615442538510211668182249
76696498665856655054877267897114315732109703320617984221250891067213686546998323182474416674
952 40434168428432412900990416596602499095312243065894212756940006144764881327357764482463239487571133655765617
39150547571258244504383875101392580671207240894031964711770362974274621210659067317997121899
953 65423858824041564230570194585223592539272733336170298560156900777695712869274783204078682026081345323947867
15847046237114899559261142998506896403316944214649948933021254041488307757657390500471538573
954 10585802725247397713156061118182609163458497640206451131709690692246059419663254768654192151365247897971348
454997593808373144063645018099899477074524185108681913644791617015762928968316457818468660472
955 17128188607651554136213080576704968417385770973823480987725380770015630706590733089062060353973382430366135
170844640045488043622906161098406373477841129323331862577812871057251236725973848318940199045
956 27713991332898951849369141694887577580844268614029932119435071462261690126253987857716252505338630328337483
625842233853861187686551179198305850552365314432013776222604488073014165694290306137408859517
957 44842179940550505985582222271592545998230039587853413107160452232277320832844720946778312859312012758703618
796686873899349231309457340296712224030206443755345638800417359130265402420264154456349058562
958 72556171273449457834951363966480123579074308201883345226595523694539010959098708804494565364650643087041102
422529107753210418996008519495018074582571758187359415023021847203279568114554460593757918079
959 11739835121399996382053358623807266957730434778973675833375597592681633179194342975127287822396265584574472
1219215981652559650305465859791730298612778201942705053823439206333544970534818615050106976641
960 18995452248744942165548495020455279315637865599162010356035149962135534275104213855576744358861329893278582
3641745089405770069301474379286748373195349960130064468846461053536824538649373075643864894720
961 30735287370144938547601853644262546273368300378135686189410747554817167454298556830704032181257595477853054
4860961071058329719606940239078478671808128162072769522669900259870369509184191690693971871361
962 49730739618889880713150348664717825589006165977297696545445897516952701729402770686280776540118925371131636
8502706160464099788908414618365227045003478122202833991516361313407194047833564766337836766081
963 80466026989034819260752202308980371862374466355433382734856645071769869183701327516984808721376520848984691
3363667231522429508515354857443705716811606284275603514186261573277563557017756457031808637442
964 13019676660792469997390255097369819745138063233273107928030254258872257091310409820326558526149544622011632
81866373391986529297423769475808932761815084406478437505702622886684757604851321223369645403523
965 21066279359695951923465475328267856931375509868816446201515918766049244009680542572025039398287196706910101
95230040623508958805939124333252638478626690690754041019888884459962321161869077680401454040965
966 34085956020488421920855730425637676676513573102089554129546173024921501100990952392351597924436741328921734
77096414015495488103362893809061571240441775097232478525591507346647078766720398903771099444488
967 55152235380184373844321205753905533607889082970906000331062091790970745110671494964376637322723938035831836
72326454639004446909302018142314209719068465787986519545480391806609399928589476584172553485453
968 89238191400672795765176936179543210284402656072995554460608264815892246211662447356728235247160679364753571
49422868654499935012664911951375780959510240885218998071071899153256478695309875487943652929941
969 14439042678085716960949814193344874389229173904390155479167035660686299132233394232110487256988461740058540
821749323293504381921966930093689990678578706673205517616552290959865878623899352072116206415394
970 23362861818152996537467507811299195417669439511689710925227862142275523753399638967783310781704529676533897
971172191948004316934631842045065771638088947558424515687624190113122357319209227560059859345335
971 37801904496238713498417322004644069806898613416079866404394897802961822885633033199893798038692991416592438
792921515241508698856598772138755762316667654231630033304176481072988235943108579632176065760729
972 61164766314391710035884829815943265224568052927769577329622759945237346639032672167677108820397521093126336
764093707189513015791230614183821533954756601790054548991800671186110593262317807192235925106064
973 98966670810630423534302151820587335031466666343849443734017657748199169524665705367570906859090512509718775
557015222431021714647829386322577296271424256021684582295977152259098829205426386824411990866793
974 16013143712502213357018698163653060025603471927161902106364041769343651616369837753524801567948803360284511
2321108929620534730439060000506398830226180857811739131287777823445209422467744194016647915972857
975 25909810793565255710448913345711793528750138561546846479765807544163568568836408290281892253857854611256388
7878124152051556445086889386828976126497605113833423713583754975704308251673170580841059906839650
976 41922954506067469067467611509364853554353610488708748586129849313507220185206246043806693821806657971540900
0199233081672091175525949387335374956723785971645162844871532799149517674140914774857707822812507
977 67832765299632724777916524855076647083103749050255595065895656857670788754042654334088586075664512582797288
8077357233723647620612838774164351083221391085478586558455287774853825925814085355698767729652157
978 10975571980570019384538413636444150063745735953896434365202550617117800893924890037789527989747117055433818
88276590315395738796138788161499726039945177057123749403326820574003343599955000130556475552464664
979 17758848510533291862330066121951814772056110858921993871792116302884879769329155471198386597313568313713547
76353947549119386416751626935664077123166568142602335961782108348857169525769085486255243282116821
980 28734420491103311246868479758395964835801846812818428236994666920002680663254045508987914587060685369147366
64630537864515125212890415097163803163111745199726085365108928922860513125724085616811718834581485
981 46493269001636603109198545880347779607857957671740422108786783222887560432583200980186301184374253682860914
40984485413634511629642042032827880286278313342328421326891037271717682651493171103066962116698306
982 75227689492739914356067025638743744443659804484558850345781450142890241095837246489174215771434939052008281
05615023278149636842532457129991683449390058542054506691999966194578195777217256719878680951279791
983 12172095849437651746526557151909152405151776215629927245456823336577780152842044746936051695580919273486919
546599508691784148472174499162819563735668371884382928018891003466295878428710427822945643067978097
984 19694864798711643182133259715783526849517756664085812280034968350866804262425769395853473272724413178687747
652214531969933785314706956292811247185058430426437434710890969660874074205927684542824324019257888
985 31866960648149294928659816867692679254669532879715739525491791687444584415267814142789524968305332452174667
198814040661717933786881455455630810920726802310820362729781973127169952634638112365769967087235985
986 51561825446860938110793076583476206104187289543801551805526760038311388677693583538642998241029745630862414
851028572631651719101588411748442058105785232737257797440672942788044026840565796908594291106493873
987 83428786095010233039452893451168885358856822423517291331018551725755973092961397681432523209335078083037082
049842613293369652888469867204072869026512035048078160170454915915213979475203909274364258193729858
988 13499061154187117115024597003464509146304411196731884313654531176406736177065498122007552145036482371389949
6900871185925021371990058278952514927132297267785335957611127858703258006315769706182958549300223731
989 21841939763688140418969886348581397682190093439083613446756386348982333486361637890150804465969990179693657
8950713799218391024878528146156587796158809302833414117781582774618471985790973615457322807493953589
990 35341000917875257533994483352045906828494504635815497760410917525389069663427136012158356611006472551083607
5851584985143412396868586425109102723291106570618750075392710633321729992106743321640281356794177320
991 57182940681563397952964369700627304510684598074899111207167303874371403149788773902309161076976462730777265
4802298784361803421747114571265690519449915873452164193174293407940201977897716937097604164288130909
992 92523941599438655486958853052673211339179102710714608967578221399760472813215909914467517687982935281860873
0653883769505215818615700996374793242741022444070914268567004041261931970004460258737885521082308229
993 14970688228100205343992322275330051584986370078561372017474552527413187596300468381677667876495939801263813
85456182553867019240362815567640483762190938317523078461741297449202133947902177195835489685370439138
994 24223082388044070892688207580597372718904280349632832914232374667389234877622059373124419645294233329449901
16110066323372235058978516564015277004931960761593992730308301490464065917906637454573375206452747367
995 39193770616144276236680529855927424303890650428194204931706927194802422473922527754802087521790173130713715
01566248877239254299341332131655760767122899079117071192049598939666199865808814650408864891823186505
996 63416853004188347129368737436524797022794930777827037845939301862191657351544587127926507167084406460163616
17676315200611489358319848695671037772054859840711063922357900430130265783715452104982240098275933872
997 10261062362033262336604926729245222132668558120602124277764622905699407982546711488272859468887457959087733
119242564077850743657661180827326798539177758919828135114407499369796465649524266755391104990099120377
998 16602747662452097049541800472897701834948051198384828062358553091918573717701170201065510185595898605104094
736918879278462233015981029522997836311232618760539199036765399799926731433239718860373345088375054249
999 26863810024485359386146727202142923967616609318986952340123175997617981700247881689338369654483356564191827
856161443356312976673642210350324634850410377680367334151172899169723197082763985615764450078474174626
1000 4346655768693745643568852767504062580256466051737178040248172908953655541794905189040387984007925516929592
2593080322634775209689623239873322471161642996440906533187938298969649928516003704476137795166849228875
1001 7033036771142281582183525487718354977018126983635873274260490508715453711819693357974224949456261173348775
0449241765991088186363265450223647106012053374121273867339111198139373125598767690091902245245323403501



