2710841598845556239257591756595259425405485860994585540695426585743488633244001
6703822888962633428460935038327743290154835041518609699218298265568561362058597
3072314285410906417845954490051638551562226736292292910623712132417084236777384
4328989969471322267646683340987866318438491189729117304083570114481314435321951
1844664092625172479584713825599093831763484914567674776433595135440295919070928
3721650783751593241833661890494090476223677179751764404149568181092921498116492
0800077507111931651526806967514851334156472705629016311537652740881504053781756
2412615906724556553930274180556231380265980440770269025740452374023298018872401
4366673015395328501670841860476353517674436000346557523357055527934390465292611
5534353817653645622278587643495828300882729125061848408532154743764676202894221
2112613656335273387818672303678456227588056425438006941083593485510235381697466
5054479371462179777247331867129148118083589865196216210126218759884383412684659
8924161551606304920441698803707285663629877924987417052208301818189981363526468
3565

Euler(654)
-102023666451584465645575399389703573960809498589166595111846526839181259312277
4623029258839928201700423246677968651548960685886033713103772007698467007127807
8536761890672128060928669419868927661179903362087782168369595545311459393088697
4897477974580839990834520554816987074836391273327407176811016821728344973977389
3438252546255305478646310950509789836428065295033539243920434572223657848739196
0046215988201137677117335390146464228715867272755127197364004048943492203260811
8143518524051500540218036066652953828180154132433166451760581375200710517871096
2887050707895415844703656069168557610410386939167211401630153898100332089327537
3048743125165867966734242426523376659077702832518928736000813018024855078080353
7558678854994872222080461890625775140236606610503608852666749963910002790325670
0623914132347012833502498957541282978105743982284021086307626450023265563926329
4251976886654283487388717061409519438609365539044063052956061555324620622717120
6099311092507447746031956743369327263610017232824442003257403161622983353795775
7402152884553795983331893338206613464373752229952471791862262675853611287423701
3366271894785140950755350683043310166398543973127519631575274251383654531571210
7064736195530656610403675150725415838264979955797215246317923308625152624472944
5274513197843965914844096610538670234368873371846817405912661661745556624096305
2006018026395521022538056704173366866110369063123860245457537212500305586265358
42315914581

Euler(656)
1776668130531280112770631674942644413356046950231983284774610727828547737502069
9142263281968850532006064684220856916067770425098285897285115723783024189851224
2235319340936412785079446916150015425445819757919527398605296347919389283779700
5674607121174607284637379659885534635650008415583232688841186752528672924629799
2124746082253492215287401606184765129115729301281462181374807807965328909732677
3204801770121153328123827638594949349872487647474842912378219139896878382932028
0887567695918194871588563089303079756100387286132144746239356581126846316443952
1094265634948149081501049538232499144745670293721754435885538843805139674435935
0986178344516540393041550309520664377183517286363374437651134468046213921315655
1808182688800863410980504459922357376265423103411051309148014265566101596818262
7977070141881548910133851740799521181208220372673403469760787307317705083839576
3512760378475555342735430176838597932054545971907235981663426133546906606274997
9046467557249933935994495498322945498618046413447270837820662385852168659465942
2309629065751143448429083719625684328476563169449502756231059011625175456880824
1513862435188509781825622873859192930102332831469356686927672144146910358798490
5775736329863544968928284700448803589513002489153785286399818116231733021436158
1581315722018815210655437624682058332628565448356740564442506283692881004808752
1873533305207948810957829302906422938339652068934075179804660860280253779420457
989433477812945

Euler(658)
-311284733054824529224374576953616573177209729965399776089429086246008040839144
0520925610051665863541298289157289862612586896418666340977819890957686507707274
3966459030807817102163916314865193260138120510281005843758838199464277306723770
3317739461536611385063547793115302278130091979720582285824863053392535851295779
8129005346913711918054785438149123555341279370947131036556181149891449126386056
7785773568410784137394478934084941483523341970931008132393460558327287165519423
0983206388315654686388771310704592894684413721484452219715851086534301026185813
3207352916705350952135333925160531006138519445053186121843247977117225920412798
4649024651526370153827001783407250715784752163291085391246002414116572713833126
0007504736644630936392170349507425427489499332679379614390442216836845186780638
8960169352519166155818762391492714020353296428163843629586474750112982738168465
0818346968345856543588362849939234175886050684409251617115715356871992373919215
1671390271830173153401169700525834716471770733372468752276491466185948149228801
5276119544638759022179372181326885180766069658016005988102387598576904144119236
3309641350898820703689378911623372588345497623285341500011564159620813756295271
7959493370620574282527945861867952245629392693247271659211857970475269231738150
7059836731995776337297502735243274453773689626218873387825322190151010060640838
0253232983583113458941663376246175074524760115955492905042767502588235521802967
104568625861939589041

Euler(660)
5487157389202820540761525886275921629154727304756608200949506113734818370985290
3647646638671539427066626125858260554341660232226975814731439797121042668850505
9027179494471433460255081042347288033611229247851207492571022291237959733521957
5113010217463693361274551476510663505861670988412817061378675758514561827437877
9801309833732468867817335040617258901975134179136809931724356399527256812793724
9139871599512035726858245250328186780374952083600741201420936644774724366495055
3779645039392694494732707903384782289754142084682388787054801531414531653041832
5481482481495463721992059357888450544220210453450068374404907439343446571330962
1225892699953774781559033064846481747395706555767359787024642855833569659722212
0096174481920526620589054377300093273889401275671935073479754698815981657210287
2120312472737172306360835260297510243853204496961925545163476786655734726836896
8051758072960932227239574081561534254364324927354086417523931029716650550195635
2684569737441881158098388407575124574445199964144910315806921111742341221906144
0647686897144575032456005311649347506927857882813252267935412511687335818198247
4558154981592214330900500930743708434598555048298048854139646074180022706563575
3327350798732145311262500688517172009120747514247723372676016337590988476690323
5114909194317151966652212397165231969612178710658788978787357002521367881681939
5850427169431199181243672498817728846799094432854033555539204843086265431015042
7138575755188531172138325

Euler(662)
-973121599247535804996979759460204766889783779095626857247654214247971571848038
8298785460472618617118657141678575731389934785041379835301745316875777541951242
3478165287301901881410290066863977772003624050133736862067658522342324326464568
5590040390463535113829598401822011394067352944121158395937135360916154382525772
6055089276807714033528560789522455315979440366668265322361890752477959792292519
4596620256278719285463315096314281547672975394040677346981600986226222964102695
2745497476494861055372518739337075465594452143246617880076690282141173683075503
4149636023126840207229850789065795658303377210523082115002706214166400205065660
0163618159426118323456905652024833921612382104085297322399133648420628882555422
5179233569100285665645963092206571525973234215923322383557449753360241240633401
1174553412464928650117056565285579546925578778745221692855506314863366907969130
2974049334258110328061038106186055302704170209911339312645357593733924145918328
6292477089056524755092887972146796608817604714098154489591920360158854344918195
5341706805901199804852441758320999537373857454647107104234853955045252126678047
1989104349671327248308600491814335912392791321284300199205724495424914470914874
1937603209326126558104355798765230504958968767430618520792485177767690975653986
1286534390061989977033519435351875351806872736217026829673991817612772092825027
4207237490095181101625448385615227845756717208309811859255210062140609264059612
2620499315622784663050163451501

Euler(664)
1736236835724262944002402529513237738464386971092572631621406785822067856812962
7733582665616824656687692669057267727762917220872566050106736571729490324531761
8992149457223028038760799515265925928066360628019666702501443653615689611241710
5416752445422848179751220766425379521152219264332990909738185415769057619330420
4439685207605332973978762440282284112720453566956925897351127053466535389231966
2612242892847244405395199072715744727093372880007588245092852723493602070446508
6570066292071027620124240818471262303825236979664064781838690111355439010184313
8758513136282682918203737426163414395533913512354917333567796601270958967651999
0018901853556750571214949417463693790172947142291229621861265417224495687039521
5953274275114368303600836251468348155808110150803640923761449064701084685430042
4743315725728041813116130840867961362689425830805290772665919651021201241030275
4124090469779205994608676187240835762226823787624202582680258698693855218495161
2258572084664486868601751138492847623423232473806019701435181468689951827650170
9862129356600404992338224901984273792393781535514630370254518969792784766129274
1065158467009783820894340923130531687094169089502779417541280030396816290402299
6411488421822950208559391250511602370178687658889848832345571945189740073373534
0941614222819145921430885512411165796591904874613449124350509947678946125786980
7123622487609785614319079610944987947221029604391571406871820285396851521951049
156678654589312328523734093599867705

Euler(666)
-311648532575042039787243402772197928297602735537396631808807568117800453059322
5234013565279982182754535638204057342712794418130812593097267981797324176558755
1116375239663326092107133542285297748540377980715303806310753523608778201053605
7663051087640145376710113862623957569882086847177832449334263561565219940849565
4164549726882672570112144749810761462776374347277653579304225657053316198476902
3446121220285798889939537388144652392035343107538493180665179106664330485727544
4846222710469082975798869757682759399981429995326788204556654233509584914810230
8698605613919415788781231330082568161426638113010504992221178473681227287086067
4947839300686291126852356088308138327596887118086619151228508444857728106594434
0448248737799372166561207695874196834867476396154148205100649287608015217120313
0098883885399221096292775225157353904109670040345413255709095484163593085015830
4670099482680014565005746729059560443770679029775752015852307972468066145883575
5553544010226261416030016123343490736721062378258586987690814366003369360395731
5565871210996668751631689002113792404774308169330756201027408196396605711127604
2902398317665862284096085339600814037907624557272928051588677269307058512601873
3592830074923673156047134486158289656890601469248945635445239771428698671959994
9553619441100434421233618448859522417803945351897394718836287927372326901614712
1986177614241015950089452325008874070198137766762918096775000227507353018589069
543760044902714956253346340713325419645961

Euler(668)
5627657115200244059375811937449066925177670431940433629380518657200443550803710
0234815441381328414853333241562150667925789998487157473270793738448112264999676
0916871136097195023580897265378505580106322644643401302823951570603164701060732
7799361576681753219894368235218634273344966244266470135307903698958466180612500
7754474286208348391437977651855873815152790805463371668979938784729920193788111
0773106994905059910362129899657444162659486955679843039526161033293559755963381
4318080368634410863261115550261880382079111940530902916251361808641603162011424
7302570774235498623433077687251276007417891584361791114840561802280562559823583
3380509798849547206173617438541642829986116923459953246404319173377971331081471
9061281309161993842203629382755103666748206673077663799131849361929858013536150
4971055976728962453232728701577878922330496116515073548924832943838181117356140
6614775261622383211275986063096063595420335039971407373291305267933026949872472
5630889259397815986469902756511735774399515846445376604251945899217122450136534
7644267128330998171014880205465282114361749156030256390738150819528722888452555
9353876755078095673499732201081886644608384912035346947842062619310102396620184
1642866174151530031797119670385032074189368054349717612427604955138013590792064
2319521519037290889616041164050075706653793782949547931632466033283036502541652
0186161223797630533901240253959872031336851099004121369925554025201204198583230
7122931156444216577425535699013787617744409085

Euler(670)
-102232456185084211746497875860723260544206789607481611790520629849200270016049
5441987500961427246719318960634596517172780997215942055091627878562497206435485
8101841778494862881673139470650781564086004138845641976900063122025543342705976
5182262209616005837460763050470441916324071975269390382567738305267324315661891
7860336055526714776381804326498776245023887396987682359533243605139530313784289
0539768226272460280182193856382358901542015907580120764693682768385400078004032
8558438642365660643196839912344869222346548278010567852747483482522283912945823
5539855308466479624936308025388554778722188701580668931483658404291188413855729
5008988931054766490943288563803291965219698967057831392489996088344387199717471
3572363990442410585277529696412517573864104953693704191428512087689853699374236
0637729704331926989119241737944046077968828380377714951344647600298559886891458
2544732955090850961130348483009869592932396493706604348390013371840793546812071
8543829098958594327592847273526877637967496702224559926715568536377517320770215
1313446138001016036159740977007824106530308532719839298153739116792946425977187
0626687731636050120751826158894654912062394776327851840450958608255780140590577
7176159346674366751731643240070243963272641469638291622942641751201654200137931
3059210567831390285752377112581012793226562214984540117759308572546191249062478
3207768072671986284064640907155844005167000148242734564262009984712914161864126
19685055486112329637342869502608987607650818933916421

Euler(672)
1868275136873394359363331682549091066315728209231996957644424574750935522306033
0548650294491352515553117838795037687166551365649795336088792231636376264003519
7551009739977333839244593252563056558685511696656520868943024453622008862955707
1415011047462501879232175550998753495800550563780254152983237012544161524267498
6360859670744499619061321050413881677955278687246197030315794836925687032982581
6525738888318627075713567754445404888996821392321659399531050359137482314502973
6531810882483526268243721936096070323035020040256181730788610641603884607367964
2489352984652648899188931238229681314892144095334521907759257357895038823821136
4436035174333881560164485363741662115834588570089962566107405572153530900485195
7155385461470308558884216429028760805179970203473946765559570124151497237608961
5372950967321055669346361037297195421681430586499688487889152360864338720419302
2266340049723406241383898320056248015863593726221172335026051549529250089146386
7459102377766978384651784871203662710986658844436091443364781578057184323410293
5237122099069199866790412064389342066499789668608714072737333172285649080177104
2857448191280958515556847979717430496029444794909513443199806279223060819148733
0346807060236814162729777433850662454041616589538647890687998026179324539007264
8241757421912489728357751144487701594669115756416264351832785101895915898381688
6851307628085869228707508813516216941498890392665376297402033921319047813902298
695078809431716665226858352890212966243315831577901170465

Euler(674)
-343459901409020072674822038036605608436400816792178781541810548525590176197100
8803445821120593574121042894184070765405558860963045704210882807206178459283800
1529948850141801781872895620494355577397576083717023405507514889003485533594052
7997354928269328208000877758197499989929902128908198521803597255811624990786040
8670352964145834305792204963257076074598072459842359263216099198205926032899936
2708887027334602825669344163256286695471134399836364327271066562225440180088540
3754101453664462471496034705295374669664248216718716521098741547445557649186109
5785796701949763670601148356725320655341727035578675459177341767244401667772927
1878188506199357938545487610979551003063567436307495248720685931669956758237919
5046266649672179221843481520357945005133504517864376149615748497045806020623060
7725808642913113904466606946645973713048069583107777084668654760894438377371140
5477082081032260438829536142749781672922067348792514857555445157008429520033511
9982149725983306849723480560177002258592753246002319420083530537388323527967340
4308719554370211114006751179899036023737524516039935189238801914208987469319907
5631342977297526224844270704655337492880023974317292489576142543783443599470634
7298372926596215954207314184892226434406529039093285740247472670144831536710017
5358794094056508967730458977216557993776999056623866984742033137138702355068423
3186611588473687922701237772078103907103988558173607292180183539280244628061546
749956808134020123273227469338232668148273535743583746111206881

Euler(676)
6351652878635653913081041378781311621947222157112674226646021972580700055956890
0619497824758746954921839059762608032552612673988181479627185848001619936560665
5421360004875945881197644283083073686045257807799503218172816151827798009967830
0204648001931542425192440867047520155430432280080604494378584314571802599174704
1656708316285720355405542662360851412604173752738466107603456119012321072087711
6497259947059303687121670819087301795559181168040368680621244194600255125059661
4864048603645659763309210503929788253054319183245515438861728027821236777666181
5167343590834032822962964790089308910914427287286760195197910697082937123373515
5475226888182402165259210029831639688740583975261140199448453879242346250164871
8164431882232777364744776701638509586540653173369944662240624230737269127868592
1412707446180008056240597891949031601445152263934352501354296745382636175413465
4636118231104152491154418217527524875870387558528534514974949870343635184338669
1271101345119409060509133970276115753862341556442718445012540588160574151749389
1503977541733171940095147179826448984648761515507433030233267945629768984233300
1263118287997490635405767484941429717069705384746394791321606474018431112234444
9156872161336454373591043519515439095242274585729711225198092636863397371247107
6902024041988515852414814016962292507731057316303341212502046721544627528739171
8880501461851030616587339640866415421236359325638106166606759585007017576368111
7551687946083396792366668070779017198118818879166841768212058359845

Euler(678)
-118158607487418410261222802947146060902070827695812193040844406688396530612601
4408381041254455598578022454287353683098548981625898357950937931332959505580696
6160904555239569968196615961084810096454105222158484268601845320687049947314782
3935702864887239426199811089931145015348327625466813374078228471604048062942257
3650559072855594506517879551325232169149325993808659632618660963929916045031595
1751568595361629782430063572072947329297874871679124899245210082736338039173508
6554757405340375761908269583683544080110341836335358277189473333780499261680732
1053435064483484231046236863412565132947299784830383971242694234694522235566723
1498005612091156766200085809415031445049248913126506387016445285106854925656863
3566152471649565211131105038698956039941755173625785637009520010316872236366678
0817530490997185931012469253169250390323894516218366923108084251912000309513269
4569471731656084097405785727130538601014406612983188359134050184071503123976001
1261996979726314781031811975377527946313202418186301122602895993999091990071493
1464418425769601185849692046602442497999814818106308505771257106924299655356426
8275304780925840671968857632145427654630222546159979980359820739294362587127343
9231296871499704935450256663614714926700760378338120441416869272292062119949404
4081308498856153503894451937284274137168161305334612596215992805351662874243228
2776551526432698101372108171566004969029161817572816904145716985690716221795024
24852648778004110020347803724511707969409977952059758383948149067681261341

Euler(680)
2211079189478726541698113620562631965858613071067937771064928160745071301184178
5643476206269966813446312695187916069879785270182517199439835796381975337785804
7023889328069075731015789659496742648302164116189239452149845087443440462222625
9771418860296803182271447434981815690274365754677982930525183378493133477842242
2833779757589847157055362108921560497082051915356308110646587179205827620851041
7034702070651676688943719478974097400595271688228359457522600427853386933331741
8645730966659136125159854986551812001096334408673216293051000734281483442573036
8679414019632879690732300407327428133948731776110336208885127701373399280567002
8316727823531374266304794177589460762125753451760157120653379877552071113032552
3475181437104791575808339548641297007257794355336584045605612186200860783297281
9464204957590133049988171108152290603053376474019465988392705714488938688116527
3566577368721801386828664597561205039150073002950496323602324293692918586454247
3978628533578957381419047600917787208100449467299207492346874529951713878236103
8983879422481442708460917724395889992470679678281580844258093276860786828793800
2435487087862429174653476298590881062086012879552527183413471790688320790849585
2354828642198594624014778305400555534893851282158736387937592735699687011540227
2645363486132593531047884867608543850856620987916765344377774334587138578930232
5635522598447371183104463301013192245933852287028988669426962166577662936900173
288285163034277157232843301384618309403874684983453073712302427042047157785225

Euler(682)
-416194205638691060899658604797645381339823949695215201381194028141483392071583
1304778323283511136625838050220658602132013921788580999360766239494509953266982
3287902756893233875816686339241200380250217163441500315176753644469151564415611
2708656892255303453582915840338967538563915948108121152641749911262864561570541
3884042895527461291280262048061592383301614204273303262821722667903360040626816
8515034323900769603401128285449484589541754650238875527621282224640267612097070
9198538090748591729114492065322855161608080280417524458309131573154799216308633
9917336652992026734346944872799676939743739520946777473682236779923046963950180
2451076931510564508960342729848158943677968643523668619842991988316707363144215
1739850561846348712231283291410335042793285019437562842283698453268883576634269
0622971680039673744676550395179705886434113586714318418975013450712101268950884
3991804200416988262366788134397935385962120245561124474179310545937095321012372
0550925430871822448050327705396399262828335911715277912649425144062840990470287
6535897920378573280703564302793789225377840052597414480977946724033393112067040
6529059340551773242062259777563037783973078433408083937322572970191275542152912
3051396547901721738179571078543039606823323467843939104935222786726100071324793
0728894669487793700357139610997210286381092328126007250983238917115651391650441
6753272164949552277976347497898374802307726707697897085292861361545483740875748
1195616123700062611557247081116823033555146420498402542451189391017300445780442
23801

Euler(684)
7880124533266110498131370465954717352664345230140138822768000016969838618108600
6396567371209122708071468894690347830247864949801903092620743235227231092612523
6690102480083962863143140038616479515100164898270873208117153720645509076494830
6711832995026617217215358942551125041480507899243405297500536950964438325184630
1478498759382832280604477795650863878325581143927608621018493243951819985879359
9106223691392627354154780163731445244335789470933684053947581546267142515512459
8497383723567827530990196272829224075474097015968773413793709420365574984023357
2838657363420236340639914104563973516276854195838446215745762910437032608547598
4638898272414574952269604306472416935345715816240307933973723536479378906819868
0064876731954637905563476198681794637704139960939065078065543387184678792935698
7706177945906674424996259981415262140269715404861829362629397195870051617649280
4156686888803486324110109552354579820735156572696309422123495597733580060937090
8586567788896752887141524936931636005549384081063681983805106805780023993242148
6221860881686107400376791424087781044316944579065732327678361103302988122070096
8972707899262693594620287994120530367185369665170651243732096623690268865335902
2792929848276157765852550084388169774445863389930096320465935242029198838212470
4130576700337800015023004041190308616629354918989448520013449867950919459276776
5453874037789295549666655953367040033191291275104206057641395745007871079198399
2306519812018909811826829468708456089965175776587771284203243425791435652552161
315654605

Euler(686)
-150074883204776254880191784273071844397040664102399389346223537020163202530202
4393439119195971587517853030421540903008466010027052403616050842845709567951843
5205619476174246282438151519784565826822013850297526230417520982310270891570080
6443813394473518439234679702749250844167866607816803300001680027176015596352243
4383801666476630639100436408014110219157114006603235106617848352049921407593837
8792614490471822228668656988613544595507515253415696503354886288832625691636330
3313501612741107420948356656919394961633886861399299691000311487447977614174147
6079944168682664789397525810768835548030948606433664631203022919041558298462732
4019986165655782377846885227437361836543128962576054705848421063839183227168975
1020685600835705098143614272941606543120214150676507197628623853351394006665611
8711290739092569795233417689008711912778784652148493072652725285183914302477400
5494331475562693635130216355232204298929558449093479936471395093685611670874310
9881946777555840601596990011023766703369982449275344466271244089967084192125358
9442489529816454037479196014441254785641984782232194640406542434899106381013218
9155083018168630973367932482038228537108389309354122308630598418803571911413791
3831476807348853042495423111332360036418584122110104849438808005512838218784681
7304157936920522448241963592318956374105866214386686864891119281163140928278395
7358199551949285174656813405361272008385646733689598113347504439649311974804081
3371000693542192906404203410960120422638027591540998585211033093973182386466737
6322514256238261

Euler(688)
2874838387168077398912055553692011822311109831055102410062593412707136035291342
8790560379245057483499697626808971503399418224358557508710130963235490195675058
6226533188557504655880831769682755491045645972748007364406361018317711930307958
1845418204410991511397798398575680487531736746571347601477134258892056628519952
3577189950468061624926908395725039091980782673592218880673852285158052493290944
8151801737610929644699761848848170247863942911267605710929860166176205202519513
0142445932699155501035134465084154357238899642692474131937836082826938285540383
7304892244849301173726910026328396255104342772491555184020556399019487285568731
2093087417028793224980425062225911109637732404422318459518856533206392707468096
9113177807670474465100353319827223442202134488999694469351203327718888535629284
3082310307931916950223145351678143039596192358999072332571567399339402982453274
1284931189631695460275918802823190239805319530666031663641776870852422224328382
9443974569742082676666218436243382820603978342390456488891862563354738244789867
3828968558238605403759255766757696931010874579800463731554957905647384009726212
2996399798946845528302768692541143334886351693066651627818697837946845638822987
7632498646660239686563040674383229184432934769079989903610417105187787168029060
6529646828169913881208841873661013265991015062596327472056959313237506369593629
7327253542438595306175438901434186875206212426251374390771274348643848145265023
7621107732031851578072072902300892553657650330664543136247385705270338987467693
47267103669083375985

Euler(690)
-553913556045963929263384521818616774634299712774647841333683810851039632920104
2469802408792303876852479251402600473120656541527717714670235182177568216502572
4236796055624080628683798460852488825240727496577626912832467053221728215568048
1160504311185389771777094994681636846271552528519095980429523534028370290504095
9148691258561755458083285669918763542680522840260874299731722400041433773097934
8804370361612993075216146608937134449074534989700790588518410850788135000116769
4543266600414758973059756432824092887735279563591859847324683884330498556716464
6283783888274457717158853291728856881532752712002634471762182084471490215537589
7999961933415369751483603803364550985658853855575613238702344867959928330916999
1285909132463410421394150646973620356387757075208682024009755277775201696900695
1105028855120737599280799323829054572409615954279079346506779619909125492799866
3920027251772557180639715221592973300810335215765134021885916278704626977803546
6991151697045949148016569973381802176216856893452596075320682186619692991801600
3191184828723621394840895508204666471669760982866237842218293905378851930048872
4565984972395364547168317893436021145956256969837341840097585337370463224245411
8995376056782105391421005547000076512395159724864828059847517931482556083398401
9513969703184934944848436120902909869358280894864514029266516157188848570969606
3577508571383824160334509787311087624963890880506388875719818405509931480769136
1293652026908022639500024894311508936579833092645129908228047482443195843607064
76644163933187851095048721

Euler(692)
