5725392613 5405325011 4657419224 8012182431 6985303536
3945988575 0411326222 4005410970 5194916292 5743792819
1687620492 6756847774 8603451383 9694679909 4353055861
5004279444 8311206309 0593443247 0009375367 1005604492
6556034727 4778079078 3639504518 7624483926 9798731353
5284348463 8881332304 3979277480 2201529619 2355486000
4734273095 0786780625 3076736433 3228241961 3242705655
7794522660 6569501618 9262562694 8238005695 0336491504
7116242857 9689682908 9690583637 5827828389 2895520363
2239309604 2046228781 0637658111 7827427625 3234050556
4585343287 3936828810 5558230201 5544340256 6605611991



6083312452 7637674938 3219523349 5631786258 4221341665
7482628877 4471793387 0329083625 0399594515 9111325505
0506004055 1933106785 4022140139 2893077471 0317833410
5594829183 7130769245 6979522064 1402279584 6705868857
7578468725 2894700750 8518500453 0687570783 9746663845
0736019535 7370737853 5670036258 5582066737 2433386238
3506635732 3527255029 8747371571 0495782761 9393563501
6759283674 2308538385 7351276128 8261732009 4878087312
9781099401 3720875321 8796217675 0723431042 0409830054
3075454308 9347560999 9670530062 6008939587 5398030047
8168171271 9509393419 1068331792 4294515954 3851121090
9172267321 8321181622 7957059544 7822536126 8295095486
2217231236 3166507257 2186345317 4107239765 0382647261
2065862723 3900281950 9088574096 0057687874 5913537314
6151589768 1028944673 4608601099 7367803156 1291557189
2379694137 8351231627 4075169456 9490868054 4178759792
0036554692 6344461817 7373227167 0034442667 7604609492
4812058797 0646584973 5288079241 5315639324 3441257891
7793572590 1786375825 6938063425 0443054588 2795813741
0756022875 8444781096 5427651767 0622237069 7241979180



2152291454 8339562562 2846078386 6292668106 0526376677
3584382487 3378258642 8850121233 2924720709 6075960682
7560580289 3569806800 9042477941 4480522461 4080192982
7445359142 6130067315 3997422039 8080445375 0119539726
1944848449 5199114028 1906600326 2802697095 4487165779
2318799155 2650311232 3553639686 6845302430 1596197349
2262352274 3230536042 2337560641 7777316238 5607180504
0559182350 8941421612 6043893732 0034975326 3396931768
3963974083 4087614896 6053467650 0201801809 5017901524
7573815905 1446684042 3320462519 5859647960 2895315590
7754720418 7516804221 0488273979 5248273749 6742588221
2290841842 6732735405 0629747395 6251860978 4580701322
7661151733 2515928012 5006610307 8456552279 3390661195
5467698467 0693114454 3416538587 2999911772 5534075836
2673072059 8192318641 5819683344 0775617358 7601158541
0628859025 1485970663 0256627278 1881934320 4435440594
2641747287 4446384970 8875389243 6548269542 5677051955
0050304857 3967192593 6918313224 9952382903 9519078750
0747741928 8341283393 1514360545 6554992740 0340005147
5286011764 9136881975 4058351813 0106428191 8542772397



9888911556 5442061329 5214834039 7465595374 6931767971
2605932622 7357889369 4395281403 7155498125 6229183602
8970988448 3519995909 2724761429 2738476113 4273942707
6465965860 9967512305 0324376092 5283745354 4759855871
9279745135 4560409284 4631238388 9192976387 2245094869
4664331645 8586117087 8840725956 6344648877 2838981448
0697593346 3489209208 4747933664 1147691694 8304375959
9830298448 5104669711 6761180315 7567043074 8683191350
1510866268 1481108066 2676444881 8763734119 1046301486
4339513331 6943864867 1912530511 9771222260 5129272066
2888283651 4602219447 0819695463 1978248180 6230642959
1934380319 1070756728 9113034166 6939068376 6514373340
0982917691 7783350235 1137723780 7008013449 3751248050
5007321973 8123851625 0632081049 6669536517 3928688581
3977490771 9078245297 9419561688 6972231675 2104506671
3791920865 3893674998 6314866410 1700444576 2995894532
1955986639 5809179418 5105600868 6137283520 5544642033
2754284596 0428433290 4254398613 2359098896 1610491104
0370538129 5507746816 3875576813 1629919025 0815702719
0764907757 8436021697 7227904172 8321524831 1154673779



8675348633 0097098407 1885291772 9363837896 8670454493
8022017157 4243059909 2277663302 4297441704 5007458994
4751500765 7427829025 9389637763 4935315947 8320022542
4326725184 2300506882 0208254972 1292140563 3725581581
1271047415 7018538931 7829398787 7127982748 8656715046
3224664385 5553484887 8687664135 5612761048 5824205891
8651972343 5336395723 6099480816 8173974031 1903093045
1000439618 0691234477 0855514924 7296678508 9521986109
0165524898 3577004961 9203738616 5583736313 2652345982
4531995105 9160583790 0039799695 1777069795 2469522983
6760743149 9008548564 1433272200 3498903384 0428531242
1123402100 4981624291 8589242224 3495753608 0826030676
2401546957 8806472961 9266845275 1116009590 5378548316
3671245484 8677882017 2520546398 5586500358 2350020215
0851642366 3500787760 7151985614 5256264951 5910555074
7727853798 1540632716 8195111754 1022889298 3782225453
3675665190 2512168230 1691819839 4259899975 9411769587
5215092794 6376619633 6087192509 4446859022 1362185710
4072204996 6386358712 9905305552 7028410467 7262021274
4667454521 5457723708 2364445335 7064522514 9756787051



7194800500 8025678246 0781818548 7583892258 8816417620
4903611290 4312816748 3207669348 5228577606 7934846458
6576690952 0661008787 9064301681 6753391621 1520568108
4467894159 1233741463 6821138833 7577326140 2746246664
5150989210 4406381808 3056080401 3701008907 4171937662
9584442169 1227908932 8319826772 3332127920 0768091661
0268387238 4324544206 8679756039 4826736582 0673451550
4267630881 8158558039 3191617327 5442955764 3651620151
6644668557 5937259409 7115187836 9217329993 8415788276
6022670925 2914746182 3418663672 1931122698 4236086854
5204188312 8019978033 4878756588 2710587023 7096130274
7991323482 2581376961 2170462274 2249610167 3375478801
0634085514 8662286995 6915271626 3350178980 3398273644
8774282315 3814829001 3432567888 3228760716 5110115958
7187145010 5783476297 5288743392 7458182768 6000452775
7177247880 2098965643 8529423881 7387999187 4712975874
1165413323 9155651089 0877525768 6286616807 1921090343
2650301463 5427492044 7493124652 0147323197 5770361204
5011747939 8628215253 5497202671 7908950519 5085909795
6215389121 8056487899 6785730688 4996390327 7813229401



5207305052 0209607654 6883252517 5264101355 0651450298
0213435336 5875559161 6836749428 9441214804 8659982256
1119879720 8669302128 4995016647 9523817064 9564273515
5258468462 8920014188 1385743510 6708068039 3400649398
0278204084 5015597431 1129777968 0235822043 9971891827
4081952024 5230161759 9479708280 5860032889 2886741062
4713286909 4694668439 0420120577 4106699462 1572385110
9156923759 2785586844 9397736068 8001922934 9147175801
6316525474 7272854041 1178250031 5404941649 5321147450
7549665480 2310185518 4474204933 6821498678 6738789249
5751470690 2466239047 3966302006 6157810935 7920463627
7135039469 7843435917 4142643778 0311902195 4752269208
9547968878 2548564570 7135566698 5023275461 2398823027
8689013175 7321917167 8493016365 0138955291 3159011742
2489607374 9460202948 5127985592 4507737935 6908133386
9747037415 7396558258 8573741349 0358278143 4074625542
3551643968 9046077958 3866499664 9445074756 5796993514
9351359732 0013303372 0811662891 6765098694 8072944032
9917612907 2301114046 5891138242 7272632968 5176094284
1879398026 0523956540 6645933007 8965741576 6970867192



0929452539 3155274373 5282800482 3457509144 8533542404
9182058302 1173669376 0497384227 2159134835 5204042576
1699280642 8547140193 6855614110 2765828085 7040342325
8758656946 5009202308 4983082678 4327277486 9277955040
6611100435 9764768678 6538495502 7225588542 2498613657
3631739614 8099893608 4740971764 9547154334 0623707326
5869752764 5921337429 7141242070 5112256449 4990791441
9244483283 9379138042 0636238002 9700282062 3931807561
9226485397 3949330832 5197087313 8458119857 0171002491
3652522719 8684083184 0478469364 2902511129 2751766993
9886203438 7891751726 7572217442 1453857611 0028348743
2190524333 2939928094 8839061529 4064110187 9375394113
4303171916 8526355316 7352985363 9867761635 0661196822
4723486403 4096810385 8504606729 6014761310 7402400742
6534024368 0379210684 4615341970 8080881220 7680711064
3890588634 2157852825 8228774367 5470140831 0031138429
8534935282 4935850403 6234592392 6688311448 0775467105
9106940654 7237346587 7894192487 3236437024 0202401751
7597046829 5402550796 7730984443 1798635413 4645953902
2765743203 5188431115 5975463523 3045235505 5292850636



3115240811 7678464547 1413279813 4065927467 3208354528
2276634305 9530547343 0938175037 7872317646 4890964910
4425587969 4041170527 7662970232 5695246367 1775845878
8220284605 3053054661 8172209655 0981839675 4440119356
7027827210 8335560644 6657522809 8058628703 3307578738
2108211292 1021038961 6523122848 7920328037 6653872019
5820518561 8250144240 9628366098 4633225284 1101574173
6148823414 6028737749 8491498459 0462988903 2849256083
9573991405 9102412068 4557624803 4590472359 5368839274
6190063530 0602528684 4345466005 7857456872 5002887974
0781269950 1435969649 4764149318 5049625552 1694445285
5745294807 2324330277 3655574561 0429660883 5697425307
3611130310 8238000315 8538736286 8849210917 4918033905
4828505462 7864100013 1694719989 4889420953 0864465026
7961007150 4843926206 3311711860 8612081871 5732734551
3700141867 6869219670 4885901036 2423315167 7601727174
2233050495 3061585247 9196288967 5944421346 2356519312
2194284407 1430978955 0559858862 4420173628 2607350511
6384635711 1878468347 1588349062 3342588343 6142747938
2954834126 3417416882 6028887355 4781665323 8321540768



3590968120 5488454817 1892692062 0367096536 0564089875
9284508157 4274786219 4136716994 3229458693 3049535372
2967997800 4871910203 4782473949 1797171976 7262538849
5281730513 6008922705 2430855648 7450412160 3355151493
1039641863 8089265951 9034350197 9503662299 3710706109
8032834728 6934541513 5967181506 2976637443 0994932369
5704953495 9141935272 7151418737 6586945122 3636710793
8011524216 6244941198 0044655721 2597535804 6399910239
3279770838 7184753479 9854360306 6177468548 1674302535
0911414225 3635633838 8354354468 6001108638 4802147927
6315847935 1071062272 2123289000 3040085551 0346076806
6519552168 6567189181 3348506806 9377003906 8701376254
0552466849 7671014459 9349618422 4689804170 1860235101
9649901337 7865083234 3686944378 2163920218 8508599658
1311126588 9482917734 8973611017 4739245996 3978823770
8464359325 6464055446 6354564506 2781650789 1000060357
8958471411 7881140014 7045565792 4684793389 8590443560
9519395598 3048411907 0859683908 2696964630 1033129195
4054835663 3470754825 5971622409 5724560789 9522751374
3172920432 9442145717 5702111966 4927329504 5892435115



4224989284 1829309680 1627909990 1439100065 1606646547
6572330384 6462439511 3830677701 2416199103 0939928940
3981160616 7420760338 2917593065 6604400871 6224229486
4120927680 0548402635 4604602128 6431296861 7604867685
4587332459 0490445815 4468976001 2917675937 1782877815
7463447497 4431747224 5714178249 5933265895 9901232631
6543180978 5578257753 5504957177 9819902461 2577728494
4635352521 7033433931 3436451383 0425898151 4773623679
1994181688 3285991871 5721722876 5199470314 2482487875
9641163100 8191276660 2885664731 0961164666 7671189367
6347212909 6300869239 6234207088 6293386312 5561287340
6534679097 4199382881 6638506027 8732800485 0544918201
9933787113 0829493390 2544408454 4528311079 0671755781
5800938675 3600386035 5768063981 0642357510 9973318402
8068507709 9666201399 3830215705 7490439491 1543830905
6158300113 0141099139 5832903258 6958376761 9707448919
1132631216 4098184347 2560087662 1115969513 3389046258
9050402103 9716887529 7634115653 0163761401 7241741275
4156775733 8515633409 6892443014 0617974975 3717442566
4734934545 7924696799 3011026194 3376364486 6753756108



7691613043 6137483304 7944122595 2612415148 9816998076
8101848189 5780038325 7633878043 5311856971 9951740840
4042921573 2071789387 7089593155 7022742728 2658161497
4080133206 3433840086 8902388939 1833314200 4515961400
8986112156 2924364169 4725431356 1701811792 0055959285
4391833343 6945191945 1431715413 5007420063 9050607167
6581905824 2162028976 9684409055 2454470012 8188685814
3549545420 5566898387 8624483207 5212174109 4873647410
9157860409 9102585558 6394013091 5517560027 9765865384
0756823639 7358347233 6482553352 0524772296 0881930540
8210532813 1130488092 6255044062 3955759039 1944317141
5265275408 0895298657 2630716340 7322439503 7998714881
5126244606 3128138524 1074143597 9408576657 8525169438
9927465562 1805886920 6623250449 3702921288 5127459270
2137674834 2927777412 7189221554 0626833008 2860090179
2187538294 8629150162 4540724777 8866998890 0709805056
9250698581 8373901350 7639436541 8723293031 1836581686
3336447793 2900707857 4510611399 1480911099 7127929438
4939136701 5842418969 1093862380 2725764521 6678140223
6132290468 0977248778 2686418812 2877993432 9767071638



7056951199 0189632309 2458999902 1797571313 4517425936
0325136902 0883958608 5467504777 3229290628 4648172031
9507281491 1800959505 1258134475 7157055467 8484436237
7691481917 9984052906 6771547929 1174266933 4885856708
8139473448 4862143811 1159547544 9852804057 4225069514
6472008424 6244722993 2157922646 7217881452 0648208302
7693611921 7385236785 6740962791 0852342295 6090632666
7104802881 9226371390 9073768444 8093184449 8969929310
6036870095 3087272410 2621367887 0697269856 9734002280
3635047552 3688004955 8697359039 0206919312 8307071061
7913556767 4215877257 5982219129 4318645745 4772051328
9458782737 5775210307 1194255451 7528858363 3445935800
5524008931 2099188257 0655486639 2314480862 3744145953
0559003065 8095292440 4261767525 4206771033 5536849552
4654643577 0101789796 4163130386 7495239610 8289032577
2448991862 2996519842 3278274995 9589340831 0312932676
6102724108 0737954628 1880763426 9861761703 3100934680
0830651834 7713287054 2549962326 0325011619 2827302129
9349341397 9963426151 2648506347 3483275913 6317868247
2894449321 4660618479 6505730406 7187482841 5191474168



4169089722 9561606700 7281977661 0831141061 8692743573
3553564627 2541437940 9813463832 2862433641 3347897889
0912641531 8730406053 1724773810 3537082669 4106544406
2266129376 6233632590 6138381976 3194013039 8985582094
8209539186 0248199098 9664862713 5664987570 1497953400
6764478586 8204910762 7096977570 5491508796 1976919441
3901594125 6832679426 3957901827 8254556896 9968032231
7815897782 2565761387 1677013214 8021155272 7673111734
1653118922 0384514736 9902316477 6475938806 0160755374
8338232854 5825950629 1023936001 6544735394 2982876682
0737121927 5299907369 7440811342 3720201314 2340450525
9316972775 5905856570 0313202246 5479086657 5834512665
4568263055 4619314754 7187391279 2397211846 9217783762
0063262466 8145632249 6877656028 0104550069 6828152865
7542598234 8340092647 1012832843 0643025697 6526446941
3502706214 5831911049 1793194143 4930177034 8702633346
0168710291 8360837412 5327587763 1540223039 5628877684
4723280302 1429872949 4647493950 3146491804 1335142023
9388152487 5937371592 8383266003 5406428953 5416985061
9922353038 2921861048 6918255269 0255749889 3197784720



6199198050 1797226224 7637181445 9796413713 8462079820
9083958821 1870480155 6318520813 4305168523 7415842174
7814580115 6305831176 7877089770 9425691536 0787809113
6284354824 0228283945 6580419522 0130311977 2279659598
3884093635 8355901185 7427044826 6505634384 2162536049
8340854389 0402854304 9268993066 1353029562 4400202826
7343672871 9262079402 9735061796 9254101291 7537626608
2539682218 0621641812 4621731189 6733474309 4220887670
6063054671 6996314182 1559029243 5137843643 5063226209
3120680143 1691638497 8101227107 1502167924 7205626346
8706739088 7567539442 4482708382 5087882653 5655819744
1663577849 2417631881 4836216441 2222323635 4993894299
0784092165 0996112353 2512011031 4233835506 5493889092
7596110536 9398083023 8610371304 7566762605 5583092784
9435785197 8563905347 4326745056 0490940770 8591886510
6554530081 9826445252 8174087746 5478991615 1163487539
3067419302 3342758365 0496415686 3538834492 9702698830
2128385075 0117307225 3194741218 8603060660 8665654771
4244902618 1091509558 3074276082 9485811035 2011070330
3058709257 9512353389 2215724742 4785671676 7883589737



6761772117 5130586934 3355367649 0367437388 1704440543
6987385939 2664944715 3503815259 6325055300 2049067646
2445852260 5213931219 6299705782 5503270457 7980448589
5607020990 2153446695 3706842845 2178214452 3866710469
4081075061 6731747856 9718979427 8788716052 8345042902
2122439834 3390694767 6464131458 1807048184 2165818603
6693764098 9433649381 4267999197 1798152335 1084157064
7616502760 4538632999 5224430338 9384486986 9487964925
4150996947 6646546897 6921648614 2392356827 5318509654
0881335332 3603150184 5430918115 8979530096 0882380182
2954836466 5073083461 5875373909 4675311255 4261080409
6592752714 5627225527 3501217657 8243220128 2217368454
0188340911 2563696058 6741735441 8830302910 4229540931
2139163251 6652716281 2140200393 4852462926 7702533556
7801321211 0007468751 0492729215 0677332824 6340543305
1464110169 4580152392 8106487165 1193748496 2847145205
9228602216 4309227073 2911314850 5514626087 6549103696
8970857811 2513994774 8938328842 6598056121 2183161153
0304191551 8697722069 6407051706 5583074542 9556802055
8606479198 5611372083 2021397337 1589718010 0934195299



2408631804 1862299694 4159001484 4534898620 6796450530
7736118399 1361144007 3059304205 7496786395 3731729127
7835848215 6291480030 8429891763 6403425821 9775859099
8861542291 5064881854 8939194649 2442442707 3460653662
8241104380 6874634642 4452489217 2700800269 8896840097
7049906879 0618994349 0599879123 2993931686 5429778734
0536374108 6041168212 2328032144 3018450796 6819142023
7115246394 8220177093 1427298845 5433627298 6473983606
7619735520 6465441486 0620658273 1163150571 7724208876
5562487222 6829266602 0371485112 1462441496 4999515202
9735696346 8957934911 8486138732 3567372723 6286722956
9307022272 8261893624 2091446834 3426468002 6607719950
2216509365 1912429912 9890949673 4886916099 7557084153
8563266979 9928723106 6968120038 7350435700 1390292512
4556125259 0033221973 0742628557 7090519268 2914207816
0159206846 8518949602 6803241645 0232179784 5493500368
6853112007 4399878675 3531880447 3478513954 3177396060
0553611144 0635364216 1812602126 3865730946 9059325590
6397219492 0380562876 7882874309 1909615406 8691521231
8936278924 9870124538 8290743083 8160748627 3896787745



3782363709 4678891160 3417540455 0891697540 5922739404
9266623912 0406468558 1911120898 7613022144 4569725686
2545295013 0411217199 8091066911 5415746874 8584959986
6199083983 7817126331 0681533641 3320408361 6858950592
5150168276 8475240163 4734415535 7829189499 2138591091
1224831818 7172194868 8386571304 0482947774 2444060109
9690156383 5237827612 9095967481 5107225829 1813299828
7427054987 3596774842 2085620675 2067159942 1809118851
0214643881 5360796234 5415092134 0343006129 9786868257
9602938497 6591871270 6805152707 1418619605 7390318885
1282433872 6837664102 0767175712 6610927458 2233522905
1299485282 8161359254 6990669160 1850275940 1681624498
2303860880 1382424988 3069963917 6230939613 4854599451
7800671078 2255193242 0508739012 6795497844 0156989887
5079123165 2774721289 4791531731 2845796906 1288370019
7518951091 6690850679 8567605165 8730747998 4144568492
4921279790 2881242410 0884088477 8373159193 6132045482
6303567474 9277565413 8559987303 2159054076 2951436378
8522298669 8185149670 8348605274 4652644981 7637532110
2923062590 3686358567 9948914924 8808960412 6511073389



0966344359 3384412495 8326982682 4276010209 8965945460
4773652398 7118017518 6513673393 3944944267 6775423211
9108230942 3728968680 2203474395 9324862376 9437410866
6028201747 6556319495 1087225889 2022152498 0324583927
1724279586 6773783806 5801661372 9297771184 4665025011
5258124073 0709630180 4069407496 5568499308 7263042183
0015704120 1379224567 8731940258 2131094546 1093699749
2226185837 4651973232 2036812782 1679785482 5403853579
9586852096 7119563235 8035567447 0587232686 2792820603
6487179366 6055944117 5390180898 3779028084 3442247968
7088565952 7161278836 3404327608 0005804509 4816137624
1757342033 9477986303 2236738284 2571940605 8354743783
8904464154 0657909999 3185608124 3084635339 6799172288
1263788799 1600338337 8858845547 1982316793 8893362837
7732064114 6617025954 2085088518 0512900843 1630715043
3107539545 5419907964 6509023164 4288344740 6871971893
5466735649 4568123543 0496129888 4537609297 7089319942
1463048220 7660235398 2432157616 2548761284 2541210616
1133133648 8224541324 4897545356 6265349142 4082249134
0206617500 7211269430 6124966341 3321878554 6802945912



4917217464 1038186713 6215145716 4950732198 4896957276
8726883643 1105360442 7157154289 1366815712 7442833213
3397633430 0050812739 5671874826 3504621039 3143243199
7549195809 0961365625 7002432016 6580709518 8730589919
7870679368 2952440485 3420238652 7588450776 2927871463
4221930150 0563804572 5131759401 2285611355 4368542010
8182371586 9013394106 1317832929 7920410991 3274541054
7130717453 3004723383 9565461871 6344570340 1855604718
1381578089 8159470368 4942578682 1926363634 4774282218
6059642474 5794721701 5002581733 3302273204 7386573215
3469489387 7232700555 6946006475 0620414873 3161156862
2852690741 6880934990 1746912760 6927198938 5055648400
2433703265 5975293686 0238742696 0159164509 5650888549
0208984849 8876250095 0696676359 3812316977 9034511780
5540667349 2287980647 6973399138 9207356808 6405247056
3221867382 4785071644 6114309809 5494880924 7373180071
9660589269 6476743801 9702682241 0328865611 1365849274
8669631268 0737684133 6743444843 5491569475 8172853359
4401006332 2752305783 9938753032 5507216780 0795954106
7981610512 8701235325 1890481593 5617217032 3986252992



3914117857 1556013166 7449541431 3623225134 3090938117
1389724401 9512308210 3278926583 6285024029 5904940492
9415327768 6423597978 3872458059 3951390567 9556048902
2429600734 3177928261 8475193395 5564593715 0468756199
7579743169 0153572144 0668758086 8655452485 0048273571
3085317312 4413579232 0993581940 0847803553 0266617899
9034001645 0047094910 1383340177 2294629926 5642334547
8810460564 7714030170 7861814478 1116162479 6255323924
4068009690 1179092285 1352731479 5503645016 1301300382
8067884533 5633911351 7314102426 7843977071 2448559939
2643077445 6327190903 2088393518 5236603305 2369976131
3173348345 2682577284 9605743916 7155395158 5295633300
8194184226 5634997617 3206683909 9307221655 8028540545
8697118901 2219660240 6694608294 2278143215 4324365761
0175020591 2960184367 1261833291 4534588474 9623927097
6581693940 4028638746 7768485985 9221382070 3486498305
2250484391 6857753454 8195511374 9471895212 4618141523
9902153365 8511335253 5414111656 4403339910 1481716030
5596064373 4286803239 1003140709 4111326232 6323998396
9953761922 7136973500 1483985838 8497144816 8151714974



5907959017 7449277445 1113062728 4201316358 4376417920
9332924316 7440055461 2311429161 6263976070 6635603860
0656083714 0438303004 1343474639 8954845945 1126970333
7758329055 3364122253 5927524973 4553483337 2325862570
9633843342 0359664089 7285644317 8958761351 8100942754
5203740088 8010727884 8188959516 7231262118 9125001920
8737338613 3650137343 4886404252 2520017704 6207266882
0070446561 8473896823 5564714710 7826826300 4521490432
4105536355 4525591842 1354196865 1137397886 6630975008
1425643198 4740377591 4587895906 0984574260 7885786320
2314402576 4605246372 4839202431 5470427111 9003189042
0403338170 0098642286 4341807477 7777983442 5559893089
2290697457 0187202046 8182941675 2491348559 9606198009
8948447489 1662876041 9800602597 0012736569 3936297540
9320859454 6675623408 0461501354 5821550863 2072266038
9340137673 0576253406 5551698152 7778559929 9882419464
2665167687 7611917362 2270209227 8336052507 7048070759
0718034363 3570756382 8365968139 9539076072 7068181365
6575919866 8375105461 1521808378 1191964755 4096709582
4956017828 2456727368 5631218502 0980470362 4641761986



8271774847 8222463490 3278108854 6314151737 1814329792
8832562499 3711562971 5737390115 8363108704 4860251030
0496946914 2583869370 6512037704 6630824216 4894433580
0059686873 0214852492 8795382422 8610007364 2036496791
4869424254 7730644728 1042550872 9193419606 6705256450
6409608790 0244040642 4731141356 6099006514 6788809327
9138493846 4806546101 7890562764 5635564452 6787973176
6008564598 5904575945 0452936327 3229140340 6240934385
1631402526 0021020853 2500280314 1809837523 3896395830
7623736733 4254811893 4277189269 3033982841 2036495177
1760100346 7519208158 3382936321 2820663131 0891456020
1482252304 5528829442 9174005143 8913118279 8098198484
3229029838 6962825148 7394458203 9109406532 8018875407
7209490747 8611791577 0017190387 9128063762 3661744014
4045207022 9245232045 4057628069 6579308502 0398121837
8402067202 5012026675 2955313083 4943534719 3634177273
4063602625 7960313651 1978554856 6937284640 4204684892
7715778043 4586776100 8528960736 9314413346 4873773525
0159245211 9765975459 0876950206 0561757819 3591077403
6258357653 6008089376 5328137084 3694390227 2298653222



1828843740 0138825811 1629715534 5756740321 4986097554
2868865798 7436900949 7050979860 9377027835 7223388331
4539804939 8921017143 3582618967 4003122527 9973033645
7106160728 4968264026 6823477045 5830154585 5748271713
7243584709 9486137265 8713025494 0244957385 5889966053
5370903389 2511454055 5812456929 4137888271 6519900043
7610796725 7280599874 8204798956 7855938858 4994834696
5194930897 8149972776 3473305857 0717902709 3568227576
3063930497 0229663395 5287633799 1307858593 1420781133
5111432012 1026019873 0421670626 0143575841 1797707904
5808380884 9808816662 6185358835 5924200630 5302464346
2899230820 3070806494 1073041567 5977100775 2398558686
7594573174 4767094556 8426890385 3112849498 8018144774
5665050961 4898991517 6299241642 8780004741 3850804520
3295305391 8409768994 6319969559 1278676949 3195927336
6205430918 1205566924 6215274078 6651432352 6592070708
6787955864 1686045277 5357502074 8767143337 7060119129
4031585743 1076777779 5213590261 3080828983 2488394832
0949988456 8307672417 5929943034 0209439932 2708275483
5738850741 9917136940 0498798586 1942344627 9608414447



3566520379 2829531701 6335118153 0293127230 2543562910
5545863957 7778022116 5886661126 9335740729 4436145574
9056372007 1282544811 3557834029 0160485176 0524329698
1355027471 4705263542 9352648136 6238869584 8981951679
0476124747 4468008477 2588713945 5273671088 7847508425
6882598396 3683066764 7664513308 2342995384 0637149396
5512602596 4126916639 5532942221 6277976078 7495529174
8568842182 4863746324 7477832449 2983235440 2571567607
9286742595 2849433898 9676434365 7548230757 5478403350
3696537687 3654980223 9878011920 3544049128 8268359419
5397184364 7255409053 1421055666 3207320463 8848382768
3792610550 0380573953 7940215136 4136624967 4935373241
0440434862 3823362492 0495354428 5790530654 5277265072
2034659290 4432022017 1632423583 1378351252 1095764152
7412446577 6261675436 0947097433 5640076904 1436221806
8299355151 0913855657 3734119489 0321845622 0443877152
7004821101 2761208140 7824526498 8636103832 6508480852
5295149522 6355426460 6718445430 4265338266 6861006655
7716951714 4295655590 5423681933 9387175320 3864115522
4288474087 9638726559 9650354531 6017872842 9959062489



7569431465 7253297995 6564427538 1025956667 2558761130
3086354595 0868484208 1702309037 7601073137 1062342933
7807454750 8237856054 9479876902 1390566558 5892860091
9904560260 3206378272 9076155397 0383110180 0844901121
4811927779 6748391027 2882057559 7820535088 3461500219
0348376576 4631105684 0142504210 6378331650 9790934725
9499426617 0452072326 9101718680 6893159895 0080623997
5869483897 0524161223 0171728940 3904669984 9427213392
9568126161 0046509028 4562126757 3941439279 5031958650
2350481104 7168563578 3540426485 7212754026 3881287194
6209203813 2546481161 7031358676 7106436587 6605516551
3311331702 2718232156 8773621958 4821685646 5284606970
6619054395 4014065106 3097333651 3811963331 6594903039
2164270853 5422804979 8026714911 8956364251 7489134412
1426361554 7808921452 8367082216 9402598711 2632114388
5299391696 3048048178 9296298820 1123807490 1305294249
2948016114 3533023900 8067065721 3781679719 8568613029
0301299399 4451249846 9010019891 9360598279 1697305147
5943464960 2883328969 6608150563 4505660937 8129236133
4905857805 5094564210 3530907360 1958446371 2165073198



2015642422 0132684566 8774183233 1024731921 8685156434
1203271703 0573066078 5175385097 0691717079 1725285511
7436278713 0160095220 8920242405 0305756402 1537273695
9266799747 8107072793 7239123557 7709346828 4756010763
0127913119 9539176281 8615943038 2077839824 3261731966
3133362063 7934967687 5089524023 6424692319 0454167386
2358360482 8374392788 6654775948 5902892040 2019395937
7065673211 9490991043 3528551798 7140350203 0760557820
1914838828 8094649648 2084241766 9924567583 1226247807
0390557653 1412632602 4292243620 3719532918 5547180915
9644318568 5205788235 0103091076 1280604457 0442514799
7589608880 2812599786 2387743549 6599049296 7322084497
2443458243 5036897803 6518490995 1214229401 5669174534
1683830903 5284779643 0676086115 9976367872 0495505795
6365166938 3452102120 5712467189 0236358379 0833911908
0206899596 8969901881 2232185525 2869348573 6518886301
6045294102 8179736080 6895495240 3606648894 4683485357
3711706079 9430547192 1648759431 3141269759 5251661025
2290957537 5509509337 1854490007 2907676126 3467652916
6464558037 1533060205 5347416205 5566838087 2331011456



7060821971 3601991166 9601177265 3512414405 1093620360
1001758405 3344689875 6534900244 7580184990 2851129056
0362815437 2796762883 1238165774 3751766245 6404578370
4964856909 0428184674 1434107660 7549841146 5742153343
7962825237 7393517758 7703994255 2131816901 7399018616
4214135439 2779733470 8765973694 8171010331 8186376892
7283763660 2301920591 9792959179 1482244163 9403180414
7790028285 7125177644 8410593156 4467536330 9241579702
1262648130 4280838933 7706723982 2865434173 1736481424
5629661807 9313695325 0911287546 9498015503 1799451669
1228413844 6463087410 2798782095 5877346176 6677933200
6361614129 9836112387 8526984496 7622494946 0162224198
4818828441 7597250896 5043238838 8267762115 3869449072
2314080038 6409667479 5565960336 5865500834 5015746681
0037154981 2154559177 0828552690 5878274626 8018954840
9854806477 6732259308 3364643266 6789519813 2303438478
0554257118 9332448803 3710276608 0664261976 8000401457
6819261412 3421421090 8378826034 8803987158 9674691868
1275950354 1904068967 2781395132 1988421183 2561094874
7352764866 4367133593 6837371907 1671361534 4289207252



7305707780 5616065916 1544235891 0784646554 7369563439
7073722178 1859123010 9443692313 9522030101 1367407345
7059526133 0293674379 3212040615 9970890681 2035078623
5412780541 6826582353 7425938569 6643576271 0973540865
2303333957 4924977199 5346662569 4281212119 2667488866
5256315169 7066072400 2193962668 4282515447 5614963579
3336584523 7724099687 3579532275 9190097974 1551721334
8453335786 8142287399 3851902093 6782740215 5999142045
6446438381 6000999065 0537188148 4938160865 5035722706
4177438662 9751678966 6554999878 8957217902 6230908454
4806465185 6930925569 6453172241 0894516454 2679676181
9728832958 4139351338 4459604167 2854573991 4150804959
4466135343 9845014276 1805422096 5984867109 9440825081
5132392521 3606951062 6733736792 2332214259 9523022293
6409047664 5961545055 9484204881 3114413172 0464692670
4975974905 9935116920 4390276051 5744667739 6870803247
8040634377 7841672502 1988849435 4098282116 0007277291
5050759869 3656847220 1694104618 9444582618 5511600415
4945106281 5887248514 0345190055 5634666152 4473749607
6611357787 4837400388 6293884886 1019502812 8078179274



5034958405 7529284529 8389091576 4913247310 1056333147
8134640265 0462629156 7537790921 3724782897 0031963259
6891251330 2152465612 0543583762 2686092820 3077741687
0045904352 6358174946 3672455178 9784931750 6753904640
4160336384 7240546498 0750039300 2457661071 4660605719
4951091402 4823273526 6912214960 1607089722 0722054628
8100387307 6229689062 1526297111 4289273463 3921437857
5838167995 7096512975 1212882470 7622937565 7213489062
3618601418 9959500029 3934330117 4633003329 7290783402
6382527837 9605300004 7355927546 8487189299 7206561365
3375153747 7921962495 5179692200 8557314794 4574288225
9242287677 7321288598 0653704654 0246199387 2964993594
3563230213 1108482424 9501800675 7189398611 8972621824
3077831783 3445857036 1181609413 9763446516 2725658288
6168782130 1342558907 3818405734 2227527909 4401507963
3506963068 3158584259 5975834413 3931666799 7304805147
1042051621 3562175409 0487773302 2739698065 6495900945
6956985365 8432083562 0615934529 2542418929 1617305222
0979352465 7122706640 0541353921 2620953741 6070259881
3126795666 7461709323 7174052362 9631960893 6529844425



0743022804 9766416403 8282925713 7163603061 7625967249
9571761536 9585248664 4931720109 6085345723 4236254503
8544414412 7163847672 6283333081 8958559364 7600616352
4985906328 8744503255 1137768181 3053346646 6995015477
4932420985 6865935049 0106211412 9914177309 9804599788
6539985559 9720886527 2973882165 0877480019 8668603163
0561230114 4493319357 8407633418 3313859772 7323452702
1265265772 9626488462 0440503237 7509270264 4091599212
6524862677 1659965913 2457154139 2540015381 1699661401
4497922059 8528654631 1988145874 1918733755 1855095811
8710196924 1766429242 3893754945 1631594772 4531101984
1450800876 1556264407 8821720935 1125934261 8446830352
1073794000 4183828936 0585440706 5172644916 8857872854
5265072810 4911722412 9415223468 4844898973 4965331556
9393268554 0211665594 4907515310 3970832462 3445957019
6856432675 6803854451 9358687335 1496819597 6960082012
5379900840 0105463352 3364189127 9605446876 3570371065
1413568371 5512448361 8491925094 9941414462 4632178459
6766719116 4877674448 9599464431 5839584871 8188466274
2027844189 9928803275 1244966696 4867934589 4132986023



3034829288 7626063713 6445807371 3401017269 9240031409
9962898759 3282399732 4878713822 6525474190 3488221774
9819545570 7963780042 7801458791 9441189077 0714358011
0302662454 2936251505 4346165151 9860793423 8562390664
5515459086 8997009872 7578338564 7691033468 6388994289
6361916953 3138310635 1444319469 2997895215 0427343027
4505489128 2240465675 1683738409 1737414843 7318197118
8226411967 0295140010 4844973686 8836048926 2885407453
7124601578 4688794778 1317083920 2770185008 3959940135
0787510645 3561461548 4503534678 7490153402 7514090183
4645675419 7604548330 8692169390 2489806750 9229922940
7155069237 7787826669 9123015899 0938081337 2850555299
0599347167 8423507867 3905803655 3895201811 1477155275
1613837266 5668705503 2514568315 8295906535 7006080657
2699022721 4337914923 7524221958 2555155273 9047664151
5242308413 0932793556 1940500532 4441453950 6109491632
7038715303 7015281008 8754080933 2947909865 9178396540
8974119198 7143734113 6512716438 2405244158 4288769757
1497711414 7142795082 9588702992 7924683321 3370515267
5643942311 3502628776 8903446466 3632184445 9217157587



9241131996 3298754131 2018325222 6786967899 6413293411
3176366538 8968320511 9163622399 6373640065 0624218691
9822306441 9813515321 9731985910 1563625698 6218174854
7088883782 2021617101 4912432492 1653238655 7690852747
2547859682 9812494806 8606644449 3519183037 4836655081
7554225733 5268514038 9878650300 7040289933 4381972301
9614734086 4828347612 6073019822 2686144117 9898436755
8389159008 4699913140 5413831939 1816564308 8434978829
9151717429 7486490963 8389673430 6517121736 0275453757
8343113521 7215018269 5929149322 7874737425 7245721360
2566263841 3895262627 9302130009 9661963003 2325220131
3821884482 2215385253 1276767630 4855187006 8314684039
9268185487 6538405638 4831921002 4722319166 1009134395
0767855513 8370482142 8491510169 8975339078 9756323399
2177890388 0476336813 7484651689 2263571623 0718406415
6632492410 8669239676 0121601081 4456092321 3374291457
8448806124 7863773882 6410208618 0249513057 3388369415
8508782319 7098151586 7117095173 8802867958 0151067880
4493390248 0689099052 9195328446 6968288254 5529207870
8090501661 4853675330 8133690700 4801338828 5854616540



6413320250 6938355963 1742436588 4064726157 5760099347
8411408406 2998236648 2357485543 5335905053 6126274282
0018784805 2953044769 8632263662 7829632741 6370115311
1823408178 6739876610 7281273257 7851392113 8076815418
9444041763 2946304900 6186478075 9891264283 2572998735
2871612774 1833680517 5637941952 4402321288 8549117741
5065311168 1836226989 5319004959 2292508376 2608050033
1743338563 7848674958 2231058631 8894073980 7614496920
1791751393 3532988588 5343364499 7913001657 1286809999
5155763688 3579690344 9984723426 0419431859 9122046582
7495644137 6367770216 1143127001 4347716120 1646483213
2927118257 1328791058 4135786193 1189374595 3236310239
1270889013 9129091665 2719237745 8686417036 4801203295
3287516120 1291706095 9270907773 5616740193 9117441244
7124601417 8496797282 4936614589 9072550082 4349970890
9680963641 6891569620 8984519256 2671934304 7171456304
4323998155 6886935433 7262302614 9800352837 1665135912
1693178382 3097964852 2206285418 8473486939 3594384325
2998753765 1192492335 0991966689 3106839343 0992917742
9112608797 2830433166 3875840237 0220112172 3945611447



3365412763 3402705845 4177857748 5248631649 9991704854
7694843205 3120929273 9986610752 6313197643 3765380295
2214163742 3602372218 5067791138 8725805767 7755437425
3574423899 7963358197 1403227793 5613974470 7119461141
6517615151 2388236279 0564886358 9472686057 3344797283
0925709439 1377951656 3058538904 1681689876 9258083650
6882500936 1192610789 1124270988 1222693468 5319851706
6371742046 8096376655 7289364171 3249386443 3405288735
2790255086 8995093761 5120464984 5093084820 9464606417
7940775927 2735187506 1493452818 1767517108 4502365204
4236776815 1326743193 2510951920 0587674918 4930277695
5965409812 2539635771 1694671126 0602360694 3945721364
8076464990 1663784374 8410973573 0098749733 8721557269
5976033113 7128831583 8030624903 2383304861 9521149826
2358667333 6359436081 5330962043 5231806990 5867253166
7967198977 5739671985 0563320391 6276929612 7845043250
9302784936 5575704663 6650050423 5380700021 0433790543
6545267691 5632116230 7081538667 9328752803 9918102228
7966754927 4141381460 0656548508 7779489944 7855050889
4914805288 2658768844 4566272939 0819614400 6839830805



2403725695 0641143899 3318116637 7016307519 3044500215
6616091239 7787650073 8743398612 1377676316 3799499160
3580029425 3941509361 1828779256 4890199706 3611511833
4377322878 0513781700 6854618939 7707800275 4504705746
5744096115 1865016887 2167815808 0161854864 1080898632
2233409912 4749225808 1118532699 8795736203 0363601202
4863397052 9467124019 2398688862 6998354310 9200456227
9169984416 9883212018 0955945505 3488532617 5425495363
8515063118 9625309217 6652916582 4315900458 3496939706
8765865424 3281945647 6478537355 2515306898 9109796668
8781002569 8390687113 1921425419 8866419286 6687545377
2443176144 6354156657 6287140553 5364287851 8017662196
4712668996 2431948273 1009397417 1042590552 4374968733
3036596872 1460188999 6692802582 3050002504 9474319578
8736177439 8118194129 4800460295 0542736866 9231007938
3355277975 0038359156 2081647286 2995161814 1511824304
8649558704 7642038715 7706452758 7236770808 1805904084
2352377577 5754008846 8775611166 5813925119 3567319094
0209614289 0110964899 5715039720 7159050424 7857829641
9139818646 4569806900 3883646798 3679810123 7694632288



8360915854 4301049426 1487603503 7990344177 6859995675
9933050225 3234765254 6889955258 0628931781 1721823163
7950877845 9343728786 4151446387 3034437300 9824804924
9554003322 3434378058 8846442656 5167111725 4089024251
6568074345 7602957148 1282240947 8460558543 2107534563
8218480483 7562589157 5170601371 4681964216 8971776054
9530199246 9530239019 9614826260 1706284818 7963579912
3969700159 4441468677 5318564583 1272547174 3944500821
6298283049 3756959752 1339743912 0310652126 1696229281
1787214991 4975372547 2129306870 3850875650 6150275226
4203373041 2161623496 3978809943 5270804166 9332272183
5932242791 1165736309 2546649671 2499296143 9907500009
7635710205 0913521721 0267487838 1800459683 3106999955
9077825546 4891283674 3394515824 7815280574 6103415113
4356381056 6377035487 9809403265 2665484582 4868458290
6755643586 3245918075 3460775801 6958399758 0648813770
4343413010 5968843929 9179317417 4742867125 1433132551
7759566739 1206113546 7364831151 9793542086 1547222832
7585604017 7338917321 1141862365 2027644917 6308259943
0939167130 1603555506 6396640063 7699177448 2383984045



2727764172 0112291229 0611855951 2750665064 9835460296
1029657475 4375906955 5507510185 9350758837 8946923408
0884424210 4044351784 5101844946 9776602243 2572757633
7213826673 2831848510 4191372257 2799003023 0195198814
5702121716 5722765189 1902737558 0323980856 0285417910
8696330380 5028305825 4155207922 1546755099 8816607126
3796669062 6696222880 4105219437 5553599347 8632239333
0880742944 0316363392 9743184574 2947964530 4848126672
4296055477 8937241659 2547542572 7294818303 5852407989
7060138339 0192188164 7311557850 5264328106 7107830425
3827862550 7357514417 8094379451 5208769644 1803929450
5337106958 0028806009 5926155424 0429538493 9223669282
5186545787 1541550543 7681721619 4941624398 0236697017
6458516822 4184823494 9856122612 2052594069 4686843355
8288000423 6042671649 2051983003 0400639082 1604948418
2231793780 0187897147 3265413916 5969414662 8544607201
1663385275 5083190003 2819349165 0079157574 2541572642
2107319213 1424033453 2607660005 4088324224 3039536428
5170101907 1959689962 2216857242 0582700804 4884586616
0085246854 7117664403 3745417169 7257316643 5712993493



8871819929 1759466318 1328648661 8479719449 3997567376
8896889421 8741250518 1286522654 3689028478 9523945318
9075978183 7842937386 9271123324 5224027048 5501136807
1301499127 5390637656 7761950408 2472945779 5161472517
8334058293 6314389374 7277449678 9651364811 4070023132
7461989829 2467466885 5898433555 4557604277 5737627609
1205804848 0271999849 5539526723 4262697175 1222462169
6901278008 1098444425 5359151750 8360950391 5428095603
2294024501 2534448001 3590713294 3742644076 5715671941
4139579192 2713654100 9016170299 1031998657 0525840925
7998434141 5907909404 7612707383 0478178955 1094730906
6257504993 6351422786 2650746766 5960409187 2737225477
9472975212 1567356857 2609788566 4645754101 3819301847
8212336515 6997722636 1516999711 6230814735 3868744559
5345401386 6559999562 5362468346 2963168340 9797550456
4050102772 6108378785 1820349370 5332792138 9434083704
1728605351 6274318097 1964185158 1334638617 8640580852
8993261626 7479202822 9007798061 4873787741 1733583027
6131207960 2560784881 8904686228 9627843902 0499837036
8536881027 7112776491 6480789399 4443904092 5075904833



2890872832 4142449335 2364630816 7981840710 1984769366
3055389540 2873674490 3373984749 0758595035 6060720035
8784504301 6881102144 2649884729 7177449594 1058452003
8230125316 6078708859 9066303712 8041215289 0785515342
2131215471 1394784386 3137802569 3727576221 5857679289
1521263000 6697169938 4726344308 2846306827 8319532124
7975797640 3014368143 7346152646 9198950210 3421817625
9365978453 2667602506 6744884671 2460966866 1730097066
2524501769 2278852056 9067359008 4316041245 9284748056
6894697818 2767794755 8847010378 8134571631 8817494428
9989298716 7278685725 4665536773 7283112444 6176730408
7523506505 4391728319 6198305056 3809001407 1189077122
1329209083 7662204930 4967945786 6788418100 3586373834
2709135352 8093942551 8198079349 7854644802 4964273686
6843355216 7080896583 6820495433 3674108689 9344362297
0414443439 6109886127 0196212361 6829423893 5804471970
2097389199 2082302323 1464235056 7106499113 6035773195
6388471918 1976988071 0058067038 7057250153 0190615358
5559014641 2669669192 3629059503 8548687337 6121913721
7442714461 5555267452 2825740005 8034707483 5030814855



1071539938 9168383731 1092750205 8170195123 1311776778
5184487776 8726804213 9392860342 1323899581 8513277666
9365598180 6455715585 4038012159 2971267768 6438428537
1888091790 9957308068 0102254116 5164298547 9859780120
0530325322 5752499741 0354310883 8019843220 0235756740
8273306083 9664255593 6595175830 5161534971 3443826367
9902877179 4289082660 4259749491 1477071422 9702525112
5860603900 5296024025 4582624832 5755757561 2161312795
8128121568 5384085591 6278057092 9372466124 3672058886
8157679076 9303505178 9575639340 0311125929 7972535777
5442005699 6640220213 8347356603 7691695441 3189061916
0614468251 8131601766 0986167723 2066349745 6046509728
8265951275 3972733368 6941755084 8721788938 8640618398
4600371686 8968509185 2298344657 7551641562 9814905434
6762684211 4452483994 1312303852 5805184868 0195708892
2618832522 3553643687 3645834791 4690356787 2259825575
9755960216 8145222994 9197379268 9788065727 7499602061
8312361912 5984229997 4459179319 1907004469 9554058436
0693267316 7089261261 7013398426 7188893421 2498755699
0243059505 9536766540 2753307550 3094906893 3593376555



7321753833 5664890410 7287803731 7426730961 8140745156
2072125983 1472457483 0121106609 4797879629 4904381332
4270611655 2697331798 1222046734 2712122664 1381929147
3278943660 9182787888 2764146146 9764222050 2911444841
8441381849 2376352771 4914690697 4336080814 5042927657
6158754217 0524939409 2838637329 4735778423 4240779548
8209531262 3534027550 3505710289 0394313368 1481995153
5661092447 7427046999 1167237898 9551639046 3749839660
3242741993 1139442903 9057605907 4155553325 0655482151
7929225476 4254508718 9622131135 1669933045 4312000074
7182980065 0638738989 2625648905 4397396866 7943212705
4939232744 4279957173 3635910633 3484418514 6953429812
8089686874 0832375408 0262605943 2986205629 1817544122
2290018402 1005925843 5570500116 2633413891 1164722410
3293543067 9924686315 5390027951 3923299722 2766212995
1309940979 5053020739 0559581191 5124333040 4078852497
1092537241 7474301388 3031797018 4410857045 1357681512
9153624429 4925037526 1611011837 3210046518 9614678269
7244426178 0434649844 0708181946 4885701556 6472912494
0018323157 4748921227 2150548567 6173310551 7328675555



5513727525 7228070158 4444306909 1168420794 4852719275
1675238846 9452014058 4365412441 9006882995 7459005435
7430805615 5946524228 8193127203 2923409249 0339765471
4651811131 4592519057 2580493515 1124366891 6540226006
2755458017 6117435281 4314894999 1614671893 5238144336
8464042767 2953871675 2608133950 9875962077 8572778924
9855982834 8232891772 0811777733 8346633424 1884922791
9805296830 9263756731 8470970487 2233707624 7583698147
1774211480 4321363094 1487254781 4926308746 6784789524
5556100534 9890788889 8459211841 0223597827 3731652128
0197485413 4198697705 4395388749 7390145741 2211904805
3900855254 7517769182 7060709796 7712659724 8844196823
3810582599 4352982382 6723631734 2426715578 2964601050
6831004613 7927489065 6030763632 5981027936 6112357062
2546093038 4592230956 9944746489 9594352803 5957281220
7359002148 4674876096 2849701879 8980716170 8718601131
7039698435 4371096843 5176649247 9554420274 2247063771
6000357522 9427613743 2881027737 4243763384 6548182324
2545858652 2993701908 8847477674 0026800100 9673197266
