4826375270813531055708180496424985846461
4797346759931594651478702506527108350878
2350656532331797738656666181652390017664
9884854560549613002157761152558133961840
2706781490035025287682360782210739710233
9146870159735868589015297010347780503292
1540143595952986834046574717562321966405
1540147795316746172620872730482063465246
9109953327375561090578378455945469160223
6876896414259601646896471063480741099285
4648235308354013233292486403731800319520
2317476206537726163717445360549726690601
7111767610477749716668901521638389743117
1418062222234571856794150729952620108620
5084783127474791909996889937275229053674
7850205000386300365262188006709266741048
0602734199775666002942794109040006465428
1074454007616429525362460261476180471744
3228899532858283977621846009676692675812
7030280651953545205317353680895458990218
0783145775891280203970053633193821100095
4432412441979491929162052344213463956538
4078120941621483500115588361842116428399
2454027590719621537570187067083731012246
1413620489265556681094670763865360830158
4761451258158856961003033708119705834445
2874666198891534664244887911940711423940
1159869707957459463371702432684848646320
1898635282709231304708921568475820775303
4387689978702323438584381125011714013265
7693205549118601535195516546279411755939
6794795881033393541328970252889353374810
6257875620364294270257512121137330213811
9513957564191226851559624762032820387263
4206622734786822303652201965572932590506
8134849292299647248229359787842720945578
2673299758538185364423706173535176530603
9680108789949050665449154457795216603855
2398013798104340564182403396162494910454
7121048394392009459146475424247859910969
0004654137109163009678595156394733219093
4511838669964622788855817353221326876634
9580591237612512030109838678411957258877
9920604126004986589502724713314676372220
4388398558347770112599424691208308595666
7875319424651314443899711959681059379575
3215552420465941008141835112017419685343
2672343271868099625045432475688702055341
9691995453009526443984463843465988304182
6293223929561261004588464424428501155155
7765935780379565026806130721758672048541
7971578964015542768810904758995646054883
6298914022658002613415803948035797101900
4151547655018391755772677897148793477372
7475257438981587050407019682151012188260
8804008455133279516284128067967896557016
3917067779841529149397403158167896865448
8413190463683321791150591078138982610262
7197969682641117991865603899389541892848
8851750122504754778999508544083983800725
4314688429884126160426822488230977885564
9576542401711451039392798029099760490442
8832198976751320535115230545666467143795
9319152726802782102415406297958288284663
5562358098672563820056521551995179355106
9127710538552661926903526081367717666435
0712134539837113575009758544059395586617
3782829712054469318226040167030853091165
7973113259516101749193468250063285777004
6869871772552265257084287457330398597442
3063975183720997533905509588362364281449
3247460522424051972825153787541962759327
4362788192837402531856685450408939294010
4056166686766440286821160729483030523646
5560955351079987185041352121321534713770
6676813962114438916324032357415737737879
0883826761845875636102643518295181539245
5211729022985278518025598478407179607904
1144720414760917658043029845017468679812
7758497173173328730528113496959166838787
7072315968334322509070204019030503595891
9946666520375302719237642525529103479503
4381635772169811546432924560895115873201
2675424975710520894362639501382962152214
0336210654228218767395801212864427885474
9192897695931576689198730517638869846150
3354594898541849550251690616888419122873
3855226999768226096450075045000961168661
2917109318028235504255365399716605475390
7348915189650027442328981181709248273610
8638015760072406016495470823313493615824
3512829905040540533399257707132101150371
3898695076713447940748097845416328110406
3508048633935552384057355808637187635302
6186797172560815532871643611147487510703
3512913923595452951407437943144900950809
9328721532351959996167502975324759319099
3801296864037978355355907135570836994731
1923538531051736669154087312467233440702
5250069180267477250789589034488566730814
8729946480778649770936196938929089171822
8134002845552513917355978456150353144603
4094412115120017386972614667869337331543
4100758751490829582275691935054218410644
8264951943804240543255345965248373785310
6579790379775050314364746514224847688313
2347976267368985547494427794991656010852
8257618964374464656819789319422077536824
6611104276719364818363605341087489710668
6631880502655592956812395968044929516661
5409802610781691689418764353363449482900
1259293668405913700595269149344218618917
4214256107189684662633587441497697392156
6392767687720145153302241853125308442727
2457711615055505190762762500165221662747
9625742442542054678576747819095948650057
5711016264847833741198041625940813327229
9058914864221279680429847253562372028878
3005178853973790945526513514407313004986
9453403245984236934627060242579432563660
6405975494712390923724581261545825266673
0470231935986652337885624422918827843644
0434628094888288712101968642736370461639
2974856167800797799596968433677303524830
4747824066992827714006903166070995147315
4191919911453182543906294573298686613524
8865005747802519776074426607983002915730
3052319905218571862854368757786091572692
5232573171665625274275808460620177046433
1012124434092813146597602213604162230311
6775008596012847528925946334831240876674
0128170543067985261868949895004918275008
3049989264720349869653633262109198306214
9509587722826081556670215569348463407977
6879525038204442326697479264829899016938
5115521246889358732898783362678193617640
2368171460649518550878059663535469878820
5094762016350757090024201498400967867845
4053541300504824049966469785580026289318
2651870871461390952145498799230043177950
0489569529280112698632533646737179519363
0943996091763545687990028145151697437175
1833063223294219913213761450641139126983
7128970829395360832883050256072727563548
3742054978566598954690899385589184410856
0511151035436747781077850057271818080966
1542709143010161515013086522842238721618
1090431831637960464315231844346697999048
6533637531929596772608085345765227471404
7941973192220960296582500937408249714373
0400873769880687970380472234888258198190
2564408684774976750899916415350216022396
7816357097637814023962825054332801828798
1600469103366024159045046373335974881199
9866399561717108991180985119761648649923
3594328274275983382931099806461605360243
6040408483796190725421658694094866820923
9614308381730362152064229783998253369802
7039931804024928814430649614747600087654
3055716726972591146319906888238930053800
6156800773098441606135584370127757346370
8822073792921409548717956947854414951731
5618281763439295702347104600882306375098
7752139122341954847119698230316954446804
5517922669260631327498272520906329003279
9729329068272046476503669697652276736454
1903163988743304222632202132536817604416
9612053532174352764937901877252263626883
1078793451941338259963687950209850330214
7230760337544234687164722379550779413030
4865403488955400210765171630884759704098
3313061095102941408655740710746404019373
4771881533990204703674908435930908635477
7210564861918603858715882024476138160390
3785326601858425689141091944645661626677
5371236599283248186573925142949855514151
2136758288423285957759412684479036912662
0153084180417376989637590025469994541316
5934198562478071443497720199170266538071
4107259910648709897259362243300706760476
0976904563415765733955495884489480936040
7715568874728845183810606903802652831827
5560395905381507241627615047252487759578
6507848945473890965733127638529626645170
0445962632793463772115102854547231288003
9058405918498833810711366073657536918428
0846558989823492193152052574783638552662
0540070356131026040514507932592579822740
6012199249391735122145336707913500607486
5616573018540492174771620516784865079135
7333633425768598836125272025094401943067
4728667983441293018131344299088234006652
9153857637791109557080006001435799563518
1159676472507566836772605235293977301634
8235753572874236648294604770429166438403
5588464223707601117748210796259011802655
4886899518123947062595425458449134020340
0196442965370643088660925268811549596291
1661686120361953192532626622711081421498
5613264646721195480114245513394638238590
8540917878668826947602781853283155445565
2659339124878856395046441960224751860114
0523918754374252658168500305230187709615
2411653980646785444273124462179491306502
6310629034027372604799401819299544542972
5637750717270565927177928553719554743385
2182309492703218343678206382655341157162
7886039901574952080654434094624466346532
5358157481402247126061897306086055906508
2163068709634119751925774318683671722139
0630930610193031823266664206281551296476
8531386101867292188934703934207224555679
1239578260248978371473556820782675452142
6873142522526017958897591162387208075805
2722103132744475408331921513593452696139
7220564699247718289310588394769170851420
6315571927036363450395296043628850885551
6000837197352638383899678918460032707368
2083234847108471706160879195227388252347
5063808116060908401242224314761035633289
4060928243012546201380603260812194287684
7907192546246309055749298781661271916548
2296443172635875245486075630206676569423
5534277461763554923181745615918566806168
6428714964129290560130053913469569829490
8910039912590882903487919433686969426206
6294694851493147268892357161503240554226
3391673583102728579723061998175868700492
2274186290770795088093362153463038429675
2560436960611019384272388310758777165359
4778681499030978765900869583480043137176
8329548717526047141130648472708872466971
6458521877444210090009091618981941345630
5028950484575822161887397443918833085509
9085660085431027963752474762653530315586
8451512028339664054749694634398628829195
7510384781539068343717740714095628337554
4135679554246646013356636173058117116460
6271785407889849533432910031598567393230
5693426085376230981047171826940937686754
3018370155575408223715380378383833427023
7953593440354945217396032709540771210733
2936507766465603712364707109272580867897
1811824937995404770083693488892209638142
8156159561093181518370113510479017638359
5168144627670903450457460997444500166918
6756610358893134838005127364111573045992
0595547112244390319647664276103816428591
8037488354360663299436899730090925177601
1620437614116166881281782923823112217458
5023808073372720490888009518188957631410
3157447684338100457385008523652069340710
0789559165498130372929444623063712843579
8480987196414308514687852503312898931950
0645722582281175483887671061073178169281
2424836137964756924820763213564273572616
0982514244526251595251487527380563315096
4052552659776922077806644338105562443538
1362589418097880156773789513103131573611
3602604789076194559182028936577011641688
1703644242694283057457471567494391573593
3537631148302466687547275666530598197468
2234657869997229179241615604355766518338
2167059157867799311835820189855730344883
6819344183059870218805022591928180477752
2388440716789478041470141465107358045202
1499197980812095692195622632313741870979
7313208708645522367404161855907938167456
5823435303728330950372902242980276845155
9528656923189798000383061378732434546500
5827227123250314207124881002906972263111
2906762908095114575806027080609280150440
6139446350643069742785469477459876821004
4414534380337597173847772320520653010378
6132641882358603656905477334307091175915
2582503029410738914441818378779490613137
5367946548933752603229062776319833379768
1664172108314055186413330222478711851181
7036598365960493964571491686005656771360
5331924231852621667602220733688448444092
3447094856802790589419182996946772445626
9443308241243846160408284006424867072583
6610114334042144736834536384965447010678
2731316953843591912044028394954195687445
3676459875488726170687163109591315801609
7223820497725773074545629791279061775316
6325285720585876637675428291793354992367
8212008601904369428956102301731743150352
2046656750884915930259266188165810087016
5849945649558685562820874724831835151633
9189292646558880593601275151838235485893
