8271686445483065466339752560796159358308
2140002195161134233705835911154521729372
1664061708131602078213341260356852013161
3451368716009803787125567661439231464580
8565208403974421735274481374121527747520
2259244561520365608268890193913957991844
1099715883127800208982759358981064821179
3615795183793702674145140090283306446620
9280549839169261068975151083963132117128
5132574349645106814796947826197014832043
9220614010952345320926931176229813942204
4308117317394338867965739135764377642819
3536214678374361361615911679265787001377
4812784851004144784541646456849660669913
9509524527949914769441031612575776863713
6346444770067871310668324178715562817791
2233907784127518419316118815588722967674
9605752053192594847679397486414128879475
6471330495435550447902771286900956433579
1340512737557039180682234471816793932912
1448449553897728696601037841520390662890
7812182401412993685904651465192091986053
4778857684269653845944570016975842253124
1268031418456268722581132040056433413524
3021027392137884152504757045338780024673
7857147002108731469325455792313475724364
0544448132093266582986850659125571745568
3288314403227980492741044039217614384057
5075028860842353696671519166851042800174
8971774811216784160854454400190449242294
3336663383476844380726243073190193635710
6744736341369846732852260557012645012334
8367412135721830146848071241856625742852
2089091045837273862273007815666689142507
3345637325956725335431617158653333984332
1723688126003809020585719930855573100508
7715337374464652118744817488687106523111
9869111405850349223915675546214246755049
8676710264926176510110766876596258810039
1639483978119866155851962164876959363989
0450038325804105442059548285995523906575
8108017936807080830518996468540836412752
9051828137448787696395483063850897561464
2187488927129489039802562304681217514550
2330254086076115859321603465240763923593
6999491804707804967644868899809021237357
8045704038082077035738758852597604243460
8851075199334470112741787878845674656640
4719016196335467707140905908269542251964
0944631954765865303210472380462524997191
0690110456227579220926904132753699634145
7687952422445639730183112914511513227578
4132037622586245822478469666978594791498
1610522628786944136373683125108310682898
7661237826975063430472632784537190244479
7097501739683121449335729079164877991508
9163278018852504558488782722376705263811
8037924778355400181174529577473397140123
5201145990198475335843486129709292852942
4139865507522507808919352104173963493428
6048713423704295727578625493659178054016
5253633041069203370469109309758878293829
1296447890613200063096560747882082122140
9784723016806008358123369570514546501812
9269436457835781560850330339246603955379
7630836137289498678842851139853615593352
7821037407330768184330408936244605767060
9618829452917136294096759250763134863660
6011346115980434147450705511490716640635
6887390206902794534382369305311334409013
8139284916350748444907682838668747666361
9303412376248380175840467851210698290605
1961123571888111507236073031585066225745
6636674072066899906132062779399411280575
9798332878792144188725498543014546662945
0796707076881350222305805622259429830968
8773285678897149462388827218464761815304
5844390967248232348259587963698908456664
7957542001959919192407076158230023289774
3974811269047654625687368435222906321788
9227643289360535947903046811114130586348
2445664891592113822588678809725643516464
0436432841607624776611434988031979223053
7889671148058968061594279189647401954989
4662329621625672647390158186929567656014
4424850182171330052799555131253984991993
3907083138030214072556753022600033565715
9342831826509089793508696989505426358430
4676514566899762798960629592511976367290
7762567862769469947280606094290314917493
5905115232356987153971278667180775786719
1038036899144538148456268260400345679824
8689847811138328054940490519768008320299
6317570430114850873840485918501572643921
8741459246461740473527525050678399227312
1600117160338604710710015235631159734711
1531981987106161098503757589655767289040
6038716811431308417289371081741276458120
6119054145955378853200366615264923610030
1570446272317777886498067007235988895287
4748137219017507470000557110817893035489
5017924552067329003818814068686247959272
2055916279022926005921077105104481033928
7899128682070544897997731969557437452970
8195463942431669050083984398993036790655
5415960993248678224754243617589443717914
0378716816618909390024386203861000136219
3667280872414291108080291896093127526202
6678819020855957081118538361661288487295
2787514320295639329591050834968702906069
2838441522579419764824996318479414814660
8982817256904841843260619462542766936889
5354073236342830218969494776612607834632
8490315128061501009539164530614554234923
3938062140077792563376193730520256993190
9978940439084744359697205206599901782853
7676265683558625452697455260991024576619
6140375378595945063632270951224892419318
1372814166842701309605073457865904790424
3852086508154491350136491698639048125666
6108437022947302667214991648496107468032
6158335258035285827579903858409166761887
7199539888680431991650866887781701439663
1768155922620169913966131537380212941600
0690694753343167780263220722626588184275
7216055461439677336258462997385077307751
4738333151014683952964113973296724579335
4039013610739524568624300809672046099554
5708974893048753897955544443791303790422
3460377687292360013865695939523007680913
7776884778974629969948994901614186613155
2200856673695770822720338936659590666350
5943300403637625911891956915616261227047
8869651035606274842310060547209143706947
1661080277379848576543481249822444235828
3298135436451240922208966439872019979456
1903039732725461782313636337592762265630
1565813545578319730419339269008282952718
2521388551265830376304774906259955149259
4310530747890104300987658081650814486260
7975129633326675259272351611791836777128
9310531444716688351829205143436092924931
9118024936605179148533042104389977301926
7686085347768149502299280938065840007311
7678954912860981123113070025356003478986
0065380508453257243155365442206766135233
7408211307834360326940015926958459588297
8456494622713008555942933445207270077182
0639888740474218669770934964775817368358
0193168322111365547392288184271373843690
5266386076624512842993684350826128813673
5853629387379236992883704790048472224037
0919885912556341130849457067599032002751
6325139266942494856923209045968977756767
6268422476812003327957705939461318525235
6456291805905295974791266162882381429824
6226541410672464872161743513173976971222
2801010066817878677611982596153764364182
8573481088089988571570279722274734750248
4390226078804480757248077016210646701669
6510020265437126004664193554616583894595
0143502160890185703558173661823437491622
6690773118001211882997373198910060609668
4119326607516545274182945954118927726419
2546108246351931647783837078295218389645
3762363048580427744179071691463565462012
1512541866488539616154205515237500042679
4253417764590821513675258479774465114750
4384605963258204688096677957090446458846
7384748163804563518818321038659479820437
6334738389017759714236223057776395541011
2945234880983414766455593422094020597334
5233795630944144669822245702636711949328
6653989491344225517746402732596722993581
3331108317118072340443268137372312096690
5241185673489739223415275070795413745346
0386506786693396236535556479102508529284
2942277105930566606251522909241480570809
7115978345835117316820412964596707063330
3569271821496292272073250126955216172649
8218957909088650853824908489044217555309
4683205563631643189391762626993103428948
5184392539670922412565933079102365485294
1621322002511937952724803401331352470141
8219561841905576103019019952164745973440
1211601239235679307823190770288415814605
6472914817451053880601097875059255371523
5611229018128471013791721512466742850006
1818271276125025241876177485994084521492
7279025670059258544310277046369110988005
5431245722968383698047086404170601096696
2231877065395275783874454229129966623016
4080547697058214171286363296501304165012
7815639779963195741262763401113013508272
1772287129164002237230234809031485343677
0165449593807506342852930531311279659452
6665196042635040645486254338377220942848
2543536823186182982713182489884498260285
7056906990457909981446491936545632594965
7004468901104992393921808815562619183440
4362264965506449848521612498442375928443
6426120042566286021578011404678796623392
2819080457762410907648708740615707048665
8398144845855803277997327929143195789110
3735300198731104868956562819173620367030
3917971064630990628548370283611848667221
9457621775034511770110458001291255925462
6805374277273788637267830165683510923322
8064990845917962030569156680618082658692
3920561895421631986004793961133953226395
9997495267988010745764665383774004374636
9513368567136255318405463847519164673794
8743270916620098057717103475575333102702
7063173956124484137457827343763301018534
3849745023626573319174244656778749966500
0938706441886733491099877926005340862442
8334504869073382793484253056987374694973
3336426719196899284953456104571933866522
2471536681145666596959735075972188416698
7673216493318989671829786579746122165739
2240485690022532416036780532999092543896
0169901664189038843548375648056012628830
4094213213002061645408219861380994627212
1432723445780681992582320285139823711892
6541234460723597174777907172041523181575
1947935274564429846308888463853810686217
1527453161230316570584897431620983140132
6306699896632888532682145204083110738032
0527846692799840031378789965256351268853
6843555962059805727895175449869421932697
2133205286374577983487319388899574634252
0482133375525845710566195869320315632994
5150251919455969123143757999113830165611
7185508816658756751184338145761060365142
8584278721902325981078345939707382251471
1187831154087577756002066412456229323911
6606733386480367086953749244898068000217
6666748274269259686864337319165487177501
0634360830737628161398410739241003719675
4833838054369880310983922140260514297591
2211591485059387706790687013510298622075
0228772112334562442102471516394125125895
4337788492834236361124473822814504596821
4522535500359683253374891862786783594439
7904159804399212488984866079504501170116
9092519383155609441705397900600291315024
2538482827828262233041513709295021921965
0837471469784580555061591453950643731640
1173317807741497557116733034632008408954
0665416946657467357854831337701336289489
0439767002586300254063526400660163171288
3920305576358989492412827022489373848906
7643853399318786080192231083288474598164
1770126408907855177783013161616204979277
9670521847212730327970738223860581986744
6686109943830499604374073231957844732548
5741623973885201620238478425616351259716
1783106850156299135559874758848151014815
4909373809333940744557008420901559038534
4496212836831368737516678051308259459977
1257467939781491953642874321122421579851
5844916693625515693709168552526447207865
2797146647676032847133298550194568977275
8983450586004316822658631176606237201721
0079222164101882993308084093840142137596
9718597689704275904150094659525276348762
8135867117352364964121058854934496645898
6518265456343828511591376315695198952302
6288179495997154522125066746117439488443
3312659432286710965281109501693028351496
5240828501201908310786780670618511457409
7078756311761074642883559391598542167311
5153096948758378955979586132649569817205
2842910381727212131386815655244281098711
6886274396802188558151536753121837411997
2919471325465199144188500672036481975944
1679508874879344167595983619600109948387
4470907910409978597465611245985197215755
8134628546189728615020774374529539536929
6554490129530972889637677133538424297153
9417954717909558012013421017515093149166
4699052366350233024087218654727629639065
7233414550059039138902536993171559171798
2306516267974471185795150657386850408822
9934804445549850597823297898617029498418
3762552587574553031129919143411094130882
3811444306884306265530560165880140856102
3324210300218460588586954418502977463085
8584961300372381903251622255707299757107
2730606607291692297803364704884095871122
8045188511908718588299514331534128549297
